Seed 1/10
Train loss: 2.8643,1.4367,0.9091,0.6811,0.5489,0.4583,0.387,0.3313,0.285,0.248,0.2138,0.1858,0.1618,0.1419,0.1243,0.1093,0.0968,0.0865,0.0757,0.0675,0.0612,0.0547,0.0492,0.0442,0.0403,0.0372,0.0338,0.0312,0.0288,0.0265,0.0247,0.0231,0.0214,0.0201,0.0188,0.0178,0.0167,0.0156,0.0148,0.0139,0.0132,0.0125,0.0119,0.0113,0.0107,0.0102,0.0098,0.0093,0.0089,0.0085
Test loss: 2.9061,1.5144,1.0197,0.8245,0.726,0.6693,0.6197,0.5962,0.5755,0.5539,0.5502,0.5366,0.5311,0.5309,0.5191,0.5248,0.5216,0.5193,0.5229,0.5258,0.524,0.5219,0.5242,0.5226,0.5208,0.5216,0.5218,0.5251,0.5247,0.5259,0.5268,0.5285,0.5297,0.5298,0.532,0.5314,0.5352,0.5343,0.5372,0.5388,0.5403,0.5404,0.543,0.5448,0.5451,0.5461,0.5468,0.5483,0.5507,0.5516
Train accuracy: 51.3,77.9,84.2,87.5,90.0,91.6,93.5,94.7,95.5,96.4,97.3,97.9,98.4,98.6,99.2,99.4,99.5,99.7,99.7,99.9,99.9,99.9,99.9,100.0,100.0,100.0,100.0,100.0,100.0,100.0,100.0,100.0,100.0,100.0,100.0,100.0,100.0,100.0,100.0,100.0,100.0,100.0,100.0,100.0,100.0,100.0,100.0,100.0,100.0,100.0
Test accuracy: 49.6,74.6,79.7,82.3,83.5,84.8,86.1,86.1,86.3,86.2,86.3,87.0,86.5,85.8,86.6,86.2,86.7,86.4,86.6,86.4,86.3,86.6,86.7,86.4,86.8,86.7,86.5,86.3,86.9,86.5,86.6,86.5,86.5,86.6,86.7,86.9,86.6,86.8,86.7,86.5,86.7,86.7,86.6,86.7,86.4,86.7,86.9,86.8,86.7,87.1
Rank: 100,100,100,100,100,100,100,100,100,100,100,100,100,100,100,100,100,100,100,100,100,100,100,100,100,100,100,100,100,100,100,100,100,100,100,100,100,100,100,100,100,100,100,100,100,100,100,100,100,100
Seed 2/10
Train loss: 2.8253,1.4246,0.8935,0.6706,0.5411,0.4475,0.3815,0.3281,0.2785,0.2413,0.2078,0.1812,0.1605,0.1381,0.1215,0.1066,0.0941,0.0835,0.0746,0.0663,0.0593,0.0528,0.0478,0.0435,0.0397,0.036,0.0329,0.0307,0.0281,0.026,0.0244,0.0226,0.0209,0.0197,0.0183,0.0173,0.0163,0.0154,0.0145,0.0137,0.013,0.0123,0.0117,0.0111,0.0106,0.0101,0.0096,0.0091,0.0087,0.0083
Test loss: 2.8743,1.5353,1.0435,0.8664,0.78,0.7185,0.6813,0.6593,0.6333,0.6245,0.6059,0.5991,0.5999,0.5939,0.5916,0.5926,0.5903,0.5838,0.5927,0.5936,0.5931,0.5944,0.5942,0.5967,0.6034,0.5982,0.6023,0.6099,0.6093,0.6104,0.6159,0.6142,0.6131,0.6193,0.6184,0.621,0.6238,0.6246,0.6294,0.6298,0.6334,0.6342,0.635,0.6404,0.6404,0.643,0.6433,0.6466,0.6499,0.6496
Train accuracy: 48.1,77.8,83.9,87.7,89.6,91.9,93.0,94.6,95.9,96.6,97.2,98.0,98.4,98.8,99.2,99.5,99.5,99.7,99.7,99.8,99.9,100.0,100.0,100.0,100.0,100.0,100.0,100.0,100.0,100.0,100.0,100.0,100.0,100.0,100.0,100.0,100.0,100.0,100.0,100.0,100.0,100.0,100.0,100.0,100.0,100.0,100.0,100.0,100.0,100.0
Test accuracy: 45.6,73.7,79.8,81.2,81.9,83.4,83.4,84.6,84.7,84.3,85.2,84.7,84.3,84.7,84.6,84.5,85.1,85.6,85.5,85.0,85.8,85.7,85.9,85.8,85.5,85.6,85.9,85.6,85.6,86.1,85.5,86.1,86.3,85.8,86.0,85.4,86.2,85.7,86.0,86.0,85.8,85.6,85.7,85.8,85.9,86.0,85.7,85.8,85.9,86.0
Rank: 100,100,100,100,100,100,100,100,100,100,100,100,100,100,100,100,100,100,100,100,100,100,100,100,100,100,100,100,100,100,100,100,100,100,100,100,100,100,100,100,100,100,100,100,100,100,100,100,100,100
Seed 3/10
Train loss: 2.8041,1.4086,0.9074,0.6908,0.5568,0.4645,0.3925,0.3361,0.2875,0.2487,0.2155,0.1883,0.1636,0.1438,0.1267,0.1111,0.098,0.0862,0.0765,0.0698,0.0615,0.0554,0.0503,0.0458,0.0419,0.038,0.0348,0.032,0.0297,0.0275,0.0255,0.0238,0.0223,0.0207,0.0194,0.0183,0.0172,0.0162,0.0153,0.0144,0.0137,0.013,0.0123,0.0117,0.0111,0.0106,0.0101,0.0097,0.0093,0.0088
Test loss: 2.8544,1.4916,1.0358,0.8614,0.7705,0.7058,0.666,0.6439,0.6184,0.6051,0.5982,0.588,0.5821,0.5724,0.575,0.572,0.5706,0.5643,0.5608,0.5666,0.5636,0.5641,0.5641,0.5659,0.5623,0.5662,0.567,0.57,0.5743,0.574,0.5743,0.5777,0.5793,0.5783,0.5818,0.5827,0.5862,0.584,0.5881,0.5885,0.5895,0.5948,0.5965,0.5973,0.598,0.5977,0.5997,0.6025,0.6052,0.6062
Train accuracy: 51.5,77.7,83.6,87.3,89.8,91.2,93.1,94.2,95.1,96.5,97.4,97.6,98.4,98.8,99.1,99.6,99.7,99.8,99.8,99.9,99.9,99.9,99.9,100.0,100.0,100.0,100.0,100.0,100.0,100.0,100.0,100.0,100.0,100.0,100.0,100.0,100.0,100.0,100.0,100.0,100.0,100.0,100.0,100.0,100.0,100.0,100.0,100.0,100.0,100.0
Test accuracy: 49.7,74.1,80.1,81.1,82.7,84.5,85.1,84.8,84.9,86.1,84.7,85.7,85.2,84.6,85.5,85.4,85.3,85.5,85.5,85.7,85.4,85.3,85.8,85.5,85.8,85.9,85.9,85.9,85.6,85.4,85.5,85.8,85.7,85.5,85.2,85.4,85.0,85.5,85.5,85.4,85.3,85.3,85.2,85.5,85.2,85.5,85.4,85.1,85.4,85.2
Rank: 100,100,100,100,100,100,100,100,100,100,100,100,100,100,100,100,100,100,100,100,100,100,100,100,100,100,100,100,100,100,100,100,100,100,100,100,100,100,100,100,100,100,100,100,100,100,100,100,100,100
Seed 4/10
Train loss: 2.7439,1.3806,0.8874,0.6775,0.5461,0.4552,0.3856,0.3329,0.2858,0.2486,0.217,0.1873,0.1627,0.1437,0.1258,0.1116,0.0975,0.0876,0.077,0.0696,0.062,0.0568,0.0509,0.0462,0.0416,0.0382,0.0351,0.0327,0.0299,0.028,0.0257,0.024,0.0226,0.0212,0.0196,0.0185,0.0176,0.0164,0.0154,0.0146,0.0138,0.0132,0.0124,0.0118,0.0113,0.0107,0.0102,0.0098,0.0093,0.0089
Test loss: 2.8105,1.4933,1.0422,0.8706,0.7663,0.7073,0.6681,0.638,0.6256,0.6121,0.6019,0.5906,0.5848,0.5873,0.5802,0.5863,0.5756,0.5805,0.5772,0.5813,0.5815,0.588,0.5857,0.5885,0.5861,0.59,0.5911,0.5942,0.5948,0.597,0.5969,0.5977,0.6036,0.6033,0.604,0.6085,0.6086,0.61,0.6105,0.6149,0.614,0.6183,0.621,0.6208,0.6215,0.6258,0.6277,0.627,0.6284,0.633
Train accuracy: 51.1,78.8,84.2,86.8,89.4,91.0,92.6,94.0,95.1,95.9,96.9,97.8,98.3,98.7,99.1,99.5,99.6,99.7,99.8,99.8,99.9,99.9,100.0,100.0,100.0,100.0,100.0,100.0,100.0,100.0,100.0,100.0,100.0,100.0,100.0,100.0,100.0,100.0,100.0,100.0,100.0,100.0,100.0,100.0,100.0,100.0,100.0,100.0,100.0,100.0
Test accuracy: 48.0,74.8,79.9,81.7,83.1,84.5,84.2,84.8,85.3,85.2,84.6,84.9,85.5,85.5,85.5,85.3,85.3,85.3,85.4,85.3,85.0,84.9,84.7,84.9,84.8,84.6,84.6,84.7,84.7,84.9,84.5,84.4,85.0,84.4,84.6,85.0,84.6,85.1,84.6,84.7,84.7,84.7,84.6,84.9,85.0,84.6,84.9,85.0,84.9,84.8
Rank: 100,100,100,100,100,100,100,100,100,100,100,100,100,100,100,100,100,100,100,100,100,100,100,100,100,100,100,100,100,100,100,100,100,100,100,100,100,100,100,100,100,100,100,100,100,100,100,100,100,100
Seed 5/10
Train loss: 2.8697,1.3861,0.8799,0.6697,0.5362,0.4446,0.3778,0.3249,0.2771,0.2405,0.2088,0.1821,0.1581,0.1386,0.1206,0.108,0.0941,0.0838,0.075,0.0668,0.0607,0.0535,0.0489,0.0437,0.0397,0.0364,0.0333,0.0306,0.0282,0.0262,0.0245,0.0227,0.0212,0.0199,0.0187,0.0176,0.0166,0.0157,0.0147,0.014,0.0132,0.0126,0.012,0.0113,0.0108,0.0103,0.0098,0.0094,0.0089,0.0086
Test loss: 2.9268,1.4894,1.0208,0.8547,0.7483,0.6939,0.6596,0.6335,0.6161,0.6022,0.5868,0.5843,0.5797,0.5743,0.5713,0.577,0.5657,0.5714,0.5685,0.5789,0.5821,0.5808,0.5867,0.5842,0.5868,0.5889,0.5905,0.5927,0.5953,0.597,0.5996,0.6029,0.6023,0.6077,0.6093,0.6125,0.6162,0.6171,0.6186,0.6226,0.6259,0.6279,0.6296,0.6317,0.6333,0.6368,0.6388,0.642,0.6431,0.6464
Train accuracy: 48.5,78.4,84.6,87.0,89.9,91.9,93.3,94.6,95.8,96.4,97.3,97.9,98.3,98.7,99.0,99.2,99.4,99.6,99.7,99.8,99.9,99.9,100.0,100.0,100.0,100.0,100.0,100.0,100.0,100.0,100.0,100.0,100.0,100.0,100.0,100.0,100.0,100.0,100.0,100.0,100.0,100.0,100.0,100.0,100.0,100.0,100.0,100.0,100.0,100.0
Test accuracy: 43.8,74.7,80.1,80.5,82.8,83.4,83.6,84.5,84.9,85.1,85.0,84.9,85.5,85.6,85.5,85.3,85.6,85.2,85.5,85.3,84.8,85.1,84.9,85.4,85.1,84.9,85.2,85.0,85.0,85.0,84.9,85.2,85.3,85.3,84.9,85.3,85.1,85.1,85.0,85.0,85.0,85.1,85.2,85.1,85.1,85.1,85.2,85.0,85.0,85.0
Rank: 100,100,100,100,100,100,100,100,100,100,100,100,100,100,100,100,100,100,100,100,100,100,100,100,100,100,100,100,100,100,100,100,100,100,100,100,100,100,100,100,100,100,100,100,100,100,100,100,100,100
Seed 6/10
Train loss: 2.7648,1.3983,0.9102,0.697,0.5707,0.4723,0.4017,0.3449,0.2994,0.2576,0.2232,0.1942,0.1683,0.1508,0.1315,0.1147,0.1022,0.0886,0.0785,0.0713,0.0639,0.0565,0.0511,0.0463,0.0422,0.0387,0.0355,0.0327,0.03,0.0279,0.0263,0.0241,0.0225,0.021,0.0197,0.0185,0.0174,0.0164,0.0155,0.0147,0.0139,0.0132,0.0128,0.012,0.0113,0.0107,0.0102,0.0098,0.0093,0.0089
Test loss: 2.7965,1.4701,1.019,0.8434,0.7581,0.6918,0.6496,0.6281,0.5988,0.5902,0.5681,0.5604,0.5501,0.5545,0.5484,0.5434,0.546,0.5419,0.5406,0.5394,0.5423,0.5414,0.5428,0.5444,0.5446,0.5445,0.5508,0.5508,0.552,0.5528,0.558,0.5587,0.5575,0.5586,0.5591,0.5605,0.5636,0.5648,0.566,0.5688,0.5707,0.5727,0.5756,0.5776,0.5761,0.5778,0.5794,0.5819,0.5814,0.5846
Train accuracy: 52.3,76.6,83.5,86.3,88.9,91.2,92.6,93.7,94.5,95.9,96.9,97.3,98.2,98.5,99.0,99.3,99.4,99.7,99.8,99.9,99.9,100.0,100.0,100.0,100.0,100.0,100.0,100.0,100.0,100.0,100.0,100.0,100.0,100.0,100.0,100.0,100.0,100.0,100.0,100.0,100.0,100.0,100.0,100.0,100.0,100.0,100.0,100.0,100.0,100.0
Test accuracy: 49.3,74.8,80.7,82.6,82.7,83.5,85.4,84.2,85.2,85.0,84.6,85.5,85.3,84.9,84.6,85.1,85.0,85.5,85.2,85.3,85.1,85.4,85.4,85.5,85.3,85.3,85.2,85.3,85.2,85.2,85.3,85.5,85.4,85.1,85.3,85.3,85.2,85.0,85.1,85.3,85.3,85.2,85.2,85.3,85.3,85.5,85.5,85.6,85.7,85.6
Rank: 100,100,100,100,100,100,100,100,100,100,100,100,100,100,100,100,100,100,100,100,100,100,100,100,100,100,100,100,100,100,100,100,100,100,100,100,100,100,100,100,100,100,100,100,100,100,100,100,100,100
Seed 7/10
Train loss: 2.7461,1.3907,0.8896,0.6724,0.5424,0.4575,0.3846,0.3273,0.283,0.2438,0.212,0.1844,0.163,0.1396,0.1239,0.1085,0.0959,0.0845,0.0761,0.0681,0.0613,0.0544,0.0499,0.045,0.0407,0.0373,0.034,0.0314,0.0288,0.0267,0.0248,0.0232,0.0217,0.0203,0.0189,0.0177,0.0168,0.0158,0.0149,0.0141,0.0133,0.0126,0.0119,0.0113,0.0108,0.0103,0.0098,0.0094,0.0089,0.0086
Test loss: 2.7854,1.4595,0.9996,0.8186,0.7237,0.6787,0.6335,0.5982,0.5798,0.5643,0.5584,0.5412,0.5456,0.5317,0.5323,0.5276,0.5234,0.5249,0.5233,0.5229,0.5235,0.525,0.5276,0.5233,0.5269,0.525,0.5257,0.5269,0.527,0.5276,0.5273,0.5302,0.5332,0.535,0.5349,0.5356,0.5378,0.5368,0.5396,0.5404,0.5414,0.5429,0.5442,0.5463,0.5461,0.5485,0.5501,0.5509,0.5522,0.5524
Train accuracy: 55.4,78.9,84.4,87.7,89.9,91.5,93.2,94.6,95.5,96.4,97.2,97.9,98.3,98.8,99.1,99.3,99.5,99.7,99.8,99.9,99.8,99.9,99.9,99.9,100.0,100.0,100.0,100.0,100.0,100.0,100.0,100.0,100.0,100.0,100.0,100.0,100.0,100.0,100.0,100.0,100.0,100.0,100.0,100.0,100.0,100.0,100.0,100.0,100.0,100.0
Test accuracy: 53.2,74.1,79.4,81.6,83.5,83.7,84.4,85.5,85.5,85.6,85.9,86.5,85.9,86.5,85.7,85.8,86.2,86.2,86.3,86.0,86.1,86.5,86.1,86.2,86.1,86.2,86.5,86.2,86.2,86.5,86.3,86.2,86.3,86.2,86.5,86.3,86.2,86.6,86.5,86.6,86.5,86.3,86.3,86.4,86.7,86.2,86.2,86.2,86.5,86.4
Rank: 100,100,100,100,100,100,100,100,100,100,100,100,100,100,100,100,100,100,100,100,100,100,100,100,100,100,100,100,100,100,100,100,100,100,100,100,100,100,100,100,100,100,100,100,100,100,100,100,100,100
Seed 8/10
Train loss: 2.7652,1.3817,0.9014,0.6891,0.5593,0.4662,0.3972,0.3413,0.2939,0.2556,0.222,0.1922,0.1694,0.1486,0.1289,0.1146,0.1005,0.0896,0.0807,0.0718,0.0641,0.0579,0.0518,0.0469,0.0427,0.039,0.036,0.0332,0.0305,0.0281,0.0263,0.0244,0.0227,0.0213,0.0199,0.0186,0.0177,0.0165,0.0156,0.0148,0.014,0.0133,0.0126,0.0119,0.0113,0.0108,0.0103,0.0098,0.0094,0.009
Test loss: 2.8233,1.4866,1.047,0.8685,0.7779,0.7185,0.6786,0.6536,0.6362,0.6224,0.6108,0.603,0.599,0.5954,0.5951,0.5853,0.5876,0.5899,0.586,0.5948,0.5928,0.591,0.5944,0.5964,0.594,0.5989,0.5999,0.5988,0.6059,0.603,0.6074,0.6091,0.6111,0.6136,0.6154,0.6179,0.623,0.6249,0.6242,0.629,0.6319,0.6339,0.6346,0.6366,0.6375,0.6404,0.6438,0.6434,0.6465,0.647
Train accuracy: 52.5,77.6,84.1,87.0,89.7,91.1,92.8,94.0,95.3,96.3,97.0,97.8,98.4,98.9,99.1,99.4,99.6,99.7,99.7,99.8,99.9,99.9,99.9,100.0,100.0,100.0,100.0,100.0,100.0,100.0,100.0,100.0,100.0,100.0,100.0,100.0,100.0,100.0,100.0,100.0,100.0,100.0,100.0,100.0,100.0,100.0,100.0,100.0,100.0,100.0
Test accuracy: 49.2,74.5,80.1,81.9,83.3,83.9,84.2,84.1,84.6,84.7,84.8,84.7,84.4,84.8,84.9,85.0,85.0,85.2,85.3,84.8,85.3,85.4,85.3,85.2,85.3,85.4,85.3,85.6,84.8,85.1,85.0,85.6,85.3,85.3,85.4,85.5,85.2,85.3,85.2,85.2,85.3,85.5,85.3,85.3,85.3,85.1,85.2,85.1,85.1,85.5
Rank: 100,100,100,100,100,100,100,100,100,100,100,100,100,100,100,100,100,100,100,100,100,100,100,100,100,100,100,100,100,100,100,100,100,100,100,100,100,100,100,100,100,100,100,100,100,100,100,100,100,100
Seed 9/10
Train loss: 2.739,1.3839,0.9037,0.6956,0.5634,0.4713,0.4002,0.3435,0.2975,0.2555,0.2197,0.1928,0.1674,0.1477,0.128,0.1141,0.0997,0.0879,0.0789,0.0703,0.0626,0.0561,0.0509,0.0461,0.0418,0.0383,0.0351,0.0326,0.0301,0.0278,0.0257,0.0239,0.0223,0.0208,0.0195,0.0184,0.0172,0.0163,0.0154,0.0146,0.0137,0.0131,0.0124,0.0119,0.0112,0.0107,0.0102,0.0097,0.0093,0.0089
Test loss: 2.7797,1.4756,1.0387,0.872,0.7746,0.7183,0.6684,0.6461,0.6315,0.6051,0.592,0.59,0.5786,0.5755,0.5729,0.572,0.5674,0.5686,0.5702,0.5721,0.5685,0.5691,0.5686,0.5723,0.5701,0.5689,0.5737,0.5799,0.5768,0.5826,0.5781,0.5808,0.5867,0.5865,0.587,0.586,0.591,0.5927,0.5925,0.5927,0.5955,0.5959,0.5999,0.6011,0.6028,0.6033,0.6056,0.6074,0.6102,0.6111
Train accuracy: 51.0,77.4,83.9,86.9,89.0,91.3,92.8,94.0,95.2,95.8,96.9,97.5,98.2,98.5,99.1,99.3,99.6,99.7,99.8,99.9,99.9,100.0,100.0,100.0,100.0,100.0,100.0,100.0,100.0,100.0,100.0,100.0,100.0,100.0,100.0,100.0,100.0,100.0,100.0,100.0,100.0,100.0,100.0,100.0,100.0,100.0,100.0,100.0,100.0,100.0
Test accuracy: 48.7,74.0,78.1,81.5,83.1,84.1,84.4,85.2,84.5,85.2,86.0,85.1,85.8,85.4,85.7,85.4,85.4,86.2,85.6,86.5,85.5,85.8,86.0,85.9,85.9,85.8,86.0,85.7,85.7,85.7,86.0,86.0,85.9,85.9,85.9,85.8,86.1,85.9,85.9,86.0,85.9,86.1,85.9,86.1,86.3,86.0,86.1,86.2,86.2,86.2
Rank: 100,100,100,100,100,100,100,100,100,100,100,100,100,100,100,100,100,100,100,100,100,100,100,100,100,100,100,100,100,100,100,100,100,100,100,100,100,100,100,100,100,100,100,100,100,100,100,100,100,100
Seed 10/10
Train loss: 2.7326,1.3951,0.9022,0.6848,0.5491,0.4578,0.3876,0.3305,0.286,0.2477,0.2149,0.1876,0.1639,0.143,0.126,0.1104,0.097,0.0886,0.0773,0.0696,0.0611,0.0553,0.0496,0.0452,0.041,0.0378,0.0346,0.032,0.0293,0.0272,0.0252,0.0234,0.0219,0.0207,0.0192,0.0181,0.0169,0.016,0.0151,0.0144,0.0135,0.0128,0.0122,0.0116,0.011,0.0105,0.01,0.0096,0.0091,0.0088
Test loss: 2.7949,1.5052,1.051,0.8727,0.7709,0.7189,0.675,0.6441,0.6287,0.6142,0.6041,0.6018,0.5857,0.5853,0.5801,0.5814,0.581,0.5834,0.582,0.5839,0.5829,0.5827,0.5831,0.5858,0.5854,0.5916,0.5888,0.591,0.5949,0.5938,0.5979,0.5962,0.5997,0.6029,0.6035,0.6071,0.6062,0.6076,0.6096,0.6099,0.6119,0.6146,0.6162,0.6196,0.6195,0.6208,0.6229,0.6249,0.6258,0.6258
Train accuracy: 52.0,77.6,84.1,87.1,90.0,91.7,93.3,94.5,95.5,96.5,97.0,97.7,98.2,98.7,99.2,99.3,99.7,99.7,99.8,99.8,100.0,100.0,100.0,100.0,100.0,100.0,100.0,100.0,100.0,100.0,100.0,100.0,100.0,100.0,100.0,100.0,100.0,100.0,100.0,100.0,100.0,100.0,100.0,100.0,100.0,100.0,100.0,100.0,100.0,100.0
Test accuracy: 49.6,72.6,78.2,81.7,82.4,83.1,84.4,84.3,84.5,84.5,84.9,84.6,84.8,85.0,85.0,84.8,84.8,85.3,84.9,84.2,84.9,84.8,84.8,85.0,84.8,85.0,85.1,85.2,84.8,84.6,84.8,84.7,84.3,84.8,84.8,84.9,84.9,84.7,84.7,85.0,85.0,84.9,84.9,85.1,85.0,85.1,85.3,85.3,85.4,85.5
Rank: 100,100,100,100,100,100,100,100,100,100,100,100,100,100,100,100,100,100,100,100,100,100,100,100,100,100,100,100,100,100,100,100,100,100,100,100,100,100,100,100,100,100,100,100,100,100,100,100,100,100
