Seed 1/10
Train loss: 4.771,4.6803,4.6158,4.5645,4.5223,4.4856,4.4538,4.4265,4.4011,4.379,4.3564,4.3379,4.3214,4.3038,4.2898,4.2756,4.2643,4.2512,4.2393,4.229,4.2206,4.2103,4.2028,4.1937,4.1858,4.1784,4.1714,4.1655,4.1595,4.1515,4.1456,4.1399,4.1349,4.1283,4.123,4.1189,4.1133,4.1087,4.1032,4.0992,4.0938,4.0897,4.0863,4.0812,4.0767,4.0728,4.0687,4.0646,4.0615,4.0583
Test loss: 4.7785,4.699,4.6403,4.5943,4.5563,4.5261,4.497,4.4739,4.4533,4.4341,4.4161,4.4018,4.3869,4.3762,4.3647,4.3533,4.35,4.3349,4.3264,4.3184,4.314,4.3048,4.2964,4.2896,4.2833,4.2793,4.2732,4.2689,4.2647,4.2592,4.2583,4.2512,4.2512,4.2456,4.2433,4.2384,4.2394,4.2334,4.2317,4.2271,4.2262,4.2221,4.2226,4.2185,4.2153,4.2139,4.2099,4.2115,4.2081,4.2061
Train accuracy: 2.0,2.1,2.2,2.9,2.9,2.4,2.3,2.3,2.3,2.4,2.4,2.5,2.4,2.4,2.4,2.5,2.4,2.5,2.4,2.5,2.4,2.4,2.6,2.5,2.6,2.5,2.5,2.7,2.7,2.6,2.5,2.7,2.8,2.7,2.5,2.7,2.9,2.8,2.7,2.8,2.9,2.8,2.7,2.8,2.9,3.0,2.8,2.8,2.8,2.9
Test accuracy: 2.1,2.1,2.2,2.3,2.8,2.6,2.6,2.7,2.5,2.5,2.7,2.5,2.6,2.7,2.5,2.6,2.5,2.5,2.5,2.5,2.5,2.6,2.5,2.6,2.4,2.3,2.3,2.5,2.0,2.3,2.4,2.3,2.6,2.2,2.3,2.3,2.5,2.2,2.0,2.1,2.2,2.3,2.2,2.2,2.0,2.3,2.4,2.5,2.0,2.0
Rank: 5,6,7,7,7,8,8,8,8,8,8,8,8,8,8,8,8,8,8,8,9,9,9,9,9,9,9,9,9,9,9,9,9,9,9,9,9,9,9,9,9,9,10,10,10,10,10,10,10,10
Seed 2/10
Train loss: 4.7579,4.6721,4.6142,4.5691,4.5295,4.4949,4.4646,4.4376,4.4134,4.3907,4.3704,4.3514,4.3349,4.3184,4.3023,4.291,4.2759,4.2642,4.2528,4.2415,4.2311,4.2214,4.2121,4.2034,4.1949,4.1866,4.1799,4.1728,4.166,4.1598,4.1545,4.1472,4.1413,4.1384,4.1303,4.1247,4.1205,4.1155,4.1098,4.1051,4.1001,4.0959,4.0912,4.0874,4.0835,4.0798,4.0755,4.071,4.0672,4.0642
Test loss: 4.7657,4.6854,4.6307,4.5912,4.5533,4.5224,4.4967,4.4718,4.4502,4.4333,4.4147,4.4,4.3832,4.3709,4.3595,4.3532,4.3399,4.3307,4.3218,4.3131,4.3039,4.2986,4.2909,4.2872,4.28,4.2741,4.267,4.2638,4.2575,4.2586,4.2552,4.2463,4.2406,4.2367,4.2359,4.2283,4.2279,4.2272,4.2224,4.2206,4.2175,4.2169,4.2113,4.211,4.2103,4.2024,4.2044,4.1993,4.1962,4.1936
Train accuracy: 2.5,2.0,2.0,2.1,2.1,2.7,2.6,2.6,2.6,2.4,2.7,2.6,2.6,2.6,2.5,2.5,2.6,2.7,2.6,2.6,2.7,2.7,2.7,2.7,2.6,2.6,2.7,2.7,2.8,2.8,2.7,2.7,2.8,2.8,2.7,2.7,2.8,2.8,2.8,2.7,2.7,2.7,2.8,2.8,3.0,3.0,2.9,2.8,2.9,2.8
Test accuracy: 2.1,2.2,2.2,2.3,2.2,2.5,2.4,2.5,2.5,2.2,2.5,2.5,2.5,2.4,2.3,2.3,2.3,2.4,2.5,2.5,2.6,2.6,2.6,2.6,2.4,2.5,2.5,2.5,2.5,2.5,2.6,2.6,2.6,2.7,2.3,2.3,2.8,2.5,2.4,2.4,2.7,2.5,2.7,2.7,3.0,3.0,2.6,2.7,2.8,2.6
Rank: 6,6,7,7,7,7,8,8,8,8,8,8,8,8,8,8,8,8,8,8,8,8,8,9,9,9,9,9,9,9,9,9,9,9,9,9,9,9,9,9,9,9,9,9,9,9,10,10,10,10
Seed 3/10
Train loss: 4.7589,4.6716,4.6092,4.56,4.5201,4.4848,4.454,4.4279,4.4038,4.3812,4.3616,4.3424,4.3258,4.3094,4.2962,4.2807,4.2675,4.2556,4.2447,4.2338,4.2237,4.2147,4.206,4.1973,4.1906,4.1829,4.1751,4.1687,4.1629,4.1562,4.15,4.1463,4.1397,4.1345,4.1296,4.1245,4.1196,4.1146,4.1105,4.1069,4.1022,4.0992,4.0945,4.091,4.0897,4.0855,4.0812,4.0772,4.0735,4.07
Test loss: 4.7649,4.6813,4.626,4.5813,4.5448,4.517,4.4888,4.4646,4.4447,4.4277,4.4086,4.3936,4.3828,4.3679,4.3608,4.3416,4.3325,4.3225,4.3141,4.3065,4.3014,4.2905,4.2892,4.2801,4.2742,4.2693,4.2627,4.2591,4.2596,4.2495,4.2492,4.2447,4.2436,4.2361,4.2392,4.235,4.2298,4.2298,4.2265,4.2233,4.2214,4.2195,4.2193,4.2137,4.2183,4.2085,4.2128,4.2077,4.206,4.2058
Train accuracy: 2.0,1.9,1.9,2.0,2.2,2.9,2.9,3.0,3.0,3.0,2.9,2.9,2.9,2.9,2.8,2.7,2.8,2.7,2.7,2.7,2.6,2.7,2.8,2.7,2.7,2.8,2.9,2.9,2.7,2.9,3.0,2.9,2.8,3.0,2.9,2.9,2.8,2.8,2.8,2.9,2.9,2.8,2.9,2.9,2.9,2.9,2.8,2.9,3.0,2.8
Test accuracy: 2.0,1.7,1.5,1.6,2.1,2.2,2.7,2.7,2.6,2.5,2.7,2.7,2.7,2.7,2.4,2.6,2.4,2.6,2.5,2.6,2.6,2.7,2.7,2.6,2.8,2.3,2.1,2.2,2.2,2.1,2.3,2.3,2.1,2.2,2.1,2.5,2.3,2.2,2.2,2.2,2.3,2.3,2.2,2.2,2.1,2.3,2.2,1.9,2.0,2.0
Rank: 5,6,6,6,6,6,7,7,7,7,7,7,7,7,7,8,8,8,8,8,8,8,8,8,8,8,8,9,9,9,9,9,9,9,9,9,9,9,9,9,9,9,9,9,9,9,9,9,9,9
Seed 4/10
Train loss: 4.7683,4.6829,4.624,4.5766,4.5356,4.5044,4.4743,4.4475,4.4237,4.4012,4.3812,4.361,4.3437,4.3271,4.3135,4.3008,4.2849,4.2729,4.2609,4.2511,4.2407,4.231,4.2206,4.2128,4.2036,4.1962,4.1889,4.1807,4.1737,4.1663,4.1609,4.1549,4.1484,4.1438,4.1367,4.1317,4.1265,4.1222,4.1182,4.1129,4.1073,4.1038,4.0997,4.0947,4.092,4.0883,4.0838,4.0802,4.0761,4.0722
Test loss: 4.7698,4.6933,4.6406,4.5989,4.5624,4.535,4.5098,4.4863,4.4656,4.4477,4.4283,4.4103,4.396,4.3821,4.3706,4.3599,4.3472,4.3359,4.3274,4.3184,4.3099,4.3027,4.296,4.2905,4.2806,4.2756,4.2706,4.2647,4.2584,4.2536,4.2478,4.2466,4.2413,4.2399,4.2332,4.2299,4.2272,4.2246,4.2217,4.22,4.2168,4.2127,4.2108,4.2081,4.2076,4.2061,4.2026,4.1995,4.1975,4.1954
Train accuracy: 1.3,1.7,1.8,1.8,1.8,2.3,2.5,2.7,2.7,2.8,2.8,2.9,2.9,2.8,2.6,2.7,2.6,2.5,2.4,2.7,2.3,2.5,2.6,2.7,2.8,2.7,2.7,2.7,2.9,2.8,2.8,2.8,2.8,2.8,2.7,2.8,2.7,2.6,2.7,2.6,2.7,2.6,2.6,2.6,2.5,2.6,2.6,2.6,2.8,2.7
Test accuracy: 1.2,1.5,1.4,1.2,1.4,1.9,2.1,2.0,2.3,2.2,2.1,2.3,2.1,2.2,2.0,2.2,2.0,2.1,2.1,2.0,1.8,2.1,2.2,2.2,2.3,2.2,2.1,2.3,2.6,2.3,2.1,2.1,2.1,2.5,2.2,2.0,2.3,2.2,2.4,2.6,2.5,2.6,2.5,2.2,2.3,2.4,2.5,2.5,2.4,2.6
Rank: 5,6,6,6,6,6,6,6,7,7,7,7,7,7,7,7,7,7,7,7,7,7,7,7,7,7,7,8,8,8,8,8,8,8,8,8,8,8,8,8,9,9,9,9,9,9,9,9,9,9
Seed 5/10
Train loss: 4.7504,4.6715,4.6178,4.5712,4.5323,4.4969,4.4659,4.437,4.4114,4.3866,4.3648,4.3444,4.3263,4.3086,4.2921,4.2768,4.2651,4.2507,4.2388,4.2274,4.2175,4.2071,4.197,4.1879,4.1815,4.1713,4.1638,4.1559,4.1483,4.143,4.1352,4.1288,4.1235,4.1169,4.1113,4.1063,4.101,4.0958,4.0904,4.0861,4.083,4.077,4.0725,4.069,4.064,4.0607,4.0563,4.0526,4.0485,4.0453
Test loss: 4.7599,4.6879,4.6381,4.5983,4.5625,4.5312,4.5046,4.4781,4.4573,4.4358,4.4178,4.3993,4.3844,4.3712,4.3569,4.3459,4.3326,4.322,4.3139,4.3051,4.2966,4.2931,4.284,4.2778,4.2675,4.2605,4.2563,4.2489,4.2456,4.2397,4.2359,4.2333,4.227,4.2238,4.22,4.2195,4.2099,4.208,4.205,4.2005,4.2041,4.1951,4.1949,4.1928,4.1875,4.1848,4.1822,4.18,4.1806,4.179
Train accuracy: 1.0,0.8,1.6,1.8,2.0,2.2,2.3,2.3,2.3,2.3,2.4,2.4,2.5,2.3,2.4,2.4,2.6,2.4,2.5,2.5,2.6,2.5,2.5,2.4,2.5,2.4,2.3,2.2,2.2,2.4,2.3,2.3,2.5,2.4,2.3,2.1,2.4,2.3,2.3,2.4,2.4,2.6,2.4,2.4,2.7,2.7,2.6,2.6,2.4,2.3
Test accuracy: 0.9,0.9,1.8,2.0,2.3,2.2,2.2,2.2,2.3,2.2,2.2,2.3,2.4,2.3,2.3,2.3,2.2,2.3,2.3,2.3,2.4,2.2,2.6,2.6,2.3,2.2,2.2,2.3,2.1,2.2,2.1,2.1,1.8,1.7,1.6,1.7,2.0,1.7,1.7,2.0,1.8,1.9,2.1,1.8,2.1,2.1,2.1,2.0,1.9,1.8
Rank: 5,6,6,7,7,7,7,7,8,8,8,8,8,8,8,8,8,8,8,8,8,8,8,9,9,9,9,9,9,9,9,9,9,9,9,9,9,9,9,9,9,9,9,9,9,9,9,9,9,9
Seed 6/10
Train loss: 4.739,4.6543,4.5984,4.554,4.5151,4.4807,4.4491,4.4218,4.3962,4.3743,4.3523,4.3326,4.3164,4.2993,4.2841,4.2702,4.2571,4.2456,4.2347,4.2242,4.2146,4.2044,4.1957,4.1873,4.1797,4.172,4.166,4.1576,4.1511,4.1445,4.1393,4.1323,4.127,4.1219,4.1175,4.1117,4.1069,4.1038,4.0977,4.0932,4.0883,4.0845,4.0821,4.0766,4.0731,4.0694,4.0652,4.0614,4.0574,4.0541
Test loss: 4.7438,4.6643,4.6178,4.5782,4.5451,4.5152,4.4886,4.4674,4.4472,4.4298,4.4146,4.3986,4.3863,4.3726,4.3612,4.3512,4.3398,4.335,4.3253,4.32,4.3118,4.3072,4.3016,4.2948,4.2925,4.2854,4.2798,4.276,4.2724,4.2698,4.2636,4.2629,4.2589,4.2538,4.2523,4.254,4.2523,4.244,4.2493,4.2413,4.2409,4.2365,4.2348,4.2364,4.2374,4.2377,4.2339,4.2342,4.2281,4.2291
Train accuracy: 1.4,1.5,1.4,1.6,1.9,1.8,2.1,2.1,2.0,2.2,2.2,2.0,2.2,1.9,2.0,2.1,1.8,1.9,1.8,1.8,1.9,1.8,2.1,1.9,1.9,2.3,2.4,2.1,2.3,2.2,2.1,2.2,2.2,2.2,2.2,2.1,2.0,2.2,2.1,2.3,2.2,2.3,2.5,2.5,2.3,2.3,2.4,2.4,2.6,2.6
Test accuracy: 1.2,1.8,1.8,2.1,2.5,2.4,2.0,2.1,2.3,2.2,2.1,1.5,1.5,1.4,1.7,1.5,1.5,1.5,1.4,1.6,1.4,1.3,1.6,1.5,1.5,1.9,1.8,2.0,1.9,1.9,1.9,1.9,1.9,1.8,1.9,1.8,1.8,1.8,1.8,1.9,1.8,1.8,2.0,1.6,1.6,1.7,1.8,1.7,1.8,1.9
Rank: 5,6,6,6,6,6,7,7,7,7,7,7,7,7,7,8,8,8,8,8,8,8,8,8,8,8,8,8,8,8,8,8,9,9,9,9,9,9,9,9,9,9,9,9,9,9,9,9,9,9
Seed 7/10
Train loss: 4.7515,4.6761,4.6238,4.583,4.5449,4.5124,4.4845,4.4578,4.4331,4.4103,4.3897,4.3723,4.3528,4.3357,4.3196,4.3051,4.2916,4.2778,4.2659,4.2548,4.2445,4.2346,4.2244,4.2154,4.2067,4.1994,4.1913,4.1836,4.1765,4.1694,4.1638,4.1581,4.1512,4.1459,4.1413,4.1349,4.1308,4.1246,4.1215,4.1156,4.1119,4.1073,4.1045,4.099,4.096,4.0925,4.0886,4.085,4.0803,4.0767
Test loss: 4.7535,4.685,4.6414,4.6053,4.5733,4.5465,4.5224,4.4999,4.4804,4.4613,4.4435,4.4279,4.415,4.3986,4.3873,4.3752,4.3673,4.3535,4.3449,4.3353,4.3222,4.3203,4.3123,4.3027,4.297,4.2924,4.2862,4.2809,4.2756,4.2697,4.2656,4.2658,4.2564,4.2508,4.2516,4.2477,4.2421,4.2427,4.239,4.2357,4.237,4.2319,4.2327,4.2247,4.2256,4.2209,4.2181,4.2139,4.2165,4.2111
Train accuracy: 1.5,2.2,2.5,2.5,2.2,2.0,2.2,2.5,2.6,2.8,2.7,2.7,2.3,2.6,2.5,2.4,2.4,2.6,2.5,2.7,2.4,2.6,2.4,2.7,2.5,2.7,2.6,2.7,2.6,2.6,2.7,2.7,2.6,2.8,3.0,2.7,2.7,2.5,2.4,2.8,2.9,2.8,2.7,2.7,2.8,2.6,2.8,2.9,2.8,2.6
Test accuracy: 1.3,2.0,1.9,2.1,1.9,1.6,1.9,1.9,2.4,2.7,2.3,2.3,2.2,2.4,2.3,2.3,2.1,2.3,2.2,2.3,2.4,2.3,2.3,2.0,2.1,2.0,2.1,1.9,2.1,2.0,2.1,1.8,2.0,1.8,1.9,2.1,1.9,2.2,2.0,2.0,2.1,1.8,2.0,1.7,2.0,1.8,2.1,2.0,1.9,1.9
Rank: 5,6,6,6,6,7,7,7,7,7,7,8,8,8,8,8,8,8,8,8,8,8,8,8,8,8,8,8,8,8,9,9,9,9,9,9,9,9,9,9,9,9,9,9,9,9,9,9,9,9
Seed 8/10
Train loss: 4.7608,4.6742,4.6161,4.5668,4.525,4.4861,4.4524,4.4214,4.3962,4.3708,4.3495,4.33,4.3119,4.2959,4.2813,4.2678,4.2542,4.2421,4.2298,4.2199,4.2101,4.201,4.1915,4.1839,4.1753,4.1679,4.1592,4.1533,4.1457,4.1396,4.1324,4.126,4.1199,4.1155,4.1092,4.1033,4.0973,4.0927,4.0871,4.0823,4.0782,4.0728,4.0679,4.0646,4.0594,4.0552,4.0509,4.0469,4.0438,4.0405
Test loss: 4.7712,4.6956,4.6441,4.5977,4.5588,4.5265,4.4968,4.4716,4.4476,4.4267,4.4116,4.394,4.3782,4.363,4.3515,4.3385,4.3303,4.3167,4.3064,4.2995,4.2924,4.2803,4.2746,4.2659,4.2583,4.2593,4.2499,4.2432,4.2364,4.2314,4.229,4.2215,4.2154,4.2177,4.2051,4.2093,4.2001,4.1968,4.1905,4.1921,4.1871,4.1819,4.1803,4.174,4.1755,4.1735,4.1724,4.1657,4.1667,4.1601
Train accuracy: 1.3,1.3,2.3,2.4,2.5,2.8,3.0,2.8,2.9,2.7,2.6,2.6,2.6,2.6,2.5,2.5,2.5,2.4,2.4,2.4,2.4,2.5,2.5,2.5,2.4,2.4,2.5,2.5,2.5,2.5,2.6,2.5,2.5,2.4,2.5,2.4,2.7,2.7,2.8,2.6,2.8,2.8,2.9,2.8,2.8,2.9,3.0,3.0,3.0,3.1
Test accuracy: 1.5,1.4,2.5,2.2,2.3,2.7,2.8,2.7,2.7,2.5,2.6,2.4,2.6,2.4,2.3,2.1,2.0,2.1,2.1,2.0,2.0,2.1,2.1,2.1,1.9,1.7,1.7,2.0,1.8,1.9,2.1,2.1,2.1,2.1,2.1,2.2,1.9,2.2,2.2,2.3,2.0,2.1,2.4,2.3,2.7,2.7,2.5,2.7,2.3,2.7
Rank: 5,6,6,6,7,7,7,7,7,8,8,8,8,8,8,8,8,8,8,8,8,8,8,8,9,9,9,9,9,9,9,9,9,9,9,9,9,9,9,9,9,9,9,9,9,9,9,9,9,9
Seed 9/10
Train loss: 4.8237,4.7438,4.6848,4.6337,4.5919,4.5554,4.5207,4.4902,4.4648,4.4383,4.4171,4.3948,4.3757,4.3578,4.3407,4.3247,4.3099,4.2966,4.2831,4.2717,4.2607,4.2498,4.24,4.2301,4.2213,4.2128,4.2046,4.1967,4.1894,4.1813,4.1743,4.1685,4.1614,4.1555,4.1494,4.1452,4.1383,4.1328,4.1275,4.1235,4.1182,4.1147,4.1085,4.1046,4.1,4.0955,4.0912,4.0876,4.0835,4.0793
Test loss: 4.833,4.7581,4.7058,4.6543,4.6196,4.5887,4.5555,4.5271,4.5008,4.4811,4.4626,4.4451,4.4286,4.4169,4.4066,4.3932,4.3794,4.3698,4.3669,4.365,4.3582,4.3518,4.3305,4.3305,4.3299,4.3238,4.3197,4.317,4.3099,4.3128,4.3007,4.2865,4.298,4.2887,4.2962,4.2871,4.288,4.2919,4.291,4.2791,4.2688,4.2725,4.2843,4.2639,4.2608,4.2613,4.2816,4.2831,4.2611,4.2701
Train accuracy: 2.1,2.2,2.2,2.8,2.9,2.7,2.7,2.7,2.4,2.6,2.5,2.6,2.7,2.6,2.7,2.6,2.7,2.6,2.6,2.5,2.6,2.6,2.5,2.6,2.5,2.5,2.4,2.5,2.5,2.4,2.5,2.4,2.4,2.5,2.4,2.5,2.4,2.5,2.3,2.5,2.5,2.6,2.8,2.3,2.6,2.6,3.0,2.9,2.6,3.0
Test accuracy: 2.1,2.2,2.0,2.7,3.1,2.7,2.5,2.5,2.4,2.7,3.1,3.0,3.2,3.3,3.0,3.3,3.1,3.0,3.0,2.9,3.0,2.9,2.4,2.4,2.4,2.4,2.6,2.7,2.4,2.3,2.6,2.7,2.6,2.3,2.7,2.7,2.4,2.7,2.5,2.6,2.9,2.8,3.0,2.5,2.6,2.3,3.2,3.2,2.3,3.2
Rank: 5,6,6,7,7,7,7,8,8,8,8,8,8,8,8,8,9,9,9,9,9,9,9,9,9,9,9,9,9,9,9,9,9,9,9,9,9,9,10,10,10,10,10,10,10,10,10,10,10,10
Seed 10/10
Train loss: 4.78,4.6856,4.6234,4.5719,4.5282,4.491,4.4594,4.4309,4.4054,4.3826,4.3622,4.3419,4.3237,4.3075,4.2934,4.2791,4.2661,4.2542,4.2424,4.2312,4.2218,4.212,4.2029,4.1935,4.1863,4.1783,4.1711,4.1636,4.156,4.1497,4.1432,4.1368,4.1312,4.1257,4.1197,4.1152,4.11,4.1044,4.0999,4.0949,4.0912,4.0862,4.0827,4.0782,4.0744,4.0695,4.066,4.0627,4.0584,4.0554
Test loss: 4.7809,4.6921,4.6361,4.5887,4.5515,4.5171,4.4875,4.4638,4.4436,4.4231,4.4093,4.3918,4.3782,4.3667,4.3532,4.3445,4.3344,4.3261,4.3189,4.311,4.3024,4.297,4.2901,4.2828,4.2751,4.269,4.2657,4.262,4.2599,4.2544,4.2505,4.248,4.2445,4.2409,4.241,4.2388,4.234,4.2324,4.2288,4.225,4.2248,4.2223,4.2235,4.2196,4.2193,4.2137,4.2127,4.2117,4.2077,4.2063
Train accuracy: 1.9,2.0,2.1,2.6,2.7,2.7,2.6,2.6,2.7,2.8,2.6,2.7,2.6,2.6,2.7,2.7,2.6,2.6,2.7,2.6,2.6,2.7,2.7,2.5,2.6,2.6,2.6,2.4,2.5,2.6,2.7,2.7,2.7,2.7,2.6,2.7,2.8,2.7,2.6,2.8,3.0,2.8,2.8,2.8,2.7,2.7,2.9,2.9,2.8,2.8
Test accuracy: 1.7,2.0,2.0,2.5,2.7,2.5,2.6,2.6,3.0,3.5,2.8,2.7,2.4,2.8,2.7,2.5,2.6,2.7,2.7,2.7,2.3,2.4,2.3,2.3,2.4,2.3,2.2,2.2,2.3,2.3,2.3,2.4,2.5,2.3,2.3,2.6,2.5,2.4,2.3,2.4,2.2,2.4,2.3,2.4,2.5,2.3,2.6,2.3,2.5,2.4
Rank: 6,6,6,7,7,7,7,7,7,7,7,7,8,8,8,8,8,8,8,8,8,8,8,8,8,8,8,9,9,9,9,9,9,9,9,9,9,9,9,9,9,9,9,9,9,9,9,9,9,10
