Seed 1/10
Train loss: 4.4789,4.3656,4.2888,4.2277,4.1769,4.1337,4.0962,4.0611,4.0286,3.9985,3.971,3.945,3.9214,3.8998,3.8771,3.8566,3.8395,3.8176,3.8003,3.7828,3.7682,3.7522,3.7367,3.7224,3.7086,3.6955,3.6826,3.6712,3.6573,3.6455,3.6338,3.6222,3.6116,3.6006,3.5912,3.5804,3.5702,3.5606,3.552,3.5421,3.5333,3.5238,3.5149,3.5062,3.498,3.4899,3.4818,3.4736,3.4653,3.4577
Test loss: 4.4872,4.385,4.3177,4.2646,4.2219,4.1842,4.1525,4.1244,4.0961,4.0713,4.0473,4.0249,4.0083,3.9893,3.9702,3.9543,3.9385,3.928,3.9109,3.9033,3.8946,3.8826,3.8726,3.8605,3.8515,3.8421,3.8339,3.8276,3.8181,3.8137,3.8021,3.7973,3.79,3.7857,3.775,3.7707,3.7677,3.7619,3.7608,3.7533,3.7479,3.742,3.7385,3.7358,3.7326,3.7262,3.7242,3.719,3.7148,3.7129
Train accuracy: 2.1,4.0,4.9,4.2,4.5,4.4,4.3,4.4,4.5,4.9,5.0,5.0,4.7,5.3,5.4,5.8,5.8,6.0,6.4,6.3,6.3,6.4,6.7,6.9,6.6,6.9,6.7,7.0,7.0,7.1,7.4,6.9,7.3,7.5,7.3,7.5,8.2,7.7,7.7,8.0,8.3,8.4,8.1,8.2,8.3,8.2,8.7,8.7,8.9,9.1
Test accuracy: 1.7,4.0,4.8,4.6,4.5,4.5,4.2,4.7,4.5,4.8,4.7,5.0,4.7,4.5,4.9,5.7,5.4,5.3,6.1,5.6,5.7,5.5,5.6,5.9,5.5,6.1,6.1,5.8,6.0,5.7,6.1,6.3,6.2,6.5,6.3,6.7,6.3,6.3,6.3,6.4,6.6,7.0,7.0,7.1,7.2,7.5,7.2,7.5,7.0,7.4
Rank: 15,19,20,22,25,26,26,27,29,30,30,31,31,33,33,34,34,36,36,37,37,38,39,39,40,40,40,42,42,43,43,43,44,45,45,46,45,46,47,48,48,49,49,49,49,50,51,51,52,52
Seed 2/10
Train loss: 4.4548,4.3387,4.2604,4.1972,4.1444,4.0994,4.0595,4.0237,3.9889,3.9582,3.9311,3.9049,3.8806,3.8575,3.8349,3.8144,3.7949,3.7767,3.759,3.7412,3.7252,3.7089,3.6941,3.6791,3.6649,3.65,3.6371,3.6232,3.6111,3.5983,3.5858,3.5739,3.5615,3.5497,3.5378,3.5271,3.5169,3.506,3.4947,3.4854,3.4745,3.4644,3.4547,3.4454,3.4361,3.4261,3.4176,3.4088,3.3998,3.3908
Test loss: 4.463,4.3542,4.2825,4.2238,4.1758,4.1351,4.1002,4.0722,4.0392,4.0123,3.9884,3.9652,3.9502,3.9311,3.9123,3.8954,3.8793,3.866,3.8525,3.8352,3.822,3.8091,3.8002,3.788,3.7774,3.7676,3.7544,3.7485,3.7395,3.7298,3.7186,3.7164,3.7058,3.698,3.6925,3.687,3.673,3.6702,3.664,3.6553,3.6471,3.6411,3.6362,3.6291,3.6308,3.6177,3.6154,3.611,3.6042,3.5996
Train accuracy: 1.3,1.2,2.0,3.4,4.2,4.3,4.4,4.7,5.1,5.1,5.2,5.3,5.3,5.4,5.3,5.5,5.4,5.5,5.5,5.5,5.8,6.0,6.1,6.0,6.1,6.6,6.5,6.9,7.0,6.9,6.9,7.1,7.5,7.5,7.6,7.7,8.0,8.0,8.2,8.1,8.3,8.4,8.5,9.3,8.8,9.2,9.3,9.8,9.7,9.9
Test accuracy: 1.1,1.4,2.3,3.8,4.6,4.5,4.7,4.7,4.5,4.7,5.0,5.1,4.7,4.4,4.6,4.6,4.4,4.7,4.4,5.0,5.2,5.8,5.7,5.7,5.5,5.8,5.9,6.2,6.1,6.0,5.7,6.7,6.2,6.4,6.2,6.6,6.9,6.4,6.6,6.8,6.9,6.7,7.0,7.6,7.2,7.4,7.5,7.8,7.6,7.3
Rank: 16,19,22,24,26,26,28,29,30,31,32,33,34,34,35,36,37,38,38,39,40,41,41,41,43,43,44,44,45,45,46,47,47,49,49,49,49,49,50,51,51,52,52,53,53,54,54,55,56,56
Seed 3/10
Train loss: 4.44,4.3314,4.2601,4.2051,4.1581,4.1159,4.0784,4.0439,4.0142,3.9825,3.9549,3.9291,3.9046,3.8803,3.8584,3.8365,3.8183,3.798,3.7787,3.7607,3.7436,3.7284,3.7106,3.6948,3.6806,3.664,3.6498,3.6366,3.6236,3.6086,3.5964,3.5828,3.5706,3.5584,3.5464,3.5346,3.5235,3.5125,3.5019,3.491,3.4809,3.4701,3.4615,3.452,3.4412,3.4317,3.4222,3.4136,3.4046,3.3965
Test loss: 4.4489,4.3488,4.2854,4.2404,4.2033,4.1646,4.1355,4.1088,4.0834,4.0618,4.0425,4.0238,4.0034,3.9882,3.9703,3.9559,3.9422,3.9294,3.9142,3.907,3.8912,3.8773,3.8681,3.8596,3.8498,3.8411,3.8322,3.826,3.8128,3.8095,3.8001,3.7894,3.7832,3.7759,3.7666,3.7594,3.7534,3.7469,3.739,3.7388,3.7272,3.7206,3.7226,3.7199,3.7112,3.7076,3.7002,3.697,3.689,3.6847
Train accuracy: 3.1,3.7,3.7,3.8,3.7,4.5,4.5,4.6,4.8,4.6,4.9,5.2,5.1,5.0,5.2,5.2,5.1,5.5,5.7,5.6,5.7,5.8,6.0,6.0,6.3,6.5,6.6,6.5,6.5,6.9,6.6,7.1,7.1,7.4,7.3,7.6,7.8,7.9,7.9,7.9,8.4,8.4,8.5,8.3,8.7,8.6,8.7,8.4,8.9,9.0
Test accuracy: 2.7,3.5,3.9,4.3,4.4,4.9,5.0,5.4,4.6,4.9,4.8,5.1,5.1,4.8,5.1,5.2,5.7,5.7,5.6,5.8,5.8,5.8,6.0,6.2,6.2,6.2,6.3,6.4,6.4,7.0,6.5,6.7,6.5,7.1,7.1,7.2,7.4,7.5,7.2,7.3,7.0,7.3,7.7,7.2,7.6,7.7,7.7,7.6,7.9,7.8
Rank: 16,19,20,22,24,26,27,27,28,29,30,32,32,33,33,34,34,35,36,36,37,37,38,39,39,41,41,43,43,44,44,44,45,46,47,47,47,47,48,49,50,50,50,51,51,52,52,53,54,54
Seed 4/10
Train loss: 4.4349,4.3157,4.2427,4.1874,4.1412,4.1016,4.064,4.0314,4.0015,3.9729,3.947,3.9222,3.8993,3.877,3.8559,3.8365,3.818,3.799,3.7816,3.7654,3.7495,3.734,3.7186,3.7057,3.6916,3.6767,3.664,3.6506,3.6379,3.6258,3.6139,3.6031,3.5919,3.5807,3.5704,3.559,3.5498,3.5382,3.5285,3.5187,3.5103,3.4999,3.4904,3.4816,3.4731,3.464,3.4553,3.4469,3.4397,3.4318
Test loss: 4.4481,4.34,4.2754,4.2269,4.188,4.1566,4.123,4.0972,4.0749,4.0505,4.0292,4.0098,3.9925,3.9735,3.9584,3.9437,3.9309,3.9181,3.9028,3.8969,3.8831,3.8716,3.8607,3.8511,3.8404,3.8332,3.8249,3.8188,3.812,3.8029,3.7976,3.7927,3.7806,3.7782,3.7724,3.7688,3.7623,3.7578,3.752,3.7483,3.7409,3.7386,3.7322,3.7292,3.7262,3.7187,3.7174,3.7164,3.7094,3.706
Train accuracy: 3.8,3.8,4.3,4.7,5.3,5.2,5.0,5.1,5.1,5.1,5.3,5.4,5.4,5.6,6.1,6.0,6.1,6.1,6.0,6.1,6.2,6.5,6.4,6.3,6.5,6.6,6.6,6.5,6.5,7.1,6.8,6.8,7.0,7.0,7.3,7.6,7.2,7.7,7.8,7.4,7.9,8.1,8.2,8.6,8.6,8.9,8.8,8.6,8.6,8.7
Test accuracy: 4.0,3.1,3.1,3.6,4.8,4.3,4.5,5.3,5.0,5.4,5.3,5.2,5.3,6.1,6.1,6.6,6.5,6.6,6.8,6.9,7.1,7.1,6.7,6.9,7.1,6.8,7.3,7.1,6.9,7.1,7.2,7.1,7.1,7.6,7.5,8.0,7.7,8.2,7.6,7.8,7.9,8.4,8.3,8.7,8.1,8.2,8.0,7.8,7.5,8.3
Rank: 17,19,22,24,25,26,28,28,29,31,32,33,33,34,35,36,36,37,38,38,38,39,40,40,41,42,43,44,44,45,45,45,45,47,47,48,48,49,49,49,49,52,52,52,53,54,54,54,55,55
Seed 5/10
Train loss: 4.4777,4.3617,4.2833,4.2217,4.1718,4.129,4.0894,4.0554,4.024,3.9927,3.9644,3.9389,3.9146,3.8918,3.8683,3.8483,3.8271,3.8077,3.7893,3.7716,3.754,3.7369,3.7206,3.7042,3.6891,3.6733,3.6599,3.6452,3.6311,3.6192,3.6053,3.5935,3.5817,3.5701,3.5568,3.5456,3.5345,3.5239,3.5133,3.5026,3.4922,3.4835,3.4727,3.4641,3.4548,3.4448,3.4351,3.426,3.4176,3.4082
Test loss: 4.4834,4.374,4.3009,4.2452,4.2008,4.1637,4.1293,4.0965,4.0717,4.0468,4.0237,4.0017,3.9837,3.9626,3.9442,3.9269,3.9126,3.898,3.8834,3.8709,3.8576,3.8437,3.8324,3.8189,3.8095,3.7974,3.7887,3.7822,3.7714,3.7604,3.7536,3.7456,3.7396,3.7302,3.7242,3.7181,3.7086,3.7058,3.6966,3.6912,3.6881,3.6787,3.6766,3.6698,3.6665,3.6569,3.6515,3.6465,3.6422,3.6358
Train accuracy: 2.0,3.3,4.4,4.5,4.2,4.3,4.2,4.5,4.4,4.9,4.9,5.0,5.2,5.1,5.5,5.6,6.0,6.0,6.2,6.7,6.0,6.8,7.0,7.2,7.4,7.2,7.7,7.7,7.8,8.0,7.9,8.0,8.2,8.5,8.7,8.5,8.8,8.3,8.9,8.9,8.9,8.9,9.3,8.9,9.2,9.5,9.3,9.4,9.4,10.0
Test accuracy: 1.8,3.0,4.7,4.8,4.8,4.7,4.6,4.3,4.6,4.7,4.8,4.7,4.9,5.2,5.4,5.7,6.0,6.2,5.8,6.4,6.3,6.4,6.5,6.5,6.7,6.6,6.7,6.9,6.8,7.3,6.9,6.8,7.5,7.4,7.3,7.3,7.4,7.5,7.7,7.4,7.5,7.7,7.6,7.5,7.8,7.9,7.9,7.7,7.3,8.0
Rank: 15,18,20,23,24,25,26,27,27,28,30,31,32,33,34,34,35,35,36,37,37,39,39,40,40,40,41,41,42,42,44,45,45,46,47,47,47,47,48,49,50,51,51,51,52,53,54,54,54,55
Seed 6/10
Train loss: 4.4353,4.3192,4.2425,4.183,4.1341,4.0932,4.0585,4.0266,3.9988,3.973,3.9492,3.9258,3.9046,3.8839,3.8651,3.8439,3.8274,3.8082,3.7919,3.7766,3.7607,3.7457,3.7307,3.7172,3.7033,3.6896,3.6772,3.6647,3.6527,3.642,3.6293,3.6187,3.6096,3.5977,3.5874,3.5772,3.5671,3.5571,3.5472,3.5378,3.5289,3.5199,3.5105,3.5027,3.4923,3.4846,3.476,3.4667,3.4591,3.4501
Test loss: 4.4482,4.3434,4.2753,4.2259,4.1863,4.1528,4.125,4.1021,4.0832,4.0639,4.0472,4.027,4.0114,3.9962,3.9824,3.9678,3.9561,3.9428,3.9289,3.917,3.9072,3.9011,3.8882,3.8757,3.8668,3.8583,3.8525,3.8451,3.8391,3.8293,3.8241,3.8173,3.8109,3.8038,3.7989,3.7969,3.7883,3.7811,3.7792,3.7716,3.7674,3.7648,3.7578,3.7543,3.7506,3.7461,3.7398,3.7373,3.7319,3.7281
Train accuracy: 2.8,3.1,3.9,4.1,4.2,5.0,5.9,5.8,5.3,5.8,5.9,6.4,6.3,6.4,6.5,6.4,6.5,6.5,6.5,6.7,6.6,6.7,6.9,6.9,6.9,6.9,7.1,7.1,7.2,7.0,7.1,7.2,7.0,7.6,7.7,7.9,7.6,7.9,7.8,8.1,8.0,8.3,8.1,8.1,8.4,8.8,8.5,8.9,8.9,9.1
Test accuracy: 2.6,2.9,3.5,3.5,4.1,4.3,5.3,5.8,5.2,5.9,6.2,6.2,6.3,6.1,5.7,6.2,5.8,5.7,6.0,5.8,5.9,5.9,6.3,6.4,6.4,5.8,5.8,5.9,6.3,5.9,6.5,6.3,6.3,7.1,6.6,6.5,6.8,6.7,6.7,6.7,6.5,7.0,6.5,6.7,6.6,6.5,7.0,7.0,7.2,7.3
Rank: 15,18,20,22,23,25,26,28,29,31,31,32,33,33,34,34,35,36,37,38,40,40,41,41,41,41,42,42,43,43,44,45,46,46,47,47,47,48,48,48,49,49,49,50,50,51,52,52,54,54
Seed 7/10
Train loss: 4.4812,4.3746,4.3002,4.2444,4.1942,4.1499,4.1122,4.0771,4.0466,4.0192,3.9917,3.9652,3.9416,3.9204,3.899,3.8785,3.8596,3.8421,3.8241,3.8075,3.791,3.7743,3.7593,3.7431,3.7276,3.7137,3.6983,3.6851,3.6726,3.6581,3.6455,3.6329,3.6202,3.6089,3.5982,3.5874,3.5754,3.5657,3.5543,3.5446,3.5353,3.5249,3.5143,3.5049,3.4953,3.486,3.4768,3.4684,3.4591,3.4513
Test loss: 4.4883,4.3866,4.3167,4.2656,4.2177,4.1784,4.1466,4.1169,4.0911,4.0673,4.0454,4.0239,4.0077,3.9906,3.9737,3.9585,3.9456,3.9317,3.9183,3.9051,3.892,3.8819,3.8705,3.8634,3.8508,3.8416,3.8295,3.8212,3.8114,3.8007,3.7926,3.7865,3.7783,3.7698,3.7649,3.7558,3.7517,3.7473,3.7386,3.7344,3.7307,3.7257,3.7183,3.7141,3.7082,3.7046,3.6986,3.6939,3.6879,3.6829
Train accuracy: 2.9,3.6,4.9,4.8,4.9,5.9,6.3,6.4,7.1,6.8,6.7,6.7,6.8,6.9,6.9,6.8,6.8,7.3,7.1,7.4,8.0,8.3,8.4,8.5,8.8,8.7,8.9,8.9,9.1,9.3,9.8,9.5,9.5,10.1,9.9,10.4,10.0,10.6,10.5,10.6,10.4,10.6,10.8,10.5,10.5,10.7,11.3,11.3,11.2,11.2
Test accuracy: 2.8,3.4,4.3,4.2,4.6,5.6,5.7,5.8,5.9,5.8,5.5,5.8,6.0,6.1,6.5,6.3,6.5,6.8,6.6,6.4,7.2,7.3,7.3,7.2,7.1,6.9,7.3,7.1,7.9,8.6,8.1,8.1,8.1,9.1,8.4,8.6,8.1,8.6,8.1,8.5,8.7,8.9,8.8,8.4,8.1,9.0,9.7,8.8,8.5,9.1
Rank: 15,19,21,24,25,28,29,30,32,32,33,34,35,36,37,38,39,40,40,41,42,42,43,44,45,45,46,46,47,47,47,48,49,50,50,51,51,53,54,54,54,55,55,55,55,55,55,56,57,57
Seed 8/10
Train loss: 4.4524,4.3421,4.2707,4.2112,4.1616,4.122,4.0838,4.0484,4.0176,3.9894,3.9598,3.9345,3.9092,3.8862,3.8642,3.8449,3.8253,3.8062,3.7875,3.7695,3.7531,3.7355,3.7198,3.7043,3.6888,3.6748,3.6592,3.6461,3.6329,3.6196,3.6057,3.5936,3.5802,3.568,3.5556,3.5436,3.5326,3.5214,3.5099,3.4987,3.4875,3.477,3.4668,3.4563,3.4461,3.4367,3.4264,3.4165,3.4066,3.3976
Test loss: 4.4739,4.376,4.3154,4.2644,4.2231,4.19,4.1591,4.1307,4.1041,4.0798,4.0599,4.0406,4.0199,4.0018,3.9856,3.9696,3.9524,3.9393,3.9291,3.914,3.9013,3.8897,3.8771,3.8687,3.8568,3.8438,3.8349,3.8299,3.8169,3.8082,3.8033,3.7899,3.7877,3.7815,3.7733,3.7639,3.7566,3.7506,3.7445,3.7387,3.7315,3.7226,3.719,3.7132,3.7079,3.6992,3.6967,3.691,3.6853,3.6802
Train accuracy: 1.4,2.6,4.2,4.9,4.9,5.6,5.5,5.4,5.8,5.7,5.7,5.7,5.5,5.7,6.0,6.0,6.3,6.3,6.3,6.5,6.7,6.7,6.7,6.9,6.8,6.8,6.9,6.8,7.1,7.3,7.2,7.4,7.2,7.3,7.6,7.4,7.6,7.6,7.8,8.1,8.0,8.1,8.2,8.4,8.5,8.6,8.5,8.8,8.5,8.8
Test accuracy: 1.4,2.3,3.9,4.5,4.5,5.3,4.7,4.6,5.5,5.8,5.5,5.7,5.7,6.0,5.9,5.6,5.9,5.7,5.8,6.0,5.8,6.1,6.0,6.1,6.2,6.0,6.5,6.2,6.3,6.3,6.7,6.6,6.8,6.1,6.3,6.2,7.0,6.9,6.8,7.1,7.5,6.7,7.1,7.4,7.2,7.0,6.8,7.3,7.1,7.3
Rank: 15,19,20,23,25,25,27,28,28,30,31,32,33,33,34,34,35,35,37,38,38,39,40,41,41,41,42,42,43,44,44,44,45,47,47,47,48,49,49,50,51,51,51,52,52,52,53,53,53,54
Seed 9/10
Train loss: 4.4866,4.3888,4.3215,4.2685,4.223,4.1848,4.1486,4.1155,4.0837,4.0553,4.0273,4.0014,3.9772,3.9535,3.9304,3.9097,3.8898,3.8709,3.8525,3.8361,3.8206,3.8039,3.788,3.7739,3.759,3.7449,3.7315,3.7175,3.7053,3.6921,3.6796,3.6678,3.6553,3.6453,3.632,3.621,3.6113,3.5993,3.5889,3.5791,3.5694,3.5584,3.548,3.5391,3.5293,3.5202,3.5115,3.5032,3.4941,3.4871
Test loss: 4.5021,4.4136,4.3577,4.31,4.2701,4.2388,4.2089,4.1787,4.1578,4.1323,4.1111,4.0927,4.0721,4.0565,4.0389,4.0244,4.0114,3.9969,3.9832,3.9698,3.9557,3.9512,3.943,3.9361,3.9272,3.9146,3.9055,3.8984,3.8911,3.8829,3.8792,3.8727,3.8626,3.8565,3.8497,3.8441,3.8385,3.8348,3.827,3.8238,3.818,3.81,3.8083,3.7976,3.7975,3.7915,3.7843,3.7817,3.7748,3.7682
Train accuracy: 3.5,3.3,3.3,3.9,3.5,3.8,4.4,4.8,5.0,5.5,5.3,5.3,5.5,5.7,5.8,5.4,5.6,5.9,5.9,6.0,6.2,6.6,6.4,6.2,6.7,6.4,6.9,7.1,7.4,7.2,7.3,7.3,7.3,7.5,7.7,7.6,7.7,7.7,8.5,8.0,8.1,8.1,8.2,8.4,8.4,8.6,8.8,8.8,9.3,9.5
Test accuracy: 3.8,3.1,2.8,3.3,3.1,3.5,3.6,3.9,4.4,4.7,4.5,4.6,4.7,5.0,5.0,4.5,4.9,5.3,5.4,5.4,5.6,5.9,5.7,5.8,6.1,5.7,6.2,6.4,6.6,6.7,6.9,6.6,6.8,7.2,6.7,6.7,6.8,6.7,7.1,7.3,7.0,7.5,7.3,7.2,6.9,7.8,8.4,8.0,8.4,9.0
Rank: 15,18,20,21,23,25,26,27,28,28,30,31,31,32,33,33,35,35,35,36,36,37,37,38,40,40,41,41,41,41,41,42,43,44,44,45,45,46,46,46,47,48,48,48,49,49,49,51,51,51
Seed 10/10
Train loss: 4.4796,4.3711,4.3017,4.2439,4.1977,4.1568,4.121,4.0867,4.0555,4.027,3.9992,3.9757,3.952,3.9303,3.9093,3.8911,3.8712,3.8527,3.8355,3.8179,3.8019,3.7844,3.7682,3.7534,3.7378,3.7223,3.7074,3.6937,3.6788,3.6646,3.6509,3.6372,3.6239,3.6121,3.5992,3.5876,3.5747,3.563,3.5521,3.5412,3.5289,3.519,3.5099,3.4977,3.488,3.4777,3.468,3.4578,3.4482,3.4393
Test loss: 4.4795,4.3773,4.3139,4.2616,4.2209,4.1834,4.1521,4.1239,4.0953,4.072,4.047,4.0301,4.0108,3.9932,3.9748,3.9643,3.9477,3.9327,3.9219,3.909,3.899,3.8877,3.8762,3.8617,3.8543,3.8447,3.8337,3.8283,3.8164,3.8074,3.7968,3.7868,3.7781,3.7696,3.7613,3.7573,3.7472,3.7417,3.7315,3.723,3.7157,3.7078,3.7036,3.6993,3.6914,3.6852,3.6795,3.6758,3.6665,3.6603
Train accuracy: 2.2,2.2,3.5,3.8,3.8,3.8,4.0,4.0,4.2,4.8,4.9,4.9,5.0,5.0,5.3,5.3,5.4,5.5,5.5,5.7,5.8,5.7,5.5,5.9,6.0,6.0,6.4,6.8,6.4,6.3,6.2,6.5,6.4,6.8,6.9,6.7,6.8,7.0,7.2,6.9,7.2,7.4,7.7,8.1,8.0,8.1,7.9,7.9,8.6,8.6
Test accuracy: 2.1,2.2,3.3,4.0,4.0,4.2,4.6,4.8,4.9,5.8,5.5,5.6,5.9,6.0,5.7,6.0,6.2,5.7,5.9,5.7,5.8,5.7,5.8,5.9,6.0,5.9,6.1,6.3,6.0,6.2,6.0,6.2,6.6,6.4,6.3,7.0,7.3,6.8,6.9,6.7,7.3,7.7,7.5,7.4,7.9,7.5,7.6,7.7,8.5,8.5
Rank: 16,18,20,22,24,25,26,27,28,29,31,31,31,32,34,35,36,36,37,37,37,38,38,39,40,42,42,43,43,44,44,45,46,46,47,47,47,48,48,49,49,50,51,52,52,52,53,53,54,55
