Seed 1/10
Train loss: 3.2868,2.282,1.5979,1.1952,0.9369,0.7551,0.6375,0.5536,0.4966,0.4509,0.412,0.3805,0.3548,0.3302,0.3082,0.2941,0.2754,0.2603,0.2485,0.2378,0.228,0.2192,0.2111,0.2004,0.1949,0.1872,0.179,0.1719,0.1657,0.1604,0.1551,0.1503,0.1466,0.1421,0.1386,0.1339,0.1302,0.1267,0.1233,0.1205,0.1184,0.1153,0.113,0.1104,0.1082,0.1064,0.1049,0.1031,0.1013,0.0994
Test loss: 3.3327,2.3649,1.7124,1.3558,1.1553,1.0268,0.9625,0.9023,0.8808,0.853,0.8361,0.8258,0.8227,0.8135,0.8151,0.8042,0.7965,0.8014,0.8002,0.8044,0.8139,0.8035,0.811,0.8087,0.8145,0.8216,0.8227,0.8093,0.8211,0.8243,0.8263,0.8336,0.8398,0.8426,0.838,0.8441,0.8501,0.8501,0.854,0.8587,0.8627,0.8661,0.8692,0.8762,0.8794,0.8851,0.8824,0.8998,0.8884,0.8914
Train accuracy: 36.2,64.3,77.3,81.1,83.6,86.4,88.4,89.7,91.0,92.0,92.9,93.3,94.0,94.4,94.5,94.9,95.5,95.4,95.8,95.8,95.9,96.0,96.4,96.5,96.3,96.6,96.6,96.8,96.7,96.9,97.0,97.0,97.0,97.3,97.3,97.4,97.6,97.5,97.6,97.6,97.7,97.7,97.6,97.8,97.9,97.8,97.8,97.8,97.9,97.9
Test accuracy: 35.0,59.0,74.1,75.3,77.4,77.8,77.6,79.3,79.0,79.6,79.8,79.6,79.8,80.4,80.0,81.0,80.2,79.8,80.6,79.8,80.6,80.4,79.5,80.1,80.3,80.8,80.4,80.6,81.0,80.8,81.1,81.4,81.4,80.8,81.5,81.5,81.4,81.3,81.3,81.0,81.2,81.7,81.3,81.4,81.4,81.3,81.7,81.1,81.4,81.4
Rank: 100,100,100,100,100,100,100,100,100,100,100,100,100,100,100,100,100,100,100,100,100,100,100,100,100,100,100,100,100,100,100,100,100,100,100,100,100,100,100,100,100,100,100,100,100,100,100,100,100,100
Seed 2/10
Train loss: 3.2911,2.2522,1.5332,1.126,0.8695,0.7109,0.6081,0.5369,0.4952,0.4493,0.4195,0.3864,0.3645,0.3423,0.3203,0.3027,0.2873,0.274,0.2627,0.2505,0.2396,0.2292,0.2204,0.2113,0.202,0.1941,0.1877,0.1806,0.1752,0.1682,0.1623,0.1571,0.1517,0.1472,0.1423,0.1386,0.135,0.1318,0.1283,0.1248,0.1221,0.1189,0.1165,0.1139,0.1115,0.1093,0.1075,0.106,0.104,0.1024
Test loss: 3.3471,2.3577,1.6969,1.3505,1.1626,1.0562,0.9958,0.9575,0.938,0.9191,0.9077,0.8951,0.8951,0.8837,0.8787,0.8813,0.8791,0.8733,0.8827,0.8812,0.8844,0.8915,0.8966,0.9032,0.9022,0.9077,0.9135,0.9275,0.9383,0.9403,0.937,0.9455,0.9462,0.9532,0.951,0.9606,0.9612,0.9741,0.9761,0.9798,0.9826,0.9883,0.9986,1.0018,1.0191,1.015,1.0202,1.0253,1.0167,1.0261
Train accuracy: 39.8,67.1,77.9,82.6,85.5,88.2,89.6,90.9,91.0,92.8,93.0,93.5,94.0,94.7,94.9,95.1,95.4,95.4,95.6,95.7,96.0,96.1,96.3,96.1,96.5,96.6,96.7,96.9,96.9,97.2,97.2,97.3,97.4,97.5,97.4,97.6,97.6,97.6,97.7,97.9,97.8,97.8,97.8,97.9,97.8,97.7,97.9,97.9,97.9,97.9
Test accuracy: 36.9,64.0,72.5,76.0,77.0,77.9,78.3,78.3,77.8,78.9,79.3,79.8,79.9,79.9,80.3,80.1,80.3,80.0,80.4,79.9,79.9,80.0,79.5,80.0,80.5,79.4,80.1,79.3,80.0,80.1,80.6,80.2,80.4,80.5,80.5,80.9,80.9,80.4,80.0,80.5,80.6,80.8,80.5,80.1,79.7,80.6,80.3,80.1,80.0,79.7
Rank: 100,100,100,100,100,100,100,100,100,100,100,100,100,100,100,100,100,100,100,100,100,100,100,100,100,100,100,100,100,100,100,100,100,100,100,100,100,100,100,100,100,100,100,100,100,100,100,100,100,100
Seed 3/10
Train loss: 3.3322,2.2924,1.6237,1.222,0.9555,0.7687,0.6503,0.5687,0.5135,0.4642,0.4293,0.4019,0.3732,0.3516,0.3318,0.3135,0.295,0.2815,0.2677,0.2576,0.2444,0.2349,0.2239,0.2151,0.2062,0.1996,0.1921,0.1866,0.1795,0.1739,0.1681,0.1624,0.1575,0.1535,0.1495,0.1459,0.1423,0.1389,0.1356,0.1324,0.1298,0.1271,0.125,0.1216,0.1193,0.1168,0.1146,0.1126,0.111,0.1093
Test loss: 3.361,2.3703,1.7516,1.4136,1.2081,1.072,0.99,0.9474,0.9297,0.8972,0.8855,0.8788,0.864,0.8624,0.8598,0.8531,0.8547,0.8541,0.8519,0.8438,0.8549,0.8609,0.8558,0.858,0.8716,0.8678,0.8719,0.8817,0.8822,0.8888,0.8959,0.8985,0.8979,0.9039,0.9028,0.9111,0.9112,0.9263,0.9236,0.9282,0.9301,0.9435,0.9514,0.9494,0.9474,0.9515,0.9581,0.9668,0.9728,0.9822
Train accuracy: 37.9,67.2,78.0,81.5,84.3,86.6,88.1,90.1,91.0,91.8,92.5,92.9,93.8,94.1,94.3,94.8,95.1,95.4,95.5,95.6,95.8,96.0,96.1,96.2,96.3,96.3,96.4,96.4,96.6,96.6,96.7,96.7,96.8,96.9,96.9,97.0,96.9,97.1,97.2,97.1,97.3,97.3,97.3,97.3,97.3,97.3,97.3,97.4,97.4,97.5
Test accuracy: 38.2,62.3,71.7,74.1,75.1,77.7,79.1,78.9,78.6,79.7,79.2,79.4,80.0,79.9,79.9,79.9,80.0,80.3,80.5,80.4,80.8,80.5,80.3,80.6,80.9,80.5,80.9,80.8,80.6,80.3,80.8,80.4,80.7,80.2,80.4,80.9,80.5,81.2,80.8,80.9,81.1,80.7,80.9,81.0,81.0,81.2,81.4,81.2,81.3,81.1
Rank: 100,100,100,100,100,100,100,100,100,100,100,100,100,100,100,100,100,100,100,100,100,100,100,100,100,100,100,100,100,100,100,100,100,100,100,100,100,100,100,100,100,100,100,100,100,100,100,100,100,100
Seed 4/10
Train loss: 3.3906,2.3786,1.6203,1.1795,0.9047,0.7292,0.6181,0.5419,0.4913,0.4413,0.4081,0.3798,0.3572,0.3353,0.3185,0.3009,0.287,0.2751,0.2623,0.2515,0.2415,0.2326,0.2241,0.2162,0.2089,0.2026,0.1972,0.1923,0.186,0.1814,0.1771,0.173,0.1694,0.1657,0.1624,0.1596,0.1568,0.1546,0.1521,0.1499,0.1476,0.1451,0.1433,0.1411,0.1391,0.1367,0.1349,0.1329,0.1308,0.1288
Test loss: 3.4363,2.4758,1.7679,1.381,1.1705,1.0478,0.9839,0.9342,0.904,0.8843,0.8712,0.8757,0.8559,0.8563,0.8559,0.8578,0.8493,0.8485,0.852,0.8464,0.8487,0.8535,0.8488,0.8453,0.8484,0.8511,0.8577,0.8585,0.8598,0.8613,0.8624,0.8678,0.8772,0.8764,0.8791,0.8821,0.8813,0.8909,0.8926,0.9041,0.91,0.91,0.9077,0.9027,0.9015,0.9034,0.9125,0.9171,0.9226,0.9238
Train accuracy: 34.2,60.7,75.0,80.2,83.4,86.1,87.6,89.9,90.4,91.6,92.6,92.4,93.3,93.7,93.9,94.1,94.4,94.7,94.7,95.0,95.1,95.3,95.3,95.5,95.5,95.7,95.9,96.0,96.0,96.1,96.1,96.2,96.3,96.3,96.5,96.5,96.3,96.4,96.4,96.5,96.4,96.4,96.3,96.5,96.6,96.6,96.5,96.6,96.6,96.5
Test accuracy: 33.2,56.2,70.5,74.9,75.8,76.6,77.1,78.8,78.6,79.3,80.1,78.4,79.5,79.2,79.3,79.7,80.1,80.3,80.2,80.3,80.8,80.8,81.4,80.8,80.8,81.2,81.0,80.6,80.6,81.1,81.6,81.4,81.2,81.2,81.0,81.1,80.7,80.9,81.3,81.2,81.0,81.1,80.9,81.1,81.1,81.4,80.8,81.2,81.3,80.9
Rank: 100,100,100,100,100,100,100,100,100,100,100,100,100,100,100,100,100,100,100,100,100,100,100,100,100,100,100,100,100,100,100,100,100,100,100,100,100,100,100,100,100,100,100,100,100,100,100,100,100,100
Seed 5/10
Train loss: 3.2776,2.3007,1.6042,1.1802,0.9128,0.7399,0.6253,0.5533,0.5029,0.4586,0.4269,0.3996,0.375,0.3538,0.3341,0.3196,0.3021,0.2899,0.2761,0.2664,0.2546,0.2466,0.237,0.2293,0.222,0.2138,0.2057,0.1993,0.1937,0.1883,0.1828,0.1775,0.1726,0.1678,0.1626,0.1579,0.1527,0.1481,0.1445,0.1409,0.1382,0.1355,0.1325,0.1276,0.1247,0.1218,0.1193,0.1173,0.1153,0.1124
Test loss: 3.3133,2.3799,1.7337,1.3701,1.1583,1.0317,0.957,0.909,0.8849,0.8527,0.8491,0.8352,0.8142,0.8153,0.8059,0.7998,0.8001,0.7955,0.8001,0.7971,0.7972,0.7944,0.8021,0.8003,0.8016,0.8017,0.8114,0.8075,0.8101,0.8164,0.8152,0.8225,0.8103,0.818,0.8149,0.814,0.8238,0.83,0.8375,0.8407,0.8305,0.8395,0.8464,0.8497,0.852,0.8576,0.8474,0.8616,0.8628,0.8627
Train accuracy: 34.9,64.5,77.1,81.7,83.9,86.0,88.0,89.4,90.6,92.4,92.6,93.0,93.6,94.2,94.5,94.6,95.0,95.4,95.8,96.0,96.0,96.0,96.3,96.2,96.4,96.7,96.6,96.8,96.6,96.8,96.9,96.9,97.0,96.9,96.9,97.0,97.1,97.0,96.9,97.0,97.1,97.1,97.2,97.2,97.2,97.2,97.3,97.2,97.3,97.4
Test accuracy: 33.8,60.7,72.1,75.6,77.7,78.8,80.9,80.0,81.0,82.1,81.4,81.4,81.8,81.9,81.5,82.7,81.7,82.7,82.2,82.4,81.8,81.4,81.9,81.8,81.9,81.8,82.3,82.3,82.0,82.2,82.1,81.6,82.0,82.3,82.6,82.4,82.2,82.1,82.2,82.0,81.6,81.5,82.1,81.6,81.6,81.8,82.1,81.7,82.0,81.9
Rank: 100,100,100,100,100,100,100,100,100,100,100,100,100,100,100,100,100,100,100,100,100,100,100,100,100,100,100,100,100,100,100,100,100,100,100,100,100,100,100,100,100,100,100,100,100,100,100,100,100,100
Seed 6/10
Train loss: 3.2963,2.2708,1.5724,1.1729,0.9044,0.7278,0.6096,0.5291,0.4718,0.4283,0.3939,0.3656,0.341,0.3207,0.3027,0.2858,0.2727,0.2599,0.2481,0.2369,0.2269,0.2186,0.2104,0.2048,0.1971,0.1923,0.1881,0.182,0.1772,0.1726,0.1682,0.1643,0.1608,0.157,0.1543,0.1511,0.1477,0.1447,0.1421,0.1393,0.1358,0.1324,0.1298,0.1272,0.1235,0.121,0.1181,0.1162,0.1139,0.1121
Test loss: 3.3461,2.3454,1.6848,1.3349,1.1135,0.9917,0.9087,0.8613,0.8444,0.8278,0.815,0.8041,0.7992,0.7906,0.7926,0.7909,0.7837,0.7888,0.7901,0.7882,0.8026,0.8041,0.8007,0.8022,0.8016,0.816,0.8235,0.8239,0.8312,0.839,0.8394,0.8465,0.8462,0.8454,0.8552,0.8557,0.8749,0.8798,0.887,0.8883,0.9027,0.9101,0.8839,0.891,0.8911,0.9134,0.9124,0.9283,0.94,0.9327
Train accuracy: 35.8,67.0,77.5,80.8,84.5,86.3,88.3,90.1,91.2,92.2,93.0,93.5,94.3,94.8,94.7,95.1,95.5,95.4,95.8,96.1,96.2,96.3,96.4,96.5,96.6,96.7,96.8,96.9,96.9,97.0,97.1,97.0,97.2,97.2,97.1,97.2,97.3,97.2,97.2,97.4,97.3,97.4,97.4,97.5,97.5,97.5,97.6,97.5,97.6,97.6
Test accuracy: 35.5,62.1,73.9,75.4,78.6,78.3,78.7,80.1,80.7,80.5,80.8,80.8,80.9,80.6,80.9,80.5,81.5,81.4,81.1,81.6,80.8,80.7,80.8,81.4,81.1,81.3,81.1,81.0,81.1,80.4,80.8,80.8,80.8,81.7,80.6,81.0,81.3,80.6,80.9,80.5,81.0,80.3,80.9,80.4,81.1,80.4,80.5,80.8,80.7,80.5
Rank: 100,100,100,100,100,100,100,100,100,100,100,100,100,100,100,100,100,100,100,100,100,100,100,100,100,100,100,100,100,100,100,100,100,100,100,100,100,100,100,100,100,100,100,100,100,100,100,100,100,100
Seed 7/10
Train loss: 3.3255,2.3711,1.6455,1.2109,0.9268,0.7459,0.6306,0.5583,0.5011,0.459,0.4238,0.3977,0.373,0.3517,0.3305,0.3137,0.2987,0.2846,0.2735,0.2605,0.2493,0.2407,0.2332,0.2231,0.2155,0.2065,0.1991,0.1917,0.1851,0.1789,0.1735,0.167,0.1615,0.1554,0.1504,0.1461,0.1412,0.1381,0.1341,0.1311,0.1288,0.1259,0.1236,0.1208,0.1188,0.1166,0.1149,0.113,0.1112,0.1098
Test loss: 3.3831,2.4789,1.7974,1.4258,1.2116,1.0922,1.0297,0.984,0.9731,0.9504,0.9466,0.9249,0.9124,0.907,0.9083,0.9089,0.9081,0.9007,0.8992,0.9069,0.8991,0.9096,0.9109,0.9078,0.9189,0.9106,0.9148,0.9139,0.9166,0.9218,0.9215,0.9267,0.9304,0.9331,0.9403,0.9398,0.9475,0.9546,0.9537,0.9665,0.958,0.9568,0.9499,0.9571,0.9602,0.9631,0.9636,0.9718,0.9722,0.9799
Train accuracy: 37.8,63.1,78.8,82.3,85.5,87.6,89.2,89.9,91.3,91.8,92.8,93.2,93.6,94.1,94.3,94.8,95.1,95.1,95.5,95.6,95.7,95.7,95.9,95.8,96.0,96.1,96.1,96.1,96.3,96.3,96.5,96.9,97.0,97.0,97.1,97.1,97.3,97.3,97.2,97.5,97.4,97.3,97.4,97.6,97.5,97.4,97.5,97.4,97.4,97.5
Test accuracy: 35.1,58.8,72.2,77.2,77.7,78.2,78.8,79.3,78.9,79.2,79.0,80.5,79.0,80.6,79.7,80.1,79.5,80.4,80.3,80.3,80.0,80.0,79.9,80.4,80.4,80.6,80.5,80.9,80.4,81.0,80.5,81.0,81.5,81.4,81.2,81.6,81.4,81.6,81.4,81.0,81.4,81.6,81.6,81.3,81.2,81.5,81.0,80.9,81.1,81.3
Rank: 100,100,100,100,100,100,100,100,100,100,100,100,100,100,100,100,100,100,100,100,100,100,100,100,100,100,100,100,100,100,100,100,100,100,100,100,100,100,100,100,100,100,100,100,100,100,100,100,100,100
Seed 8/10
Train loss: 3.2675,2.2364,1.5597,1.1651,0.9041,0.7379,0.6296,0.5465,0.4894,0.4505,0.4146,0.3848,0.3569,0.337,0.3163,0.3009,0.2832,0.2684,0.2556,0.2433,0.2316,0.2212,0.213,0.2043,0.1968,0.1905,0.1838,0.1758,0.17,0.1657,0.1608,0.1566,0.1524,0.1483,0.1444,0.1398,0.1363,0.1316,0.1289,0.126,0.1229,0.1206,0.1179,0.1158,0.1138,0.112,0.1104,0.1084,0.1067,0.1051
Test loss: 3.3131,2.3206,1.6891,1.3463,1.1464,1.0268,0.9611,0.9152,0.8936,0.8625,0.8589,0.8427,0.8366,0.823,0.8197,0.8222,0.8245,0.8295,0.8247,0.832,0.8306,0.8418,0.8399,0.8496,0.8568,0.8473,0.8603,0.8675,0.8648,0.8663,0.8672,0.882,0.879,0.8912,0.8896,0.8923,0.8968,0.9043,0.8992,0.9123,0.9207,0.9339,0.9265,0.924,0.9271,0.9314,0.9336,0.9469,0.949,0.9482
Train accuracy: 37.2,65.8,77.5,82.3,84.8,86.9,88.4,90.3,90.9,91.8,92.7,93.5,94.1,94.3,94.7,94.9,95.3,95.5,95.6,95.7,95.7,96.0,96.1,96.3,96.4,96.1,96.3,96.4,96.4,96.4,96.4,96.5,96.5,96.5,96.6,96.7,97.2,97.2,97.3,97.4,97.4,97.5,97.5,97.6,97.5,97.6,97.6,97.6,97.6,97.6
Test accuracy: 36.1,61.9,72.5,75.2,77.7,77.6,78.4,79.1,79.6,80.0,80.0,80.0,79.9,80.5,79.9,80.4,80.4,80.8,80.6,79.9,80.4,80.2,80.3,80.5,79.9,80.0,80.4,80.5,80.5,80.5,80.2,80.8,80.7,80.3,80.5,80.8,80.9,81.1,80.9,81.0,81.0,81.1,80.9,81.1,81.1,80.7,81.1,81.2,81.5,81.1
Rank: 100,100,100,100,100,100,100,100,100,100,100,100,100,100,100,100,100,100,100,100,100,100,100,100,100,100,100,100,100,100,100,100,100,100,100,100,100,100,100,100,100,100,100,100,100,100,100,100,100,100
Seed 9/10
Train loss: 3.3023,2.311,1.6263,1.2129,0.9487,0.7596,0.641,0.5609,0.5016,0.4523,0.4207,0.3869,0.3615,0.342,0.3205,0.3038,0.2877,0.2727,0.2603,0.2479,0.2378,0.2283,0.2198,0.2114,0.2038,0.1956,0.1881,0.1819,0.1747,0.1702,0.1641,0.1592,0.1528,0.1486,0.1443,0.1418,0.1371,0.1339,0.1306,0.1275,0.1246,0.1223,0.1195,0.1169,0.1146,0.112,0.1098,0.1078,0.106,0.1045
Test loss: 3.3443,2.3972,1.7566,1.389,1.1782,1.0376,0.9729,0.9288,0.8962,0.8856,0.8681,0.848,0.8343,0.8374,0.8362,0.8413,0.8281,0.8298,0.8202,0.8248,0.8294,0.8297,0.826,0.8353,0.8348,0.8363,0.8353,0.8388,0.832,0.833,0.8494,0.8468,0.8624,0.8539,0.8757,0.8685,0.8683,0.8727,0.8789,0.8868,0.8944,0.9093,0.9232,0.928,0.932,0.9169,0.9211,0.9292,0.9376,0.9431
Train accuracy: 39.9,65.0,76.6,81.7,84.5,86.4,88.1,89.6,91.1,92.2,92.8,93.3,93.7,94.1,94.4,95.0,95.3,95.5,95.5,95.8,95.9,96.1,96.0,96.3,96.4,96.3,96.5,96.5,96.7,96.5,96.6,96.7,96.8,96.8,96.9,96.8,96.9,97.0,96.9,97.1,97.0,97.1,97.2,97.2,97.2,97.2,97.2,97.2,97.3,97.3
Test accuracy: 36.9,60.7,72.7,77.0,77.9,79.0,78.7,79.5,79.7,80.0,80.4,80.1,81.0,80.9,81.4,81.0,81.4,81.4,81.6,81.2,81.1,81.3,81.2,81.7,81.3,81.4,81.5,81.3,80.6,82.3,81.3,81.7,81.2,81.1,81.2,81.5,81.5,81.0,80.5,80.6,80.0,80.7,80.3,80.4,80.6,80.1,80.4,80.5,80.5,80.5
Rank: 100,100,100,100,100,100,100,100,100,100,100,100,100,100,100,100,100,100,100,100,100,100,100,100,100,100,100,100,100,100,100,100,100,100,100,100,100,100,100,100,100,100,100,100,100,100,100,100,100,100
Seed 10/10
Train loss: 3.3481,2.3353,1.5955,1.1787,0.9108,0.7365,0.6222,0.5484,0.496,0.4513,0.4153,0.3877,0.3622,0.3413,0.325,0.3064,0.292,0.2787,0.2692,0.2562,0.2466,0.2368,0.2294,0.2192,0.2129,0.205,0.1987,0.1924,0.1861,0.1809,0.1761,0.1719,0.1669,0.1627,0.1591,0.1553,0.1522,0.1494,0.1466,0.1432,0.1406,0.139,0.1362,0.1334,0.1313,0.1294,0.1275,0.1255,0.1238,0.1222
Test loss: 3.3809,2.404,1.7066,1.3415,1.1318,1.0069,0.9429,0.8991,0.8699,0.8459,0.832,0.8138,0.8119,0.8061,0.8088,0.7941,0.799,0.7941,0.7951,0.8019,0.8031,0.8067,0.8204,0.8025,0.8096,0.8093,0.808,0.8048,0.8162,0.8085,0.8127,0.8165,0.822,0.8245,0.825,0.8228,0.8201,0.8321,0.8251,0.8227,0.8294,0.8324,0.8408,0.8459,0.8352,0.8415,0.8493,0.8517,0.8596,0.8513
Train accuracy: 37.4,65.5,77.7,81.6,84.0,86.3,88.0,90.0,90.9,92.1,92.6,93.5,93.6,93.8,94.3,94.5,94.7,94.9,95.0,95.1,94.9,95.4,95.3,95.5,95.7,95.9,95.8,95.8,95.9,95.9,96.2,96.3,96.2,96.2,96.4,96.3,96.4,96.5,96.5,96.6,96.6,96.8,96.8,96.8,96.9,96.8,96.8,96.8,96.9,96.9
Test accuracy: 34.4,63.5,73.1,76.9,77.5,78.4,78.8,79.2,80.0,80.3,80.9,80.9,81.4,81.1,80.9,80.5,81.2,81.3,81.2,80.8,80.7,81.0,80.7,80.7,80.4,81.1,81.3,81.0,80.8,81.4,80.7,80.4,81.4,81.2,81.2,81.3,81.5,81.7,81.5,81.4,81.6,81.6,81.5,81.5,81.6,81.9,82.0,82.0,82.1,81.7
Rank: 100,100,100,100,100,100,100,100,100,100,100,100,100,100,100,100,100,100,100,100,100,100,100,100,100,100,100,100,100,100,100,100,100,100,100,100,100,100,100,100,100,100,100,100,100,100,100,100,100,100
