Seed 1/10
Train loss: 4.6675,4.5852,4.5327,4.4991,4.4714,4.4468,4.4263,4.4087,4.3931,4.3793,4.3651,4.3529,4.3444,4.3336,4.3234,4.3155,4.3075,4.2992,4.2942,4.2831,4.2765,4.2707,4.2635,4.2559,4.2498,4.2432,4.2377,4.2316,4.2255,4.2189,4.213,4.2092,4.2048,4.1973,4.1918,4.1875,4.1832,4.1787,4.1707,4.1673,4.1608,4.1581,4.1518,4.1432,4.1388,4.1324,4.1268,4.123,4.1151,4.1099
Test loss: 4.6666,4.5881,4.5405,4.5117,4.4871,4.4663,4.4478,4.4339,4.418,4.4112,4.3984,4.3863,4.3765,4.3743,4.3662,4.362,4.3535,4.3439,4.3376,4.335,4.3264,4.3239,4.318,4.3111,4.3077,4.3028,4.3025,4.2944,4.2932,4.2864,4.2859,4.2827,4.2846,4.2715,4.2681,4.2662,4.2685,4.2629,4.2596,4.2564,4.2587,4.2577,4.2563,4.2534,4.2489,4.247,4.2469,4.2466,4.2382,4.2369
Train accuracy: 1.4,1.7,2.2,2.6,2.4,2.0,2.1,2.2,2.6,2.6,2.8,2.5,2.4,2.4,2.3,2.3,2.3,2.2,2.4,2.3,2.3,2.3,2.1,2.4,2.3,2.4,2.4,2.3,2.5,2.3,2.4,2.4,2.4,2.5,2.3,2.8,2.8,2.6,2.5,2.9,2.7,2.8,3.0,2.7,2.8,2.7,2.6,2.6,2.6,2.9
Test accuracy: 1.2,1.8,2.3,2.3,2.4,2.4,2.3,2.3,2.4,2.9,3.0,2.5,2.4,2.3,2.3,2.4,2.4,2.6,2.4,2.3,2.3,2.2,2.0,2.4,2.4,2.2,2.3,2.3,2.3,2.3,2.0,2.6,2.6,2.2,2.5,2.9,2.7,2.6,2.4,2.6,2.7,2.6,3.0,2.6,3.1,3.1,3.0,2.8,2.7,2.8
Rank: 28,30,32,34,34,35,37,36,36,38,39,39,40,41,41,41,42,42,43,42,44,43,43,45,46,45,45,46,46,47,47,47,48,47,48,49,48,50,49,50,50,50,50,51,51,50,51,51,51,53
Seed 2/10
Train loss: 4.6744,4.5979,4.5471,4.5121,4.4831,4.4594,4.4373,4.4188,4.4027,4.3904,4.3777,4.3661,4.3506,4.34,4.3301,4.3202,4.3105,4.3023,4.2939,4.2864,4.2796,4.272,4.2636,4.2587,4.2504,4.2452,4.2377,4.2308,4.2242,4.2193,4.22,4.2067,4.1993,4.1964,4.1894,4.1826,4.1763,4.1715,4.1639,4.1578,4.1522,4.1503,4.1462,4.1355,4.1302,4.1253,4.1184,4.1133,4.1094,4.103
Test loss: 4.6735,4.604,4.5619,4.5327,4.5103,4.493,4.4676,4.4508,4.4354,4.4247,4.4147,4.4034,4.3936,4.3882,4.3796,4.3716,4.3654,4.3606,4.3515,4.3483,4.3414,4.3317,4.3259,4.3221,4.3176,4.3132,4.3072,4.3037,4.2996,4.2938,4.2872,4.2813,4.2794,4.2767,4.2704,4.268,4.2723,4.2609,4.2576,4.2566,4.2525,4.258,4.2414,4.2432,4.244,4.2374,4.2375,4.2295,4.2243,4.2279
Train accuracy: 1.9,2.5,1.8,1.9,1.6,1.7,2.0,1.9,2.1,2.0,2.0,1.9,2.0,2.0,1.9,1.8,2.0,1.9,2.1,2.0,2.0,2.0,1.7,2.3,2.2,1.9,1.9,2.2,2.2,2.1,2.4,2.3,1.9,2.4,2.3,2.4,2.3,2.3,2.4,2.4,2.4,2.3,2.4,2.4,2.4,2.2,2.4,2.4,2.2,2.4
Test accuracy: 2.0,2.3,1.9,1.7,1.6,1.8,1.9,1.7,2.2,2.1,1.4,1.8,1.9,1.8,1.9,1.6,1.8,1.9,1.8,1.9,2.0,2.0,1.9,2.2,2.2,1.6,1.6,2.2,2.0,2.0,2.2,2.0,1.9,2.3,2.3,2.2,1.8,2.1,2.0,1.9,2.0,2.0,2.0,1.6,1.7,2.0,2.2,2.2,2.3,2.2
Rank: 28,30,30,31,32,33,35,35,35,36,36,36,36,38,38,38,39,40,41,40,41,41,40,43,42,43,43,44,43,45,43,44,45,45,45,44,45,46,46,45,46,47,46,47,46,48,47,48,48,47
Seed 3/10
Train loss: 4.6628,4.6014,4.5578,4.5236,4.4981,4.4709,4.4473,4.4291,4.4124,4.395,4.3776,4.365,4.3538,4.3402,4.3279,4.3173,4.3083,4.298,4.29,4.2812,4.2735,4.2665,4.2584,4.2503,4.2447,4.2367,4.2303,4.224,4.2164,4.2102,4.2044,4.1972,4.1897,4.1824,4.1759,4.1709,4.1628,4.1564,4.1513,4.1451,4.1367,4.1296,4.1231,4.1174,4.1106,4.1062,4.0988,4.0918,4.0858,4.0828
Test loss: 4.6779,4.6215,4.5776,4.5477,4.5215,4.4997,4.4782,4.4624,4.4498,4.4336,4.4164,4.4022,4.3941,4.3818,4.3706,4.362,4.3564,4.3452,4.3395,4.3305,4.3281,4.316,4.3133,4.3076,4.3026,4.2993,4.2972,4.2952,4.2827,4.2814,4.2791,4.2704,4.2639,4.2629,4.261,4.2607,4.2533,4.251,4.2493,4.2466,4.2391,4.2349,4.2317,4.2268,4.2247,4.22,4.2161,4.213,4.2114,4.2122
Train accuracy: 1.6,1.6,1.7,2.0,2.1,2.2,2.3,2.3,2.1,2.1,2.4,2.3,2.2,2.2,2.2,2.1,2.2,2.3,2.3,2.2,2.1,2.2,2.3,2.7,2.6,2.6,2.7,2.5,2.6,2.6,2.6,2.6,2.7,2.7,2.7,2.7,2.8,2.7,2.6,2.5,2.4,2.6,2.6,2.5,2.8,2.6,2.5,2.6,2.6,2.5
Test accuracy: 1.7,1.6,1.8,1.5,1.5,1.7,1.5,1.9,1.5,1.6,2.1,2.1,2.0,2.1,1.9,2.0,2.2,2.1,1.9,2.0,2.0,1.5,2.1,2.1,2.2,2.3,2.3,2.2,2.2,2.1,2.1,2.3,2.2,2.2,2.1,2.3,2.5,2.4,2.3,2.3,2.3,2.4,2.2,2.2,2.3,2.5,2.4,2.5,2.3,2.6
Rank: 30,32,33,35,36,37,38,38,37,38,40,39,39,40,41,41,42,43,43,43,43,43,45,46,47,46,46,48,46,47,48,47,49,48,49,49,49,49,50,51,51,51,50,52,51,52,51,53,53,51
Seed 4/10
Train loss: 4.6279,4.5556,4.512,4.4829,4.4589,4.438,4.4199,4.4053,4.3919,4.3795,4.3692,4.359,4.3509,4.3415,4.3321,4.3246,4.3162,4.3081,4.3015,4.2944,4.2876,4.2815,4.2735,4.2695,4.2616,4.2538,4.2487,4.2419,4.2365,4.2304,4.2218,4.2174,4.21,4.204,4.1978,4.1923,4.1882,4.1816,4.174,4.1712,4.1626,4.1567,4.1525,4.148,4.1408,4.1343,4.1302,4.1239,4.1191,4.1129
Test loss: 4.6258,4.5622,4.5195,4.4933,4.4732,4.4537,4.4345,4.4221,4.4089,4.4003,4.3917,4.3817,4.3766,4.3695,4.3604,4.3547,4.3462,4.3442,4.3411,4.334,4.328,4.3265,4.3226,4.3142,4.311,4.3065,4.2997,4.2944,4.2936,4.2859,4.2841,4.2801,4.2777,4.2704,4.2727,4.2716,4.2618,4.2592,4.2579,4.2552,4.251,4.2503,4.2413,4.2428,4.2377,4.2416,4.2435,4.2372,4.2337,4.2282
Train accuracy: 1.1,1.6,1.8,1.9,2.4,2.5,2.5,2.5,2.5,2.4,2.4,2.4,2.4,2.2,2.2,2.0,2.2,2.3,2.2,2.1,2.0,2.2,2.1,2.0,2.3,2.5,2.4,2.5,2.3,2.5,2.4,2.5,2.5,2.5,2.4,2.4,2.6,2.5,2.5,2.5,2.6,2.4,2.6,2.6,2.6,2.5,2.6,2.5,2.5,2.5
Test accuracy: 1.2,1.7,2.4,2.4,2.2,2.1,2.0,2.1,2.3,2.2,2.2,2.4,2.3,2.4,2.4,2.2,2.8,2.7,2.5,2.4,2.1,2.4,2.3,1.5,1.7,1.7,1.9,1.8,1.8,2.0,2.0,2.2,2.3,2.3,2.0,2.1,2.3,2.4,2.4,2.4,2.7,2.4,2.5,2.4,2.5,2.4,2.4,2.6,2.6,2.7
Rank: 31,36,37,38,39,40,41,42,42,43,42,43,43,44,44,44,44,44,46,46,45,46,47,47,46,48,48,48,49,48,49,49,51,50,51,50,51,51,52,52,53,54,53,53,55,53,53,55,54,55
Seed 5/10
Train loss: 4.6524,4.5776,4.5338,4.5013,4.4759,4.4543,4.4351,4.419,4.4033,4.3887,4.3752,4.3653,4.3541,4.3419,4.3324,4.3236,4.3135,4.3051,4.2972,4.2894,4.2814,4.2721,4.2648,4.2584,4.2506,4.2434,4.2368,4.2293,4.2216,4.2151,4.2085,4.2018,4.194,4.1881,4.1817,4.176,4.1682,4.1615,4.1557,4.1492,4.1434,4.1374,4.134,4.1247,4.1187,4.1128,4.1077,4.1015,4.0959,4.0936
Test loss: 4.6531,4.5766,4.5375,4.5085,4.4873,4.4685,4.4537,4.4428,4.4267,4.4162,4.4066,4.3976,4.3929,4.3826,4.3737,4.3677,4.3637,4.3586,4.3467,4.3442,4.3356,4.3298,4.3277,4.3227,4.3152,4.3117,4.3076,4.3003,4.2957,4.297,4.2915,4.2899,4.2793,4.2803,4.2755,4.273,4.2687,4.2627,4.2619,4.2647,4.2565,4.2558,4.2645,4.2492,4.2487,4.2435,4.2421,4.2361,4.2406,4.2275
Train accuracy: 1.7,1.8,1.7,1.7,1.7,1.7,2.1,1.6,2.1,1.9,1.9,2.0,1.9,2.0,1.9,2.0,1.8,1.8,2.1,2.1,2.3,2.5,2.4,2.7,2.2,2.1,2.3,2.3,2.3,2.4,2.4,2.2,2.4,2.4,2.8,2.7,2.4,2.4,2.3,2.3,2.5,2.6,2.3,2.6,2.6,2.6,2.4,2.6,2.5,2.7
Test accuracy: 1.6,1.5,1.2,1.3,1.1,1.3,1.6,1.3,2.0,1.8,1.8,2.0,1.8,2.2,2.0,2.5,2.4,2.4,2.7,2.6,2.5,2.8,2.6,3.0,2.7,2.6,2.8,2.4,2.6,2.8,2.5,2.6,2.5,2.7,2.6,2.8,2.6,2.6,2.4,2.4,2.4,2.3,2.5,2.3,2.7,2.6,2.7,2.3,2.6,2.7
Rank: 30,33,34,35,34,37,38,37,38,39,39,39,40,41,41,40,42,42,43,43,44,44,45,45,45,47,48,47,47,48,48,49,48,49,49,49,50,49,50,49,49,49,51,51,52,51,51,51,52,52
Seed 6/10
Train loss: 4.685,4.6115,4.5689,4.5335,4.5056,4.4825,4.4617,4.4436,4.4272,4.4119,4.3989,4.3878,4.3771,4.3665,4.3581,4.3484,4.3418,4.3321,4.3252,4.3203,4.3098,4.3032,4.298,4.2901,4.2851,4.2789,4.2725,4.266,4.2621,4.2552,4.2486,4.2432,4.2385,4.2351,4.2308,4.2209,4.2154,4.21,4.205,4.1982,4.1935,4.1894,4.1826,4.1768,4.1727,4.1652,4.1601,4.1543,4.1483,4.1433
Test loss: 4.6926,4.6202,4.5806,4.5475,4.5218,4.499,4.48,4.4605,4.4446,4.431,4.4194,4.4093,4.3957,4.3851,4.3769,4.3693,4.3617,4.3558,4.3486,4.3462,4.3364,4.3335,4.3323,4.3253,4.3229,4.3176,4.3115,4.3069,4.304,4.3003,4.2935,4.2865,4.2839,4.2806,4.2881,4.2739,4.27,4.2682,4.2643,4.2612,4.2527,4.2483,4.2477,4.2439,4.2361,4.2319,4.2271,4.2291,4.2253,4.2202
Train accuracy: 1.9,2.0,1.9,2.6,2.6,2.4,2.3,2.1,1.9,2.0,1.9,2.2,2.2,2.1,2.3,2.3,2.3,2.3,2.0,2.2,2.2,2.3,2.2,2.3,2.2,2.2,2.2,2.2,2.1,2.1,2.1,2.2,2.1,2.4,2.4,2.2,2.3,2.4,2.1,2.3,2.3,2.2,2.3,2.3,2.3,2.5,2.3,2.2,2.3,2.4
Test accuracy: 1.8,2.0,1.9,2.3,2.1,2.0,2.0,2.2,1.8,1.8,1.8,1.8,1.6,1.7,1.8,1.7,2.1,2.1,2.2,2.9,2.7,3.0,2.7,2.5,2.6,2.3,2.3,2.4,2.4,2.6,2.6,2.7,2.6,2.4,2.2,2.9,3.0,2.5,2.1,2.3,2.4,2.6,2.7,2.5,2.6,2.8,2.9,2.6,2.2,2.9
Rank: 27,29,31,33,34,34,36,37,37,36,37,40,39,40,40,41,41,42,42,41,42,43,44,43,42,44,45,44,45,46,45,47,47,47,48,47,48,47,49,49,47,48,46,47,48,49,49,49,49,50
Seed 7/10
Train loss: 4.6996,4.6308,4.5841,4.5475,4.5174,4.4951,4.4722,4.4552,4.4379,4.4221,4.4105,4.3979,4.3878,4.3748,4.3668,4.3559,4.3498,4.3416,4.333,4.3261,4.3204,4.3144,4.309,4.3013,4.296,4.2909,4.2838,4.2786,4.2761,4.2691,4.2644,4.258,4.2532,4.2483,4.244,4.2393,4.2334,4.2291,4.2232,4.2182,4.2146,4.2107,4.2033,4.1992,4.1919,4.1878,4.1839,4.1779,4.1724,4.166
Test loss: 4.7043,4.639,4.5931,4.5548,4.5317,4.5113,4.4902,4.4732,4.4557,4.4439,4.4309,4.4209,4.4141,4.4048,4.401,4.3877,4.3853,4.3749,4.3716,4.3634,4.3575,4.3565,4.3604,4.3509,4.3429,4.3416,4.3378,4.3294,4.3256,4.3257,4.3204,4.3138,4.3088,4.3058,4.305,4.3024,4.2958,4.2927,4.2925,4.2913,4.2887,4.2849,4.2807,4.2786,4.2749,4.2726,4.2704,4.2653,4.2608,4.2604
Train accuracy: 1.8,1.8,1.9,1.8,1.9,1.9,2.2,2.4,2.3,2.3,2.4,2.2,2.2,2.2,2.3,2.2,2.2,2.3,2.3,2.2,2.3,2.2,2.3,2.3,2.3,2.4,2.5,2.5,2.4,2.3,2.6,2.4,2.4,2.4,2.4,2.4,2.4,2.4,2.5,2.6,2.6,2.8,2.7,2.6,2.6,2.4,2.6,2.5,2.7,2.6
Test accuracy: 1.9,1.8,1.8,1.9,1.8,1.9,2.4,2.6,2.6,2.6,2.7,2.5,2.8,2.5,2.6,2.4,2.4,2.3,2.5,2.4,2.5,2.3,2.3,2.1,2.4,2.4,2.3,2.4,2.4,2.4,2.2,2.7,2.4,2.6,2.8,2.6,2.6,2.6,2.6,2.6,2.7,2.9,2.7,2.7,2.6,2.9,2.9,2.8,2.8,2.5
Rank: 26,31,33,35,35,36,37,39,38,39,40,41,42,42,44,42,45,44,43,44,44,46,46,45,46,46,46,45,46,46,47,46,46,47,48,47,47,48,48,49,49,49,49,49,50,50,53,51,53,54
Seed 8/10
Train loss: 4.6662,4.6045,4.5639,4.5277,4.5023,4.4792,4.4576,4.4406,4.4242,4.409,4.3989,4.3857,4.3744,4.3637,4.3549,4.3448,4.3349,4.3267,4.3178,4.3104,4.3026,4.2937,4.2872,4.2819,4.273,4.2671,4.2601,4.254,4.2486,4.2413,4.2341,4.2304,4.2264,4.2187,4.2122,4.2064,4.2014,4.1946,4.1928,4.1854,4.1787,4.1733,4.1684,4.1635,4.1608,4.1506,4.1441,4.142,4.1334,4.1297
Test loss: 4.6776,4.6201,4.5854,4.5519,4.528,4.5063,4.4874,4.4714,4.4576,4.4446,4.4356,4.4238,4.4135,4.4015,4.3954,4.3854,4.3788,4.3706,4.3627,4.3566,4.3476,4.3419,4.3341,4.3317,4.3253,4.321,4.3207,4.3142,4.3115,4.3094,4.2982,4.2967,4.2894,4.2905,4.288,4.2839,4.2786,4.2753,4.2685,4.2628,4.2604,4.2646,4.2572,4.2546,4.248,4.25,4.2462,4.244,4.2349,4.222
Train accuracy: 1.9,2.0,2.0,2.0,2.1,2.0,2.3,2.3,2.2,2.3,2.3,2.2,2.2,2.1,2.1,2.1,2.1,2.2,2.2,2.2,2.2,2.2,2.3,2.2,2.3,2.2,2.1,2.2,2.2,2.1,2.3,2.4,2.5,2.4,2.3,2.4,2.4,2.5,2.8,2.4,2.4,2.2,2.3,2.4,2.3,2.4,2.6,2.6,2.5,2.7
Test accuracy: 1.9,2.0,2.0,1.9,1.9,1.9,1.8,1.7,1.7,2.1,2.1,2.0,2.3,2.0,1.8,2.0,1.9,2.1,2.2,2.4,2.0,2.1,2.2,2.0,2.1,2.0,1.9,2.0,2.0,1.9,2.0,2.2,1.9,2.1,2.4,2.6,2.2,2.2,2.2,2.0,1.9,2.2,2.4,2.4,2.3,2.3,2.4,2.1,1.8,2.4
Rank: 27,28,30,32,32,32,33,35,34,35,35,36,37,37,38,39,39,40,39,40,39,39,40,41,42,42,42,43,42,43,44,44,45,46,46,45,46,46,48,47,47,45,48,48,49,49,49,49,50,50
Seed 9/10
Train loss: 4.6921,4.6188,4.5728,4.5314,4.5036,4.4787,4.4558,4.4372,4.418,4.4024,4.3891,4.3768,4.3629,4.3514,4.3426,4.3314,4.3234,4.3137,4.3061,4.2994,4.2903,4.2826,4.2771,4.2683,4.26,4.2533,4.248,4.2412,4.2339,4.2292,4.2224,4.2176,4.2105,4.2055,4.1985,4.1919,4.1879,4.1812,4.174,4.1693,4.1628,4.1568,4.1498,4.144,4.1385,4.1328,4.1266,4.1203,4.1141,4.1163
Test loss: 4.699,4.6273,4.5898,4.5491,4.5226,4.4993,4.4767,4.4612,4.4437,4.43,4.4164,4.4101,4.3944,4.3819,4.378,4.3661,4.3571,4.3501,4.3457,4.3399,4.3281,4.3212,4.3182,4.3105,4.3011,4.2974,4.29,4.2851,4.2807,4.2746,4.2722,4.2664,4.2601,4.2559,4.2529,4.25,4.2437,4.2395,4.2342,4.2308,4.2272,4.2216,4.2231,4.217,4.2172,4.2138,4.2115,4.2027,4.2014,4.2006
Train accuracy: 1.4,0.8,1.1,1.3,1.4,1.2,1.5,1.5,1.6,1.6,1.7,1.5,1.5,1.5,1.6,1.6,1.8,1.8,1.8,1.8,1.8,1.8,1.8,1.8,1.9,1.9,2.2,2.3,2.3,2.4,2.2,2.1,2.4,2.4,2.2,2.3,2.3,2.0,1.8,2.3,2.2,2.2,2.3,2.2,1.9,2.1,2.2,2.5,2.5,2.2
Test accuracy: 1.2,0.7,0.7,0.8,0.9,0.9,1.1,1.2,1.3,1.4,1.2,1.1,1.3,1.0,1.2,1.1,1.4,1.7,1.5,1.3,1.6,1.6,1.4,1.5,1.5,1.5,2.1,2.0,1.9,2.2,1.8,2.1,2.4,2.4,2.3,2.0,2.6,2.0,1.8,2.4,2.2,1.6,2.1,1.9,1.8,2.4,2.2,2.2,2.2,2.1
Rank: 27,29,34,34,34,34,37,38,39,39,40,41,40,41,41,42,41,42,43,44,45,45,44,44,44,43,44,45,46,45,44,43,44,45,44,45,45,46,45,45,45,45,46,45,46,48,46,47,47,46
Seed 10/10
Train loss: 4.6147,4.5421,4.5048,4.4738,4.4496,4.4287,4.4105,4.3947,4.3819,4.3696,4.3571,4.3466,4.3359,4.3287,4.3238,4.3115,4.3049,4.298,4.2901,4.2825,4.2752,4.2701,4.2636,4.2565,4.2526,4.2444,4.2392,4.2333,4.2255,4.2204,4.2139,4.2106,4.2037,4.1983,4.1904,4.1832,4.1799,4.1762,4.1688,4.1638,4.1555,4.1569,4.1509,4.1407,4.1345,4.1281,4.122,4.119,4.1115,4.1044
Test loss: 4.6119,4.5438,4.5087,4.4806,4.4625,4.4417,4.4272,4.4123,4.4044,4.3929,4.3846,4.3776,4.3684,4.3614,4.3561,4.3473,4.3442,4.3364,4.3304,4.3248,4.3186,4.317,4.3128,4.3109,4.3077,4.3028,4.295,4.2944,4.2855,4.2821,4.2769,4.2802,4.2682,4.2699,4.265,4.2593,4.2577,4.255,4.2509,4.2479,4.2432,4.2399,4.239,4.2323,4.2272,4.2303,4.2249,4.2287,4.2184,4.2131
Train accuracy: 1.1,1.9,2.0,2.0,2.3,2.6,1.9,1.9,1.9,2.0,1.8,2.0,2.3,2.2,2.2,2.2,2.3,2.5,2.2,2.2,2.2,2.4,2.6,2.6,2.3,2.3,2.4,2.3,2.3,2.3,2.4,2.3,2.6,2.5,2.5,2.5,2.3,2.3,2.2,2.5,2.5,2.6,2.4,2.4,2.8,2.5,2.5,2.5,2.5,2.5
Test accuracy: 1.3,1.9,2.2,2.2,2.2,2.3,1.8,1.6,1.8,1.5,1.5,1.8,2.1,1.9,2.0,1.8,1.5,2.0,1.9,2.4,2.5,2.2,2.6,2.7,2.3,2.4,2.0,2.3,2.5,1.9,2.3,2.5,2.3,2.3,2.3,2.4,2.2,2.5,2.0,2.3,2.4,2.5,2.2,2.2,2.7,2.4,2.8,2.5,2.4,2.5
Rank: 27,31,33,34,36,38,37,37,37,38,38,39,38,39,40,40,40,40,40,41,42,41,40,41,41,40,40,41,41,42,42,43,44,44,44,45,45,46,46,45,47,47,46,46,46,46,49,49,49,50
