Seed 1/10
Train loss: 3.9845,3.5303,3.1543,2.8027,2.4756,2.1833,1.9158,1.6907,1.5112,1.3764,1.2637,1.1779,1.1138,1.0562,1.0045,0.9712,0.9337,0.9031,0.8741,0.851,0.8238,0.807,0.7853,0.7664,0.7527,0.7345,0.7219,0.7095,0.6907,0.6756,0.6701,0.6608,0.647,0.639,0.6255,0.616,0.6075,0.5956,0.5864,0.5768,0.5686,0.5602,0.5562,0.55,0.5373,0.5337,0.5275,0.5214,0.5166,0.5058
Test loss: 4.0105,3.5816,3.232,2.9029,2.6002,2.3343,2.0963,1.8935,1.7405,1.6365,1.5469,1.4871,1.4569,1.4455,1.4291,1.404,1.3815,1.3956,1.369,1.3552,1.3615,1.3385,1.3443,1.3348,1.337,1.3402,1.3251,1.328,1.32,1.3349,1.3525,1.3508,1.3575,1.3417,1.345,1.3525,1.3451,1.3463,1.3566,1.3524,1.36,1.3724,1.3745,1.3864,1.3759,1.386,1.4019,1.412,1.4301,1.4201
Train accuracy: 12.6,18.5,26.1,35.0,43.9,50.5,56.5,60.7,64.3,66.8,69.7,72.2,73.3,74.5,75.6,76.4,76.9,78.0,78.5,78.9,79.6,80.1,80.7,81.5,81.6,82.1,82.6,82.5,83.2,84.1,83.8,84.5,84.2,84.7,85.0,85.6,85.6,85.9,86.6,86.6,87.0,87.0,87.4,87.5,87.7,87.9,88.0,88.1,88.2,88.6
Test accuracy: 12.8,17.6,23.5,32.1,39.8,46.2,51.8,55.4,58.8,60.5,62.7,64.5,65.8,66.6,67.1,67.5,67.8,67.6,67.8,67.8,67.9,68.0,68.6,67.3,68.6,67.9,68.0,68.7,68.6,67.9,68.1,68.8,67.8,68.1,67.7,69.6,68.9,68.0,68.5,69.1,68.2,68.0,68.0,67.9,68.6,68.2,68.8,68.1,68.3,68.1
Rank: 100,100,100,100,100,100,100,100,100,100,100,100,100,100,100,100,100,100,100,100,100,100,100,100,100,100,100,100,100,100,100,100,100,100,100,100,100,100,100,100,100,100,100,100,100,100,100,100,100,100
Seed 2/10
Train loss: 3.9944,3.523,3.1256,2.7527,2.4095,2.1121,1.8638,1.6542,1.4914,1.3689,1.2632,1.1763,1.1132,1.0585,1.0135,0.9704,0.9429,0.9188,0.8834,0.8672,0.8457,0.8215,0.8079,0.7923,0.7743,0.7564,0.7457,0.7302,0.7194,0.7071,0.6924,0.685,0.6712,0.6601,0.6523,0.6428,0.6325,0.6253,0.6175,0.6091,0.6026,0.5957,0.5858,0.5774,0.5694,0.5639,0.559,0.5556,0.5477,0.5416
Test loss: 4.0108,3.5656,3.1918,2.8418,2.5149,2.2373,2.0113,1.8287,1.696,1.6096,1.53,1.4641,1.4391,1.4159,1.3989,1.3807,1.3816,1.372,1.3548,1.3656,1.3468,1.3359,1.3445,1.3514,1.3547,1.3497,1.3533,1.3485,1.3443,1.3474,1.3499,1.3559,1.3496,1.3521,1.3646,1.38,1.3716,1.3799,1.3803,1.38,1.3973,1.3885,1.3927,1.3926,1.3934,1.4072,1.4143,1.4106,1.4266,1.4385
Train accuracy: 8.3,16.5,28.8,38.9,47.9,54.8,61.0,65.0,67.1,69.5,71.3,73.5,74.2,75.1,76.4,76.9,77.8,78.0,79.4,79.3,80.3,80.7,81.1,81.5,81.8,82.7,82.4,83.1,83.4,83.7,83.9,84.3,84.3,85.2,85.0,85.4,85.2,85.9,85.9,86.1,86.1,86.6,86.9,87.1,87.3,87.3,87.4,87.5,88.0,87.9
Test accuracy: 7.7,15.0,26.8,37.3,45.5,51.6,57.2,59.3,62.1,62.9,63.7,66.2,65.8,66.4,66.4,67.9,67.8,67.8,68.7,68.5,68.2,69.2,69.2,68.2,69.0,69.2,68.4,69.0,69.5,70.0,69.6,68.9,70.4,70.0,69.7,68.9,69.7,69.4,69.6,70.2,69.3,69.1,68.9,69.7,69.5,68.5,69.3,68.3,68.8,68.2
Rank: 100,100,100,100,100,100,100,100,100,100,100,100,100,100,100,100,100,100,100,100,100,100,100,100,100,100,100,100,100,100,100,100,100,100,100,100,100,100,100,100,100,100,100,100,100,100,100,100,100,100
Seed 3/10
Train loss: 3.954,3.4808,3.0934,2.7406,2.4112,2.1164,1.8724,1.6769,1.5181,1.3884,1.2894,1.2054,1.1435,1.0805,1.035,0.9959,0.9686,0.936,0.9093,0.8857,0.8556,0.8358,0.8181,0.794,0.7803,0.7615,0.7499,0.7338,0.7203,0.7083,0.693,0.6831,0.671,0.6571,0.6488,0.6438,0.6326,0.6234,0.6152,0.6065,0.5958,0.5865,0.5825,0.5725,0.5636,0.558,0.5513,0.5444,0.5427,0.5315
Test loss: 3.9867,3.5292,3.163,2.8355,2.5325,2.2657,2.0485,1.8792,1.7436,1.6435,1.5688,1.5147,1.482,1.4438,1.4157,1.4105,1.4067,1.3854,1.3746,1.3804,1.3704,1.3609,1.3657,1.3537,1.3685,1.3501,1.3638,1.363,1.3686,1.3637,1.3615,1.3706,1.3707,1.3699,1.3724,1.3778,1.3833,1.3881,1.3913,1.398,1.3987,1.3984,1.4103,1.4109,1.4109,1.4188,1.4207,1.4298,1.4354,1.4258
Train accuracy: 11.2,22.1,31.8,39.5,47.7,54.2,59.1,62.6,66.0,68.3,70.2,71.8,72.9,75.1,76.1,76.7,77.1,78.2,78.4,78.7,80.1,80.0,80.9,81.6,81.7,82.1,82.7,82.8,82.9,83.1,84.0,84.0,84.2,84.6,84.9,84.9,85.4,85.7,86.0,86.2,86.3,86.8,86.6,87.2,87.4,87.3,87.5,87.7,87.6,88.2
Test accuracy: 10.4,21.3,30.3,37.3,44.7,50.6,54.5,57.9,60.7,63.4,64.4,65.4,64.8,67.4,68.4,68.6,67.3,68.9,68.3,68.6,69.6,70.5,69.8,70.3,69.1,70.1,70.0,68.9,69.4,69.3,69.5,69.8,69.7,69.0,69.3,69.1,69.3,69.3,68.9,68.6,68.9,69.2,68.8,68.9,68.8,68.8,68.7,69.2,68.6,68.6
Rank: 100,100,100,100,100,100,100,100,100,100,100,100,100,100,100,100,100,100,100,100,100,100,100,100,100,100,100,100,100,100,100,100,100,100,100,100,100,100,100,100,100,100,100,100,100,100,100,100,100,100
Seed 4/10
Train loss: 3.8799,3.3755,2.9623,2.5978,2.2818,2.0208,1.8094,1.6315,1.4866,1.3645,1.2689,1.1823,1.1196,1.0653,1.0176,0.9769,0.9489,0.9154,0.8848,0.8587,0.8412,0.8143,0.7976,0.7829,0.7635,0.7496,0.7305,0.7147,0.7084,0.6899,0.6801,0.6647,0.6618,0.6434,0.6353,0.624,0.6146,0.6058,0.598,0.5902,0.583,0.5758,0.5695,0.5597,0.5545,0.5475,0.5387,0.5331,0.5275,0.5219
Test loss: 3.9299,3.4555,3.0695,2.7264,2.4363,2.202,2.0211,1.8765,1.7629,1.6737,1.6129,1.5577,1.5196,1.4981,1.4689,1.4562,1.4506,1.4307,1.4149,1.4146,1.4104,1.4017,1.4091,1.4111,1.3884,1.4033,1.405,1.3969,1.3997,1.4011,1.4179,1.4201,1.4412,1.4153,1.4357,1.4337,1.4362,1.4413,1.4373,1.4546,1.4481,1.4531,1.4588,1.4502,1.4578,1.4751,1.4863,1.4727,1.493,1.5107
Train accuracy: 13.6,22.0,31.3,41.2,50.1,56.3,60.9,63.8,67.0,68.7,70.3,72.1,73.4,74.7,75.6,77.0,77.7,78.5,78.8,79.7,80.1,80.6,80.6,81.7,81.9,81.9,82.6,83.0,82.8,83.7,83.7,84.2,84.2,85.0,84.9,85.5,85.2,85.9,85.9,86.4,86.0,86.6,86.5,86.9,87.1,86.9,87.4,87.9,87.7,87.9
Test accuracy: 11.5,20.2,30.4,39.0,46.7,51.8,55.8,59.2,59.9,61.5,63.0,63.2,65.8,66.1,67.2,67.9,67.1,68.3,68.5,68.6,68.5,68.8,67.6,67.9,68.7,67.9,68.1,68.4,68.1,68.5,68.1,68.1,68.5,68.4,67.4,68.6,67.4,67.9,68.2,68.0,68.4,67.9,67.4,68.3,67.7,68.1,67.7,68.9,67.8,68.1
Rank: 100,100,100,100,100,100,100,100,100,100,100,100,100,100,100,100,100,100,100,100,100,100,100,100,100,100,100,100,100,100,100,100,100,100,100,100,100,100,100,100,100,100,100,100,100,100,100,100,100,100
Seed 5/10
Train loss: 3.9284,3.4611,3.0789,2.7255,2.3991,2.1128,1.8682,1.6633,1.4965,1.3669,1.261,1.1782,1.1131,1.0574,1.0173,0.9771,0.945,0.9182,0.8902,0.8637,0.844,0.8248,0.8178,0.7876,0.7723,0.7615,0.7445,0.7313,0.7192,0.7065,0.696,0.6831,0.6761,0.6631,0.6526,0.6424,0.6311,0.6264,0.6216,0.6096,0.6012,0.5901,0.5804,0.5784,0.577,0.5666,0.556,0.553,0.5456,0.5404
Test loss: 3.9287,3.4864,3.1221,2.7837,2.4692,2.1961,1.9692,1.7851,1.644,1.5393,1.4645,1.4131,1.3696,1.3351,1.3265,1.2982,1.282,1.2786,1.2691,1.2626,1.2709,1.264,1.271,1.2527,1.2539,1.2476,1.2517,1.2391,1.2529,1.2544,1.2605,1.2547,1.2587,1.2454,1.2587,1.2654,1.2598,1.2567,1.2726,1.2732,1.2799,1.2802,1.2839,1.2868,1.3015,1.2959,1.2951,1.3086,1.3274,1.3194
Train accuracy: 12.0,21.6,30.9,40.6,48.5,54.6,59.5,63.0,66.0,67.4,69.8,72.0,72.2,73.8,74.7,76.3,77.3,77.8,78.0,79.0,79.5,80.2,80.3,81.1,81.5,81.3,82.0,82.1,82.8,82.9,83.0,83.4,83.5,83.9,84.5,84.7,84.8,85.4,85.3,85.6,86.0,86.5,86.5,86.7,86.4,86.6,87.0,86.8,87.4,87.6
Test accuracy: 12.6,21.3,28.7,37.3,46.9,53.1,56.5,59.7,61.7,63.6,64.2,66.3,65.7,67.1,67.5,68.9,69.5,69.9,70.1,68.1,69.7,68.9,70.0,69.6,69.3,69.3,69.5,69.8,70.7,69.6,69.9,69.6,70.2,71.0,70.6,70.7,70.6,70.4,70.9,71.0,70.6,69.9,71.1,70.4,70.0,70.8,70.5,70.3,70.7,70.5
Rank: 100,100,100,100,100,100,100,100,100,100,100,100,100,100,100,100,100,100,100,100,100,100,100,100,100,100,100,100,100,100,100,100,100,100,100,100,100,100,100,100,100,100,100,100,100,100,100,100,100,100
Seed 6/10
Train loss: 3.9511,3.4626,3.075,2.7254,2.4105,2.1335,1.9072,1.7272,1.5725,1.4437,1.3355,1.2539,1.1717,1.1155,1.0552,1.019,0.9743,0.945,0.9152,0.8952,0.8662,0.8512,0.8251,0.8138,0.7941,0.7724,0.759,0.7476,0.7306,0.7212,0.7056,0.7001,0.6858,0.6756,0.6658,0.6575,0.6501,0.635,0.628,0.6152,0.6141,0.6008,0.594,0.5846,0.5787,0.5768,0.5675,0.5584,0.5503,0.545
Test loss: 3.9473,3.482,3.1143,2.7814,2.4801,2.2229,2.0198,1.8616,1.7388,1.6404,1.5723,1.5248,1.4689,1.4409,1.415,1.4039,1.3895,1.3823,1.3711,1.3763,1.3647,1.3777,1.3631,1.3617,1.3684,1.3608,1.3607,1.3688,1.3593,1.3686,1.3714,1.3851,1.3796,1.3886,1.3701,1.378,1.3946,1.3787,1.3806,1.3884,1.4145,1.4001,1.4157,1.4169,1.4119,1.4326,1.4293,1.4356,1.4471,1.4456
Train accuracy: 12.6,21.5,30.5,39.2,47.5,53.2,58.2,62.0,65.0,67.5,69.5,70.1,71.9,73.1,74.4,74.9,76.6,77.0,78.0,78.3,79.6,79.5,79.8,80.1,80.7,81.6,81.6,82.1,82.5,82.8,83.4,83.3,83.5,84.2,84.3,84.4,84.3,84.7,85.1,85.7,85.6,85.9,86.3,86.7,86.7,86.3,86.8,87.3,87.4,87.3
Test accuracy: 12.4,19.3,29.2,37.5,44.5,48.9,53.4,58.2,61.0,62.5,63.4,63.7,64.4,65.3,65.8,67.2,66.9,66.5,68.5,67.7,69.0,67.5,68.5,68.6,67.6,66.8,68.0,68.5,67.6,67.8,68.5,68.0,68.9,68.3,68.7,69.4,68.9,68.9,68.0,68.3,67.9,69.3,67.2,68.4,68.0,68.6,67.0,67.9,68.5,68.5
Rank: 100,100,100,100,100,100,100,100,100,100,100,100,100,100,100,100,100,100,100,100,100,100,100,100,100,100,100,100,100,100,100,100,100,100,100,100,100,100,100,100,100,100,100,100,100,100,100,100,100,100
Seed 7/10
Train loss: 3.8994,3.4244,3.0321,2.6813,2.3618,2.0829,1.8434,1.6536,1.4903,1.3772,1.2819,1.205,1.1518,1.1004,1.0511,1.0244,0.9885,0.9605,0.9336,0.9112,0.8888,0.8677,0.8529,0.8313,0.8169,0.801,0.7836,0.7716,0.7541,0.7447,0.7354,0.7211,0.7082,0.6962,0.6858,0.6826,0.6696,0.656,0.6469,0.6394,0.6308,0.6231,0.6138,0.6124,0.5988,0.5929,0.5842,0.5773,0.5746,0.5656
Test loss: 3.9441,3.4978,3.1392,2.8163,2.524,2.2718,2.0608,1.9058,1.7813,1.7024,1.645,1.5918,1.5687,1.5529,1.5303,1.5174,1.499,1.4928,1.4959,1.4916,1.4904,1.4847,1.4793,1.4707,1.4673,1.465,1.4597,1.4663,1.4698,1.4598,1.4712,1.4715,1.4613,1.4585,1.4742,1.4758,1.4739,1.4674,1.4709,1.4745,1.4762,1.4804,1.4722,1.4839,1.4893,1.4881,1.4912,1.5003,1.4971,1.5073
Train accuracy: 13.9,23.3,33.3,42.6,51.2,57.7,61.9,64.1,67.4,68.9,70.4,71.6,72.5,73.5,74.9,75.0,76.2,76.9,77.6,77.7,78.7,79.2,79.3,80.3,80.7,80.9,81.9,82.0,82.2,82.6,82.6,83.6,83.3,83.8,84.3,84.0,84.2,84.6,85.0,84.8,85.5,85.6,85.7,85.8,86.5,86.5,86.7,86.8,87.2,87.6
Test accuracy: 13.9,20.7,29.6,38.7,45.8,51.4,54.8,56.9,59.2,62.0,62.4,62.3,62.2,63.8,64.0,63.5,64.6,65.0,65.6,64.7,64.8,65.1,64.6,65.5,66.1,65.9,67.0,65.7,66.4,66.2,66.1,66.0,66.4,66.8,67.3,66.4,66.7,66.9,66.4,66.3,67.6,66.8,66.4,67.6,66.1,66.8,67.0,67.4,66.7,67.2
Rank: 100,100,100,100,100,100,100,100,100,100,100,100,100,100,100,100,100,100,100,100,100,100,100,100,100,100,100,100,100,100,100,100,100,100,100,100,100,100,100,100,100,100,100,100,100,100,100,100,100,100
Seed 8/10
Train loss: 3.9861,3.4694,3.0428,2.6568,2.3176,2.0225,1.7847,1.6015,1.4538,1.3325,1.2454,1.1737,1.1108,1.0613,1.0197,0.9876,0.9496,0.9207,0.8986,0.8745,0.8533,0.8297,0.8146,0.793,0.7798,0.7651,0.7544,0.7349,0.7226,0.7105,0.6958,0.6833,0.6694,0.6615,0.6529,0.6413,0.6312,0.6191,0.6145,0.6069,0.5932,0.587,0.5799,0.5712,0.5643,0.5565,0.5473,0.5397,0.5338,0.5268
Test loss: 4.0113,3.5203,3.1133,2.747,2.4243,2.1504,1.9452,1.7913,1.6754,1.5911,1.5378,1.4953,1.4682,1.4473,1.4423,1.4397,1.4075,1.4021,1.3828,1.3868,1.3857,1.3871,1.3884,1.385,1.3966,1.4092,1.402,1.4057,1.4137,1.416,1.4158,1.4237,1.4126,1.4242,1.428,1.4513,1.434,1.4447,1.4423,1.4619,1.4567,1.471,1.4727,1.487,1.4781,1.4911,1.5025,1.4886,1.4948,1.5126
Train accuracy: 6.7,19.0,29.8,39.9,48.9,56.0,61.0,64.5,66.4,68.7,70.6,72.4,74.1,74.7,75.6,76.4,77.4,77.8,78.6,78.8,79.9,80.3,80.5,81.2,81.3,81.9,81.5,82.9,82.9,83.3,83.5,83.9,84.3,85.0,84.6,84.9,85.3,85.3,86.1,86.1,86.7,86.2,86.4,87.0,86.8,87.3,88.0,88.0,88.0,88.1
Test accuracy: 6.0,17.0,28.2,35.3,45.3,53.5,56.0,60.0,61.4,63.3,65.1,65.1,65.8,65.7,66.0,65.5,67.4,66.6,67.7,66.7,67.2,67.1,66.2,66.6,68.2,66.9,66.8,66.7,67.0,67.0,67.5,67.8,67.9,67.3,67.4,67.6,67.5,68.0,67.5,67.9,67.9,67.3,67.8,67.2,68.4,67.5,66.6,67.3,68.2,67.7
Rank: 100,100,100,100,100,100,100,100,100,100,100,100,100,100,100,100,100,100,100,100,100,100,100,100,100,100,100,100,100,100,100,100,100,100,100,100,100,100,100,100,100,100,100,100,100,100,100,100,100,100
Seed 9/10
Train loss: 3.9208,3.4294,3.0132,2.6332,2.2975,2.0216,1.7949,1.6078,1.4646,1.3368,1.2388,1.155,1.0862,1.03,0.9888,0.9453,0.9169,0.886,0.8529,0.8334,0.8113,0.7933,0.773,0.7544,0.7461,0.7248,0.7148,0.7077,0.6996,0.6796,0.6636,0.6539,0.6428,0.6288,0.6237,0.6145,0.609,0.5973,0.5922,0.5875,0.5786,0.5673,0.5659,0.5601,0.5507,0.5407,0.5357,0.528,0.5279,0.5175
Test loss: 3.9459,3.4851,3.1057,2.7557,2.4442,2.1974,2.0028,1.8519,1.7406,1.6466,1.5823,1.5387,1.4965,1.4725,1.4531,1.426,1.4214,1.4156,1.3961,1.3965,1.3946,1.3906,1.392,1.3884,1.3957,1.3936,1.41,1.4105,1.4112,1.4068,1.4026,1.4149,1.413,1.4098,1.4184,1.4284,1.4452,1.4417,1.4461,1.4532,1.447,1.4472,1.4551,1.4692,1.4774,1.4927,1.4853,1.4899,1.515,1.5099
Train accuracy: 10.1,20.7,33.2,43.8,50.8,57.5,62.3,65.6,67.9,70.0,71.3,73.3,74.5,75.7,76.1,77.1,78.0,78.6,79.2,80.0,80.9,81.0,81.5,81.8,81.9,83.1,83.0,82.8,83.1,83.3,84.1,84.7,85.0,85.2,85.0,85.1,85.6,86.0,85.8,86.0,86.4,86.8,86.7,86.8,87.0,87.4,87.7,87.8,88.1,88.4
Test accuracy: 9.7,18.3,31.1,39.7,46.7,52.4,57.2,61.3,62.8,64.8,66.2,66.9,67.3,67.3,68.2,68.3,68.5,67.5,68.8,68.6,68.1,68.6,68.0,67.7,68.2,68.4,68.3,68.0,68.3,68.5,68.8,68.6,68.0,69.6,68.3,68.4,68.1,68.4,67.7,68.7,68.5,68.7,69.0,67.9,68.2,67.7,68.3,68.3,68.1,68.1
Rank: 100,100,100,100,100,100,100,100,100,100,100,100,100,100,100,100,100,100,100,100,100,100,100,100,100,100,100,100,100,100,100,100,100,100,100,100,100,100,100,100,100,100,100,100,100,100,100,100,100,100
Seed 10/10
Train loss: 3.9543,3.4919,3.0912,2.7328,2.4118,2.1229,1.8801,1.6895,1.5268,1.3896,1.2896,1.1983,1.1241,1.0699,1.0188,0.9712,0.942,0.9135,0.881,0.8583,0.8351,0.8188,0.797,0.7748,0.7666,0.7501,0.7365,0.7169,0.7084,0.7007,0.6806,0.672,0.6634,0.6535,0.6419,0.6346,0.6234,0.6138,0.6067,0.5982,0.587,0.5807,0.5774,0.568,0.5595,0.5535,0.5484,0.5412,0.5324,0.5289
Test loss: 3.9851,3.5598,3.1899,2.8592,2.5655,2.2987,2.0868,1.9296,1.7885,1.6837,1.6141,1.5563,1.5147,1.4801,1.455,1.4331,1.4357,1.4261,1.416,1.4149,1.4079,1.4077,1.3903,1.3841,1.3897,1.393,1.3987,1.3899,1.3896,1.3971,1.3906,1.3988,1.4077,1.409,1.4062,1.4167,1.4134,1.4277,1.4265,1.431,1.4423,1.4373,1.4468,1.4483,1.4529,1.4648,1.4666,1.4767,1.4826,1.4913
Train accuracy: 12.3,19.6,28.1,38.4,45.4,52.4,57.9,61.7,64.9,67.3,68.5,70.8,71.7,73.3,74.0,76.0,76.1,77.4,78.0,78.7,78.9,79.7,79.3,81.2,80.8,80.9,81.9,82.6,82.3,82.7,83.5,83.6,83.8,83.8,84.7,84.5,85.3,85.4,85.4,85.3,86.1,86.2,86.1,86.5,87.2,86.6,86.9,87.2,87.4,87.7
Test accuracy: 11.7,18.0,25.7,34.3,41.6,48.3,52.4,55.5,60.2,62.1,63.8,64.6,65.2,66.6,66.9,67.7,67.2,67.3,67.6,68.7,68.5,68.4,69.1,69.3,69.8,69.1,69.5,70.1,69.6,69.4,70.2,70.0,69.3,69.9,69.8,69.7,69.5,69.1,69.0,68.7,69.6,69.3,69.1,69.0,69.2,68.9,69.5,69.3,69.7,69.0
Rank: 100,100,100,100,100,100,100,100,100,100,100,100,100,100,100,100,100,100,100,100,100,100,100,100,100,100,100,100,100,100,100,100,100,100,100,100,100,100,100,100,100,100,100,100,100,100,100,100,100,100
