Seed 1/10
Train loss: 4.0409,3.5982,3.2134,2.8433,2.5041,2.2138,1.9652,1.7622,1.6038,1.4784,1.3755,1.291,1.2207,1.1587,1.1055,1.0607,1.0209,0.9857,0.952,0.923,0.8958,0.8733,0.8498,0.8285,0.8106,0.7912,0.7744,0.7579,0.7414,0.7253,0.7141,0.703,0.6878,0.6755,0.6627,0.6503,0.6402,0.6278,0.6168,0.6066,0.5977,0.5869,0.5794,0.5704,0.5602,0.553,0.5459,0.538,0.5319,0.5217
Test loss: 4.0612,3.64,3.2787,2.9261,2.6057,2.3354,2.108,1.9169,1.7701,1.6653,1.5726,1.5023,1.4476,1.4055,1.3695,1.3408,1.3148,1.2959,1.2761,1.2598,1.246,1.2324,1.2294,1.2174,1.2115,1.2065,1.199,1.1966,1.1913,1.1878,1.1927,1.192,1.1858,1.18,1.1809,1.1844,1.183,1.1812,1.1828,1.1788,1.1768,1.1828,1.186,1.1888,1.1819,1.189,1.1953,1.1957,1.2076,1.2051
Train accuracy: 12.7,18.3,25.8,34.6,43.6,51.0,56.3,60.2,63.3,65.8,67.8,70.0,71.9,72.8,74.2,74.6,75.8,76.5,77.4,77.8,78.5,78.6,79.3,79.7,80.2,80.4,81.0,81.4,82.1,82.7,82.6,82.9,83.1,83.3,84.0,84.3,84.7,84.4,85.1,85.4,85.6,85.7,86.1,86.5,86.6,86.7,87.2,87.4,87.5,87.9
Test accuracy: 13.0,17.8,23.7,32.5,40.2,45.9,51.9,55.4,58.6,61.1,62.7,63.5,65.7,66.2,67.0,68.0,68.2,69.5,69.1,68.6,69.2,70.0,69.2,69.4,70.5,70.0,70.5,69.8,70.5,70.6,70.1,70.5,70.5,70.4,71.2,70.6,71.0,71.0,70.2,70.3,70.7,70.2,70.4,70.6,71.1,70.5,71.0,70.0,71.0,70.3
Rank: 100,100,100,100,100,100,100,100,100,100,100,100,100,100,100,100,100,100,100,100,100,100,100,100,100,100,100,100,100,100,100,100,100,100,100,100,100,100,100,100,100,100,100,100,100,100,100,100,100,100
Seed 2/10
Train loss: 4.0628,3.6014,3.1836,2.7791,2.4066,2.0958,1.855,1.6665,1.5251,1.4171,1.3275,1.2527,1.1922,1.1368,1.0905,1.0486,1.013,0.9802,0.9487,0.9221,0.8974,0.874,0.8545,0.8339,0.8148,0.7986,0.781,0.7643,0.7503,0.7353,0.7199,0.7082,0.6945,0.6834,0.6714,0.6596,0.6489,0.6391,0.6288,0.6191,0.6084,0.6004,0.5902,0.5815,0.573,0.5653,0.5586,0.5515,0.543,0.5369
Test loss: 4.0733,3.6319,3.2326,2.8457,2.4863,2.1876,1.9617,1.788,1.6623,1.5714,1.4967,1.439,1.3935,1.3554,1.3249,1.2973,1.2792,1.2576,1.2415,1.228,1.2139,1.2049,1.2002,1.1971,1.1903,1.1881,1.1844,1.18,1.1701,1.1678,1.1693,1.1709,1.1642,1.1649,1.1701,1.168,1.1646,1.1714,1.1699,1.174,1.1796,1.1732,1.18,1.1751,1.1793,1.1788,1.1856,1.1891,1.1937,1.2009
Train accuracy: 7.4,15.7,29.4,38.8,48.1,54.8,60.1,64.0,66.6,68.9,70.7,72.3,73.2,74.5,75.3,76.1,76.8,77.4,78.5,78.7,79.3,79.6,80.2,80.5,80.9,81.3,81.7,82.1,82.3,82.8,83.4,83.4,83.8,84.0,84.2,84.6,84.7,85.0,85.6,85.4,85.7,86.0,86.4,86.4,86.7,86.6,87.3,87.4,87.4,87.3
Test accuracy: 7.4,14.1,27.8,37.5,44.9,51.2,55.9,59.3,62.7,63.0,63.4,65.0,66.2,67.4,67.7,68.0,67.6,68.4,69.3,70.4,69.7,70.4,71.0,70.8,70.4,70.2,70.6,71.1,71.1,70.8,71.4,71.2,71.5,71.9,71.7,71.5,71.6,70.8,71.5,72.0,71.4,71.3,71.3,71.3,71.2,71.2,71.5,71.7,71.5,71.3
Rank: 100,100,100,100,100,100,100,100,100,100,100,100,100,100,100,100,100,100,100,100,100,100,100,100,100,100,100,100,100,100,100,100,100,100,100,100,100,100,100,100,100,100,100,100,100,100,100,100,100,100
Seed 3/10
Train loss: 4.0248,3.5538,3.1476,2.7723,2.4234,2.1215,1.8817,1.6983,1.555,1.4403,1.3478,1.2696,1.209,1.1499,1.0999,1.0581,1.021,0.9847,0.9556,0.9261,0.8994,0.8727,0.8507,0.8282,0.8093,0.7895,0.7733,0.7558,0.7391,0.7252,0.7101,0.6983,0.6829,0.6706,0.6572,0.6487,0.6375,0.6253,0.6157,0.6065,0.596,0.586,0.5776,0.5686,0.5599,0.5524,0.5453,0.5367,0.5312,0.5217
Test loss: 4.0514,3.5918,3.2001,2.8441,2.5179,2.2382,2.0194,1.8529,1.7216,1.6243,1.5454,1.4845,1.4404,1.3952,1.3578,1.3363,1.3179,1.2933,1.2807,1.2687,1.2613,1.246,1.2398,1.2294,1.2314,1.22,1.2222,1.2201,1.2197,1.2159,1.2124,1.2148,1.2109,1.2089,1.2098,1.2141,1.2126,1.2149,1.2166,1.218,1.2176,1.2224,1.225,1.226,1.2285,1.2337,1.2333,1.2382,1.2458,1.2424
Train accuracy: 10.7,21.7,31.0,39.1,48.1,53.9,58.7,61.8,64.5,67.6,69.4,70.7,72.2,73.3,75.1,76.1,76.3,77.4,77.8,78.1,79.2,79.7,79.7,80.6,81.0,81.5,81.6,82.0,82.6,82.9,83.3,83.7,83.9,84.5,84.7,84.7,85.0,85.3,85.6,86.0,86.3,86.2,86.4,86.8,87.3,87.1,87.4,87.4,88.0,88.1
Test accuracy: 9.8,20.7,29.2,36.7,44.7,50.1,53.5,58.5,60.9,63.4,64.0,65.8,66.4,67.4,69.1,68.9,68.8,69.9,69.0,69.2,70.3,70.1,70.6,70.4,71.0,71.3,71.1,70.8,71.4,71.0,71.5,70.8,71.5,71.9,71.3,71.3,72.3,71.6,71.7,71.5,71.4,71.5,71.5,71.8,71.8,71.2,71.5,72.0,71.9,71.1
Rank: 100,100,100,100,100,100,100,100,100,100,100,100,100,100,100,100,100,100,100,100,100,100,100,100,100,100,100,100,100,100,100,100,100,100,100,100,100,100,100,100,100,100,100,100,100,100,100,100,100,100
Seed 4/10
Train loss: 3.9623,3.463,3.0317,2.6458,2.318,2.0568,1.8523,1.6884,1.5567,1.4457,1.355,1.2784,1.2154,1.1585,1.1069,1.0655,1.0267,0.9907,0.9584,0.9283,0.9016,0.8755,0.8526,0.8336,0.8121,0.7948,0.7745,0.7557,0.7432,0.7252,0.7133,0.6986,0.6884,0.6713,0.659,0.6483,0.6365,0.6254,0.6164,0.6072,0.5988,0.5879,0.5802,0.5706,0.5634,0.5552,0.5459,0.54,0.5318,0.5234
Test loss: 4.0042,3.5298,3.1228,2.7544,2.4446,2.2003,2.0144,1.8652,1.7518,1.6554,1.5811,1.5221,1.4738,1.4309,1.3958,1.3717,1.346,1.3257,1.3049,1.2941,1.2788,1.2676,1.258,1.2554,1.2389,1.2415,1.2304,1.2245,1.2267,1.2198,1.2236,1.2246,1.2312,1.2199,1.2255,1.2224,1.2261,1.2221,1.2247,1.2337,1.2301,1.2328,1.2322,1.2326,1.2403,1.246,1.2471,1.2496,1.2494,1.2605
Train accuracy: 12.8,21.3,29.9,40.1,48.7,54.8,59.9,63.5,65.7,67.9,69.6,71.3,72.2,73.5,74.8,75.4,76.4,77.0,78.0,78.5,78.7,79.5,80.0,80.0,81.0,81.1,81.6,82.0,81.8,82.5,83.1,83.4,83.1,83.8,84.5,84.5,85.0,85.1,85.3,85.5,85.7,86.2,86.1,86.5,86.6,86.8,87.3,86.9,87.4,87.4
Test accuracy: 11.2,19.5,28.6,37.7,44.9,51.1,53.7,58.1,60.7,61.6,62.7,64.7,66.9,67.9,68.7,69.4,69.7,70.1,70.4,71.0,71.4,70.9,71.3,71.5,71.5,71.7,71.0,71.9,71.4,71.7,71.3,71.5,72.1,71.5,71.4,71.1,71.6,71.7,71.7,71.1,71.1,71.5,71.7,71.7,70.9,70.6,70.7,71.2,70.5,70.7
Rank: 100,100,100,100,100,100,100,100,100,100,100,100,100,100,100,100,100,100,100,100,100,100,100,100,100,100,100,100,100,100,100,100,100,100,100,100,100,100,100,100,100,100,100,100,100,100,100,100,100,100
Seed 5/10
Train loss: 4.0031,3.5339,3.1384,2.7631,2.4204,2.1325,1.8979,1.7143,1.5684,1.4505,1.3558,1.278,1.2129,1.1536,1.1052,1.0641,1.0258,0.9909,0.9611,0.9313,0.9062,0.883,0.8656,0.8408,0.8215,0.8061,0.7881,0.772,0.7592,0.7431,0.73,0.717,0.7046,0.6923,0.6804,0.6687,0.6564,0.6489,0.6409,0.6298,0.6201,0.6103,0.6006,0.5936,0.5873,0.5788,0.5701,0.5636,0.5548,0.5505
Test loss: 4.0011,3.5506,3.167,2.8007,2.4642,2.1835,1.9594,1.7856,1.6535,1.5448,1.4638,1.4025,1.3517,1.3062,1.2724,1.2436,1.2158,1.1982,1.1814,1.1653,1.1614,1.1467,1.1401,1.1284,1.123,1.1166,1.1175,1.105,1.1111,1.1104,1.1093,1.1032,1.106,1.0958,1.1015,1.1036,1.0997,1.0952,1.1032,1.1054,1.1078,1.1067,1.1062,1.108,1.1161,1.1093,1.1124,1.1178,1.1241,1.1226
Train accuracy: 12.7,21.2,30.1,40.0,48.3,54.4,59.0,62.5,65.1,67.1,68.9,70.4,71.1,72.7,73.6,74.9,75.9,76.4,76.9,77.4,78.0,78.7,79.2,79.5,80.0,80.1,80.7,81.1,81.1,81.7,81.9,82.3,82.6,82.5,83.3,83.3,83.5,84.0,84.2,84.3,84.9,84.8,85.2,85.3,85.0,85.7,85.6,86.1,86.3,86.3
Test accuracy: 13.3,20.7,28.2,36.3,46.5,53.4,57.0,59.3,61.2,63.3,65.1,66.4,66.9,67.7,69.0,69.9,70.2,70.4,70.8,70.9,71.2,71.1,72.1,72.0,72.4,72.5,71.9,72.8,72.5,72.3,72.3,72.5,72.2,73.2,72.6,72.8,73.2,73.0,73.0,73.1,72.9,72.2,73.0,72.4,73.1,73.2,73.4,72.9,73.3,72.8
Rank: 100,100,100,100,100,100,100,100,100,100,100,100,100,100,100,100,100,100,100,100,100,100,100,100,100,100,100,100,100,100,100,100,100,100,100,100,100,100,100,100,100,100,100,100,100,100,100,100,100,100
Seed 6/10
Train loss: 4.0167,3.5282,3.1169,2.7418,2.4065,2.1242,1.9048,1.7353,1.5965,1.4844,1.3959,1.3217,1.253,1.2001,1.1488,1.1084,1.0675,1.0334,1.0016,0.9771,0.9483,0.9237,0.9,0.8803,0.8587,0.8388,0.8222,0.8052,0.7879,0.7735,0.7576,0.7459,0.7304,0.7186,0.7063,0.6929,0.6846,0.6702,0.6601,0.6469,0.6393,0.6283,0.6195,0.6093,0.6007,0.5937,0.5839,0.576,0.5655,0.5585
Test loss: 4.013,3.5397,3.1455,2.7836,2.4582,2.1921,1.9895,1.8336,1.7123,1.6172,1.5496,1.4938,1.4382,1.4062,1.3697,1.3447,1.3222,1.301,1.2834,1.2755,1.26,1.2541,1.2427,1.2357,1.2303,1.222,1.2236,1.218,1.2134,1.2096,1.2105,1.2097,1.2039,1.2039,1.1987,1.1981,1.2049,1.2018,1.1999,1.199,1.206,1.2049,1.2107,1.2078,1.2104,1.2197,1.2207,1.2208,1.2238,1.2282
Train accuracy: 12.2,20.8,30.0,39.0,47.1,53.1,58.1,61.4,64.2,66.6,68.6,69.4,70.9,72.3,73.1,73.9,74.9,75.5,76.2,76.5,77.5,78.0,78.2,78.5,79.4,79.7,79.9,80.3,80.8,81.5,81.6,81.7,82.3,82.5,83.2,83.4,83.5,83.7,84.4,84.9,84.8,84.9,85.4,85.5,85.9,86.2,86.4,86.4,86.9,86.7
Test accuracy: 11.6,19.2,29.4,36.4,43.7,49.5,53.6,57.8,60.3,61.9,63.1,64.8,66.0,67.2,67.2,68.3,67.0,67.8,68.6,68.7,68.7,69.1,69.8,69.3,69.1,69.6,69.0,69.4,69.9,70.4,70.1,68.9,69.2,70.0,70.3,70.4,70.6,69.8,70.2,70.4,70.0,71.0,69.3,70.2,70.2,70.3,69.8,69.9,69.6,70.3
Rank: 100,100,100,100,100,100,100,100,100,100,100,100,100,100,100,100,100,100,100,100,100,100,100,100,100,100,100,100,100,100,100,100,100,100,100,100,100,100,100,100,100,100,100,100,100,100,100,100,100,100
Seed 7/10
Train loss: 3.9787,3.5071,3.0969,2.7216,2.3868,2.1058,1.8823,1.7095,1.5714,1.4661,1.3821,1.3069,1.2455,1.1957,1.1462,1.1065,1.0676,1.0339,1.0017,0.9721,0.9446,0.9196,0.8977,0.8739,0.855,0.8353,0.8168,0.7992,0.7818,0.7677,0.7538,0.7387,0.7244,0.7114,0.6976,0.689,0.6762,0.6646,0.653,0.6424,0.6332,0.6248,0.6132,0.6068,0.5959,0.589,0.5798,0.571,0.5644,0.5566
Test loss: 4.0149,3.5676,3.1873,2.8367,2.5246,2.2637,2.0583,1.9043,1.7842,1.6985,1.6326,1.5709,1.5248,1.4931,1.4611,1.4346,1.4087,1.3916,1.3768,1.3602,1.3447,1.3399,1.3264,1.3121,1.3093,1.3004,1.2919,1.2826,1.284,1.2777,1.2763,1.2761,1.2704,1.2675,1.268,1.2704,1.2712,1.2671,1.264,1.2633,1.2645,1.2692,1.2635,1.2669,1.2689,1.2739,1.2687,1.269,1.2734,1.2805
Train accuracy: 13.6,22.4,32.2,42.2,51.1,56.9,60.7,63.2,66.0,67.6,69.2,70.1,71.2,72.0,73.4,74.4,75.0,75.9,76.2,76.8,77.5,78.3,78.4,79.1,79.5,80.1,80.5,80.7,81.3,81.6,81.9,82.5,82.5,82.9,83.3,83.6,83.9,83.8,84.3,84.5,84.5,84.8,85.4,85.5,85.6,85.9,86.0,86.4,86.5,86.6
Test accuracy: 13.4,20.0,29.7,37.9,46.0,50.5,53.9,56.7,58.7,60.0,60.3,62.3,62.3,62.8,63.9,63.5,65.1,65.7,66.4,66.2,67.6,67.5,67.0,67.8,68.5,68.6,69.0,68.9,68.9,69.6,68.9,69.2,69.2,69.3,69.2,69.7,69.5,69.3,69.6,68.8,69.9,69.2,69.9,69.8,69.3,69.3,69.5,69.6,69.5,69.2
Rank: 100,100,100,100,100,100,100,100,100,100,100,100,100,100,100,100,100,100,100,100,100,100,100,100,100,100,100,100,100,100,100,100,100,100,100,100,100,100,100,100,100,100,100,100,100,100,100,100,100,100
Seed 8/10
Train loss: 4.0615,3.5529,3.1096,2.7105,2.3662,2.0827,1.8631,1.6957,1.5646,1.4589,1.3703,1.2989,1.2343,1.1786,1.1296,1.0865,1.0472,1.0124,0.9825,0.9517,0.926,0.9009,0.8792,0.8542,0.8347,0.8155,0.8005,0.7812,0.765,0.7497,0.7356,0.719,0.7062,0.6929,0.6809,0.6686,0.6584,0.6454,0.6356,0.6257,0.6145,0.6039,0.597,0.5849,0.5785,0.5678,0.5599,0.5511,0.5432,0.5351
Test loss: 4.0797,3.5927,3.1685,2.7847,2.4523,2.1843,1.9834,1.8316,1.7176,1.6311,1.5555,1.5013,1.4534,1.4107,1.3819,1.3546,1.3275,1.3063,1.2895,1.2719,1.2583,1.2516,1.2438,1.2339,1.2251,1.222,1.2182,1.2129,1.2089,1.2063,1.2047,1.1978,1.2007,1.1958,1.1977,1.199,1.2001,1.1981,1.2009,1.2023,1.2032,1.2036,1.207,1.2037,1.2061,1.2058,1.2051,1.2053,1.2038,1.215
Train accuracy: 6.8,18.2,29.5,39.2,48.0,54.9,59.1,62.9,65.3,67.2,68.6,69.9,70.9,72.2,73.3,74.5,75.1,75.6,76.4,76.8,77.8,78.2,78.7,79.1,79.7,80.2,80.1,80.9,81.3,81.4,81.9,82.6,82.6,83.4,83.4,83.7,84.1,84.5,84.8,85.2,85.3,85.6,85.3,85.9,86.7,86.7,86.8,87.0,87.2,87.4
Test accuracy: 6.3,17.5,28.9,35.6,44.0,52.0,54.9,58.4,60.8,62.3,63.9,64.5,65.4,65.6,66.6,66.9,67.6,67.1,67.8,67.8,68.1,68.3,68.2,68.3,68.5,67.8,67.5,68.6,69.2,68.8,68.6,68.6,68.7,69.0,69.1,69.4,69.5,69.4,69.2,69.3,69.4,68.6,68.6,69.3,69.1,68.5,68.5,68.7,69.4,68.6
Rank: 100,100,100,100,100,100,100,100,100,100,100,100,100,100,100,100,100,100,100,100,100,100,100,100,100,100,100,100,100,100,100,100,100,100,100,100,100,100,100,100,100,100,100,100,100,100,100,100,100,100
Seed 9/10
Train loss: 3.9892,3.494,3.0597,2.661,2.3101,2.026,1.8024,1.6296,1.5005,1.3918,1.3049,1.233,1.172,1.1167,1.0747,1.0309,0.9935,0.9595,0.9299,0.9021,0.877,0.8531,0.8318,0.8095,0.7921,0.7745,0.7593,0.7449,0.7287,0.7137,0.6995,0.6852,0.6741,0.66,0.6485,0.6373,0.6287,0.6169,0.6086,0.6001,0.5909,0.5799,0.5728,0.5669,0.5571,0.5475,0.5408,0.5319,0.5285,0.5185
Test loss: 4.0088,3.5383,3.1356,2.7617,2.4297,2.166,1.9636,1.8101,1.6978,1.6051,1.5337,1.4827,1.4354,1.3989,1.3726,1.3425,1.3242,1.3031,1.2867,1.2739,1.2685,1.2553,1.2508,1.2417,1.2382,1.2357,1.2373,1.2373,1.233,1.2259,1.2285,1.2259,1.2295,1.2242,1.2262,1.2286,1.2355,1.2334,1.2324,1.2393,1.2406,1.2426,1.2436,1.2547,1.255,1.2572,1.26,1.2651,1.2748,1.2752
Train accuracy: 9.6,20.0,32.4,43.0,50.4,56.7,61.5,64.7,67.1,69.1,71.0,72.4,73.9,74.6,75.5,76.5,77.1,77.6,78.4,78.6,79.3,80.1,80.2,80.8,80.8,81.3,81.9,81.8,82.6,82.9,83.0,83.7,84.0,83.9,84.3,84.5,84.8,84.9,85.0,85.6,85.7,86.0,86.4,86.4,86.6,86.8,87.1,87.0,87.3,87.9
Test accuracy: 9.1,18.2,30.8,39.2,46.2,52.3,56.9,59.5,61.8,63.2,65.4,66.2,67.5,67.2,67.9,68.4,69.4,69.5,70.2,69.7,70.1,70.4,69.7,70.2,69.7,70.0,70.5,69.9,70.2,71.0,70.2,71.0,70.4,70.4,70.4,70.5,70.1,70.2,69.7,70.7,70.1,70.5,70.3,69.9,70.1,69.4,70.3,70.2,69.6,69.5
Rank: 100,100,100,100,100,100,100,100,100,100,100,100,100,100,100,100,100,100,100,100,100,100,100,100,100,100,100,100,100,100,100,100,100,100,100,100,100,100,100,100,100,100,100,100,100,100,100,100,100,100
Seed 10/10
Train loss: 4.0221,3.553,3.1392,2.7638,2.4246,2.1306,1.8923,1.711,1.5646,1.4479,1.3522,1.2744,1.209,1.1526,1.1028,1.0594,1.0248,0.9909,0.9582,0.9306,0.9047,0.8826,0.8599,0.8393,0.8209,0.8036,0.7876,0.7701,0.7571,0.7429,0.7271,0.7146,0.704,0.6921,0.6795,0.6689,0.6566,0.6464,0.6378,0.6271,0.6167,0.6076,0.6006,0.5915,0.5834,0.5743,0.5672,0.56,0.5506,0.5453
Test loss: 4.047,3.6093,3.2221,2.8699,2.5524,2.2739,2.0572,1.8961,1.7588,1.6601,1.5819,1.5182,1.4712,1.4247,1.3905,1.3615,1.3461,1.3264,1.3055,1.294,1.2815,1.272,1.262,1.2482,1.2428,1.2402,1.2397,1.2327,1.2259,1.2241,1.2221,1.2222,1.2246,1.2228,1.2191,1.2241,1.2167,1.223,1.2198,1.224,1.2244,1.2214,1.2262,1.2305,1.232,1.2355,1.2383,1.2382,1.2436,1.2481
Train accuracy: 11.7,19.7,27.7,38.4,45.2,52.7,57.4,61.7,64.6,66.7,68.6,70.3,71.5,72.7,73.4,74.9,75.7,76.3,76.9,77.5,78.4,78.6,78.9,79.6,80.4,80.5,81.2,81.4,81.6,81.8,82.2,82.7,82.9,83.4,83.8,83.7,84.3,84.3,84.6,84.7,85.1,85.3,85.3,85.8,85.9,86.1,86.1,86.5,87.0,86.6
Test accuracy: 11.1,18.7,25.6,34.1,40.5,48.4,52.8,55.8,59.9,61.5,63.3,65.5,66.7,67.5,67.4,69.0,68.4,68.7,69.8,69.7,70.1,70.1,70.6,70.8,71.8,71.1,71.2,71.3,72.2,72.3,71.7,72.4,71.6,72.0,72.0,72.1,72.1,71.7,71.6,71.5,71.4,72.2,71.7,71.6,71.3,71.6,71.3,71.8,71.5,71.4
Rank: 100,100,100,100,100,100,100,100,100,100,100,100,100,100,100,100,100,100,100,100,100,100,100,100,100,100,100,100,100,100,100,100,100,100,100,100,100,100,100,100,100,100,100,100,100,100,100,100,100,100
