Seed 1/10
Train loss: 4.0606,3.5995,3.2168,2.8476,2.5052,2.2049,1.951,1.7477,1.5888,1.4587,1.3486,1.2554,1.1792,1.116,1.0541,1.0104,0.9671,0.9368,0.8994,0.8665,0.8372,0.8108,0.7906,0.7676,0.7424,0.7229,0.7026,0.6842,0.6677,0.6496,0.6336,0.6208,0.6044,0.5898,0.5792,0.563,0.5529,0.5401,0.5342,0.5146,0.5076,0.4996,0.485,0.472,0.4648,0.4574,0.4426,0.4327,0.4272,0.4218
Test loss: 4.0842,3.6477,3.2813,2.936,2.6169,2.3362,2.11,1.9266,1.7792,1.6751,1.5774,1.5089,1.4545,1.4126,1.3647,1.3407,1.3212,1.3072,1.2822,1.2704,1.2591,1.2561,1.2601,1.2532,1.2403,1.2426,1.2423,1.2453,1.2401,1.2529,1.2426,1.2596,1.2632,1.2564,1.2675,1.2765,1.2683,1.2784,1.29,1.2904,1.3144,1.3115,1.3238,1.3276,1.3421,1.3558,1.3555,1.3666,1.3682,1.388
Train accuracy: 12.3,17.8,23.8,32.1,41.0,50.1,55.8,60.5,62.7,64.8,67.1,69.8,71.5,72.6,74.2,75.3,76.0,76.4,77.3,78.0,78.8,79.4,79.9,80.3,81.1,81.3,82.2,82.8,83.1,83.4,84.2,84.1,84.4,85.5,85.4,85.9,86.1,86.6,86.7,87.4,87.4,87.6,88.6,88.6,88.7,89.0,89.5,89.6,90.0,90.1
Test accuracy: 11.6,17.8,21.6,28.7,37.3,46.0,49.5,54.7,58.1,59.3,61.3,62.8,64.4,64.3,66.2,67.2,67.9,68.0,68.6,68.7,68.6,68.8,69.2,68.6,69.4,68.8,69.3,69.2,69.9,68.8,69.8,69.8,69.4,70.1,69.8,69.6,69.5,69.4,69.2,69.5,69.2,69.5,69.7,69.6,69.5,68.6,69.4,69.2,69.6,69.5
Rank: 100,100,100,100,100,100,100,100,100,100,100,100,100,100,100,100,100,100,100,100,100,100,100,100,100,100,100,100,100,100,100,100,100,100,100,100,100,100,100,100,100,100,100,100,100,100,100,100,100,100
Seed 2/10
Train loss: 4.0785,3.5946,3.1628,2.7426,2.3594,2.0503,1.8024,1.621,1.4738,1.3553,1.2624,1.1805,1.1162,1.059,1.01,0.9733,0.9328,0.8986,0.8653,0.8376,0.8126,0.7916,0.7653,0.7421,0.7202,0.7015,0.6834,0.6714,0.6572,0.6343,0.6198,0.6051,0.5943,0.5792,0.5662,0.5593,0.5405,0.5267,0.5163,0.5038,0.4915,0.4856,0.4723,0.4657,0.4542,0.4496,0.4363,0.4277,0.4196,0.4099
Test loss: 4.0872,3.6226,3.2181,2.8191,2.4562,2.1665,1.9373,1.7743,1.6487,1.5507,1.4867,1.419,1.3729,1.3368,1.3083,1.2854,1.2648,1.2399,1.2253,1.2163,1.2063,1.2018,1.2033,1.2026,1.1877,1.1909,1.1939,1.1941,1.2012,1.1906,1.1997,1.2091,1.2136,1.221,1.2233,1.23,1.2346,1.2351,1.2421,1.2471,1.2582,1.2593,1.2651,1.2865,1.2851,1.3013,1.298,1.3123,1.3327,1.3425
Train accuracy: 7.2,15.4,28.0,38.9,48.2,54.9,60.3,64.5,66.7,69.1,71.3,73.6,74.5,75.4,76.7,76.8,77.8,78.5,79.1,80.0,80.5,80.9,81.7,81.9,82.4,82.6,83.3,83.8,83.7,84.0,84.5,85.3,85.1,85.8,85.9,86.4,86.9,87.0,87.6,87.8,88.0,87.9,88.6,88.7,89.2,89.2,89.8,89.9,90.3,90.6
Test accuracy: 6.9,14.9,26.6,37.5,46.2,51.9,55.9,58.8,60.7,63.2,64.4,65.7,65.7,65.6,67.2,68.0,68.9,69.6,69.3,69.1,69.7,70.2,70.1,70.4,70.7,71.2,70.3,70.8,70.8,70.8,71.3,71.2,71.2,70.5,70.6,70.5,70.4,70.6,70.8,70.8,69.8,70.0,70.4,69.3,69.5,69.8,69.6,70.1,69.7,69.3
Rank: 100,100,100,100,100,100,100,100,100,100,100,100,100,100,100,100,100,100,100,100,100,100,100,100,100,100,100,100,100,100,100,100,100,100,100,100,100,100,100,100,100,100,100,100,100,100,100,100,100,100
Seed 3/10
Train loss: 4.0492,3.5584,3.1415,2.7546,2.4075,2.1015,1.8543,1.6593,1.5042,1.3787,1.2818,1.1966,1.1276,1.0706,1.0193,0.9722,0.9339,0.8949,0.8607,0.8296,0.8043,0.7808,0.7596,0.7357,0.7125,0.6951,0.6751,0.6562,0.6395,0.6244,0.6075,0.5955,0.5838,0.5667,0.55,0.5368,0.5328,0.5149,0.5022,0.4918,0.4831,0.472,0.4595,0.4543,0.4393,0.4288,0.42,0.4147,0.4038,0.3978
Test loss: 4.0849,3.6044,3.2006,2.8363,2.5063,2.2276,2.0041,1.8362,1.706,1.6034,1.5273,1.4602,1.4032,1.3738,1.3522,1.3196,1.3051,1.2836,1.2677,1.2618,1.2465,1.2461,1.2447,1.2433,1.2369,1.2456,1.2363,1.2338,1.2399,1.2565,1.2517,1.259,1.2605,1.2718,1.2779,1.285,1.2968,1.2976,1.2968,1.3186,1.3384,1.3373,1.3424,1.3556,1.3612,1.3659,1.38,1.3965,1.3944,1.4269
Train accuracy: 9.4,21.0,30.3,39.5,47.1,53.1,57.5,61.9,65.6,68.6,70.1,72.0,73.6,75.1,76.0,77.1,78.0,78.9,79.7,80.5,81.3,81.1,81.6,82.2,83.0,83.1,83.8,84.4,84.6,84.6,85.6,85.9,86.1,86.4,86.7,87.5,87.2,87.8,88.4,88.5,88.6,89.0,89.1,89.3,89.8,90.1,90.2,90.2,90.7,91.0
Test accuracy: 8.5,19.9,30.1,37.8,44.7,50.4,54.3,59.2,62.2,64.4,64.7,66.3,66.5,68.5,67.8,68.9,69.3,69.6,70.0,70.1,70.4,70.0,70.4,69.9,70.0,69.8,71.0,70.5,71.2,70.3,70.9,70.6,69.8,70.0,70.5,69.9,69.8,69.4,70.4,69.5,69.9,69.8,69.5,69.0,69.6,69.6,69.5,69.6,69.1,69.3
Rank: 100,100,100,100,100,100,100,100,100,100,100,100,100,100,100,100,100,100,100,100,100,100,100,100,100,100,100,100,100,100,100,100,100,100,100,100,100,100,100,100,100,100,100,100,100,100,100,100,100,100
Seed 4/10
Train loss: 3.9974,3.4941,3.0634,2.6626,2.3242,2.0444,1.8265,1.648,1.5017,1.3827,1.2879,1.2092,1.1439,1.0918,1.0374,0.9928,0.9561,0.9161,0.8821,0.8509,0.8222,0.8015,0.7784,0.7565,0.7309,0.7086,0.6897,0.6734,0.6534,0.6381,0.6233,0.6044,0.5919,0.5775,0.5675,0.5547,0.5377,0.5297,0.5182,0.507,0.4981,0.4896,0.4773,0.4663,0.4592,0.4481,0.4416,0.4285,0.4227,0.4094
Test loss: 4.0372,3.5668,3.1586,2.7805,2.4657,2.2119,2.0123,1.8529,1.7281,1.6301,1.553,1.4961,1.4538,1.4112,1.3735,1.3467,1.3346,1.3222,1.2984,1.2863,1.2803,1.2775,1.2699,1.2704,1.2572,1.2534,1.2578,1.2512,1.2523,1.2525,1.2609,1.2624,1.2757,1.2738,1.28,1.2841,1.2948,1.3009,1.2926,1.3132,1.3113,1.3311,1.3326,1.3395,1.3537,1.3604,1.3794,1.3866,1.4007,1.4103
Train accuracy: 11.8,19.6,27.8,38.7,47.3,54.1,58.7,62.8,66.5,68.3,70.3,71.7,72.4,73.6,75.0,76.1,76.6,77.7,78.3,79.1,79.6,80.4,80.6,81.2,82.0,82.6,82.8,83.2,83.5,84.4,84.8,85.2,85.5,85.7,85.8,86.3,86.9,86.9,87.3,87.5,87.9,88.1,88.6,88.6,88.7,89.1,89.1,89.7,89.9,90.2
Test accuracy: 10.5,17.7,26.8,36.9,44.9,50.6,55.2,59.1,61.1,62.0,64.0,64.9,66.7,67.4,67.6,68.7,68.1,69.2,70.1,69.6,70.6,69.9,70.2,70.3,71.3,71.4,70.8,71.8,70.9,70.8,71.0,70.6,71.0,70.3,70.5,71.1,70.3,70.5,70.5,70.4,70.5,71.0,70.5,70.8,70.0,70.4,70.2,70.0,69.5,69.7
Rank: 100,100,100,100,100,100,100,100,100,100,100,100,100,100,100,100,100,100,100,100,100,100,100,100,100,100,100,100,100,100,100,100,100,100,100,100,100,100,100,100,100,100,100,100,100,100,100,100,100,100
Seed 5/10
Train loss: 4.0172,3.525,3.1109,2.7276,2.3712,2.0738,1.8321,1.6438,1.4927,1.3686,1.2774,1.1988,1.126,1.0768,1.0287,0.9836,0.9433,0.9082,0.8764,0.8491,0.8211,0.7963,0.7772,0.7506,0.7292,0.7092,0.6924,0.6814,0.6629,0.6471,0.6316,0.6183,0.6036,0.5864,0.5754,0.5589,0.5468,0.5383,0.5295,0.5176,0.5049,0.5,0.4872,0.4763,0.4673,0.4571,0.4458,0.4413,0.4345,0.4245
Test loss: 4.0198,3.5407,3.1415,2.7735,2.4294,2.1463,1.9158,1.7374,1.615,1.5063,1.4369,1.376,1.3283,1.3007,1.2709,1.2334,1.2181,1.2007,1.1895,1.1762,1.1696,1.1504,1.1597,1.1604,1.1643,1.1549,1.1578,1.1627,1.1644,1.1697,1.1699,1.1748,1.1721,1.1805,1.1912,1.1874,1.1894,1.2067,1.2082,1.225,1.2234,1.2471,1.2439,1.2488,1.254,1.2583,1.2714,1.2795,1.2974,1.294
Train accuracy: 11.9,20.7,32.4,40.7,48.7,54.8,59.4,62.6,65.6,67.4,68.8,70.4,72.1,73.3,74.3,75.1,76.3,76.9,77.7,78.3,79.5,79.7,79.7,80.4,81.1,81.7,82.4,82.1,82.8,83.2,83.4,84.3,84.3,85.5,85.2,85.7,85.9,86.3,86.8,87.1,87.2,87.3,88.0,88.4,88.4,88.5,89.5,89.5,89.5,90.0
Test accuracy: 12.4,20.3,30.4,36.9,46.7,51.9,55.6,59.4,60.3,63.0,63.7,65.9,66.4,66.2,68.7,68.7,69.4,70.2,69.6,70.4,70.7,70.6,71.2,70.0,70.1,71.1,71.1,70.1,71.5,71.1,71.0,70.5,71.5,72.0,71.0,70.9,72.5,71.1,71.0,71.6,70.8,70.9,71.3,70.8,70.7,71.3,71.2,71.8,70.0,70.7
Rank: 100,100,100,100,100,100,100,100,100,100,100,100,100,100,100,100,100,100,100,100,100,100,100,100,100,100,100,100,100,100,100,100,100,100,100,100,100,100,100,100,100,100,100,100,100,100,100,100,100,100
Seed 6/10
Train loss: 4.021,3.5305,3.1023,2.7121,2.3643,2.0644,1.8312,1.6487,1.5063,1.391,1.2965,1.2246,1.1559,1.1017,1.0536,1.0077,0.9707,0.9337,0.9053,0.8729,0.8459,0.8196,0.797,0.781,0.7584,0.7364,0.7155,0.696,0.6768,0.6607,0.647,0.633,0.6185,0.6045,0.5916,0.5748,0.5611,0.5513,0.54,0.5274,0.5155,0.508,0.4979,0.4919,0.4771,0.4649,0.4534,0.4498,0.4424,0.4291
Test loss: 4.0212,3.5458,3.1306,2.7561,2.4307,2.1499,1.9369,1.7763,1.6627,1.5655,1.4942,1.4404,1.391,1.3605,1.3358,1.3047,1.2975,1.2694,1.2603,1.2556,1.2463,1.2496,1.233,1.2404,1.2307,1.224,1.2285,1.2307,1.2247,1.2272,1.2418,1.2453,1.2489,1.2495,1.262,1.26,1.2658,1.2762,1.2884,1.2834,1.2919,1.303,1.3168,1.3318,1.3374,1.3464,1.3622,1.3869,1.3864,1.3923
Train accuracy: 12.1,20.4,30.8,40.0,48.2,54.1,59.2,62.1,65.6,67.8,69.5,70.7,71.7,73.1,73.9,75.4,76.0,77.0,77.1,77.9,78.7,79.2,80.2,80.1,80.7,81.2,81.8,82.7,83.3,83.4,84.0,84.7,84.8,84.8,85.5,85.9,86.0,86.5,87.0,86.9,87.3,87.4,87.7,88.3,88.6,88.9,89.4,89.5,89.2,90.0
Test accuracy: 11.6,19.6,29.7,37.5,45.3,50.2,55.5,57.3,60.5,62.0,64.0,64.6,65.8,65.7,66.6,67.6,67.4,68.6,69.1,68.6,69.2,69.8,69.6,69.1,70.3,70.4,69.4,69.6,70.1,69.5,69.4,68.8,69.9,69.5,69.4,70.3,69.4,69.4,69.9,69.0,70.3,70.4,70.1,69.6,69.5,69.7,69.2,69.2,68.8,69.4
Rank: 100,100,100,100,100,100,100,100,100,100,100,100,100,100,100,100,100,100,100,100,100,100,100,100,100,100,100,100,100,100,100,100,100,100,100,100,100,100,100,100,100,100,100,100,100,100,100,100,100,100
Seed 7/10
Train loss: 3.9784,3.4905,3.0656,2.681,2.334,2.0534,1.8259,1.643,1.5035,1.3928,1.3088,1.2313,1.1703,1.1231,1.0708,1.0231,0.9855,0.95,0.9158,0.8888,0.8596,0.834,0.8117,0.7887,0.7648,0.7439,0.7296,0.7029,0.6856,0.6688,0.6577,0.6368,0.6236,0.6089,0.5989,0.5814,0.5688,0.5561,0.5453,0.5331,0.5232,0.5141,0.5036,0.4989,0.4857,0.4711,0.4685,0.4551,0.4467,0.4416
Test loss: 4.0154,3.552,3.1585,2.8022,2.487,2.2314,2.0315,1.8735,1.7601,1.6748,1.6142,1.5599,1.519,1.4903,1.4612,1.4396,1.4191,1.4076,1.3862,1.3732,1.3638,1.3585,1.3473,1.3429,1.337,1.3323,1.3424,1.3299,1.3254,1.3295,1.334,1.3383,1.343,1.3462,1.3615,1.3651,1.3639,1.3575,1.3771,1.3726,1.3815,1.3758,1.3819,1.4091,1.412,1.4235,1.4406,1.4411,1.4608,1.4648
Train accuracy: 12.3,22.4,33.5,43.9,50.7,56.1,60.8,64.4,67.0,68.7,70.1,71.5,72.5,73.2,74.4,75.6,76.0,77.0,77.8,78.4,78.8,79.5,79.9,80.7,81.0,82.0,81.6,83.2,83.4,83.8,84.1,84.4,85.2,85.4,85.5,86.4,86.2,86.7,87.2,87.2,87.8,88.1,88.5,88.4,88.5,89.2,89.2,89.5,89.8,90.1
Test accuracy: 12.4,20.7,29.9,39.9,45.6,49.8,54.6,57.8,58.3,60.0,61.1,62.0,63.1,62.9,63.5,64.4,63.4,64.9,65.1,65.2,64.8,65.0,66.0,66.6,66.2,66.3,66.4,66.7,67.9,67.4,67.1,67.3,67.2,67.5,66.9,67.6,67.3,67.7,67.6,68.1,68.1,68.2,68.1,67.8,67.4,67.4,67.0,67.2,67.5,66.6
Rank: 100,100,100,100,100,100,100,100,100,100,100,100,100,100,100,100,100,100,100,100,100,100,100,100,100,100,100,100,100,100,100,100,100,100,100,100,100,100,100,100,100,100,100,100,100,100,100,100,100,100
Seed 8/10
Train loss: 4.0934,3.5845,3.1294,2.716,2.3542,2.0582,1.8263,1.6604,1.5203,1.4112,1.3206,1.2505,1.1812,1.1309,1.0752,1.0288,0.9901,0.9509,0.9167,0.8879,0.8563,0.831,0.807,0.7874,0.7596,0.735,0.7216,0.7075,0.6887,0.6712,0.6525,0.637,0.6181,0.6084,0.5882,0.5765,0.5613,0.5486,0.5371,0.5225,0.5116,0.5009,0.4884,0.4771,0.4674,0.4591,0.448,0.4403,0.4281,0.4183
Test loss: 4.1095,3.6215,3.1907,2.798,2.4552,2.1714,1.9557,1.8108,1.6883,1.602,1.5273,1.4723,1.4232,1.3863,1.352,1.322,1.2981,1.2787,1.2631,1.2538,1.2439,1.2382,1.2291,1.2265,1.2189,1.2084,1.2141,1.2223,1.2297,1.2205,1.2216,1.2261,1.2264,1.2297,1.224,1.2348,1.2287,1.245,1.2516,1.2593,1.2645,1.2768,1.2791,1.2853,1.304,1.3111,1.3147,1.3271,1.3398,1.3494
Train accuracy: 5.8,18.6,29.0,38.6,48.0,54.3,58.7,62.0,63.9,66.8,68.7,69.9,71.4,72.4,73.9,74.5,75.6,76.4,77.1,77.9,78.8,79.3,79.7,80.3,81.2,81.7,82.0,82.5,83.3,83.7,84.1,84.1,84.6,84.6,85.4,85.5,85.9,86.5,86.5,87.6,87.6,87.7,88.4,88.6,88.7,88.9,89.3,89.6,89.8,90.1
Test accuracy: 5.5,18.7,27.2,34.4,43.0,51.0,54.5,58.3,61.1,62.8,64.8,64.7,65.6,65.4,65.5,66.8,66.6,68.0,67.6,67.1,69.3,68.4,68.7,69.1,69.0,69.7,69.0,68.3,69.1,69.8,69.3,69.1,68.9,68.2,69.2,67.9,68.5,68.4,68.4,69.1,69.5,69.0,69.1,68.8,69.1,68.6,68.9,68.9,68.7,69.3
Rank: 100,100,100,100,100,100,100,100,100,100,100,100,100,100,100,100,100,100,100,100,100,100,100,100,100,100,100,100,100,100,100,100,100,100,100,100,100,100,100,100,100,100,100,100,100,100,100,100,100,100
Seed 9/10
Train loss: 4.0095,3.5176,3.0917,2.6803,2.3125,2.0137,1.7778,1.592,1.4421,1.33,1.2368,1.1562,1.0923,1.0347,0.9852,0.9417,0.9065,0.8685,0.8386,0.8081,0.7846,0.7626,0.7398,0.721,0.6994,0.6814,0.6625,0.6458,0.6372,0.616,0.6017,0.5863,0.5781,0.5594,0.5498,0.5322,0.5247,0.5112,0.502,0.4949,0.4772,0.4676,0.4593,0.447,0.4447,0.4338,0.4298,0.415,0.4063,0.3989
Test loss: 4.0304,3.566,3.1676,2.788,2.447,2.1701,1.9499,1.7824,1.6527,1.5607,1.4879,1.4328,1.3837,1.3397,1.3082,1.2838,1.2614,1.2505,1.248,1.2374,1.2242,1.2184,1.2224,1.2239,1.2191,1.2138,1.2154,1.219,1.2289,1.224,1.215,1.2365,1.2405,1.2471,1.2522,1.2553,1.2713,1.2798,1.2754,1.2906,1.2999,1.3155,1.3224,1.3356,1.3451,1.3558,1.3702,1.3695,1.38,1.4182
Train accuracy: 8.8,19.1,31.6,40.9,49.3,56.2,60.6,64.1,66.6,69.5,71.1,73.0,73.9,75.3,76.0,76.8,77.9,78.8,79.2,79.8,80.2,81.0,81.2,81.6,82.0,82.4,83.2,83.6,83.9,84.2,84.6,85.0,85.0,85.5,86.3,86.6,86.3,86.9,87.4,87.4,87.9,88.3,88.4,89.0,88.8,89.3,89.4,89.7,89.8,90.3
Test accuracy: 8.5,17.2,29.4,37.5,46.1,50.9,55.4,57.9,61.1,63.2,64.9,65.8,66.6,68.3,67.7,68.2,69.0,68.9,69.5,69.3,69.9,69.6,70.3,70.2,71.0,70.2,69.7,70.6,70.4,70.2,71.0,70.4,69.7,70.6,70.5,70.1,70.9,71.0,70.2,70.8,71.0,70.9,70.7,70.4,70.4,70.6,70.1,70.6,70.8,70.1
Rank: 100,100,100,100,100,100,100,100,100,100,100,100,100,100,100,100,100,100,100,100,100,100,100,100,100,100,100,100,100,100,100,100,100,100,100,100,100,100,100,100,100,100,100,100,100,100,100,100,100,100
Seed 10/10
Train loss: 4.0392,3.5535,3.1221,2.7206,2.361,2.0643,1.8153,1.6301,1.4806,1.3673,1.271,1.189,1.1157,1.0601,1.0068,0.9699,0.926,0.8913,0.8607,0.8308,0.8073,0.7833,0.7593,0.738,0.7161,0.6954,0.6804,0.6641,0.647,0.6243,0.6128,0.601,0.5864,0.5705,0.5606,0.5456,0.5319,0.5201,0.5068,0.4987,0.4907,0.4796,0.467,0.4596,0.453,0.448,0.4332,0.4278,0.4196,0.4083
Test loss: 4.0642,3.6064,3.2091,2.8329,2.4923,2.2201,2.0014,1.8387,1.7134,1.6215,1.5485,1.4907,1.4404,1.3991,1.3611,1.346,1.3237,1.3043,1.2908,1.2811,1.2818,1.2675,1.2586,1.2584,1.252,1.2497,1.2453,1.2411,1.2497,1.2506,1.2552,1.262,1.2602,1.2608,1.2802,1.2803,1.2779,1.2882,1.2984,1.3023,1.3265,1.3287,1.3319,1.3423,1.3579,1.3723,1.3709,1.3867,1.3915,1.4067
Train accuracy: 11.6,18.7,27.5,38.7,47.3,53.4,58.8,62.7,65.9,68.5,70.0,71.4,73.0,74.3,75.3,76.6,77.2,78.4,78.9,79.3,79.9,80.7,81.5,81.6,82.3,82.9,83.3,83.6,84.0,84.6,84.7,85.2,85.4,85.4,85.8,86.7,87.0,87.3,87.5,87.8,87.9,87.9,88.6,88.7,88.7,88.8,89.6,89.8,89.9,90.4
Test accuracy: 10.4,17.4,25.4,36.1,43.3,48.8,53.4,57.4,61.0,63.1,63.4,65.0,65.6,67.1,68.5,68.4,68.6,69.2,69.5,69.7,69.8,69.8,70.3,70.3,70.7,70.7,70.8,71.4,70.5,70.5,70.5,70.6,71.1,70.4,69.8,71.0,71.0,71.6,70.8,70.9,70.2,70.5,70.4,70.3,70.8,71.6,70.5,71.3,70.5,70.3
Rank: 100,100,100,100,100,100,100,100,100,100,100,100,100,100,100,100,100,100,100,100,100,100,100,100,100,100,100,100,100,100,100,100,100,100,100,100,100,100,100,100,100,100,100,100,100,100,100,100,100,100
