Seed 1/10
Train loss: 4.3057,4.0663,3.8955,3.7559,3.6334,3.5222,3.4212,3.3267,3.2348,3.1501,3.0694,2.991,2.9193,2.8515,2.7904,2.7338,2.6833,2.6361,2.5916,2.551,2.5123,2.4783,2.4442,2.4147,2.3836,2.3546,2.329,2.3053,2.28,2.2557,2.233,2.2122,2.1921,2.1706,2.1492,2.1321,2.1144,2.0958,2.0788,2.0633,2.0512,2.0343,2.0212,2.007,1.9949,1.9817,1.9698,1.9582,1.9489,1.9406
Test loss: 4.3152,4.0897,3.9354,3.806,3.694,3.5939,3.505,3.4187,3.3383,3.2651,3.1954,3.1251,3.0672,3.0088,2.9585,2.9118,2.867,2.832,2.7987,2.7684,2.7409,2.714,2.6911,2.6695,2.6441,2.6257,2.6081,2.5861,2.5778,2.563,2.5445,2.5345,2.5188,2.5068,2.4925,2.486,2.4758,2.4653,2.4549,2.4444,2.4426,2.4262,2.421,2.4141,2.4102,2.4023,2.3982,2.3885,2.3859,2.3834
Train accuracy: 4.1,6.0,7.7,9.9,11.8,13.8,16.1,17.0,18.6,20.8,22.1,24.0,24.9,26.7,27.3,28.6,29.7,30.6,32.1,32.9,33.5,34.0,34.9,36.0,36.5,37.6,38.4,38.8,39.4,40.4,40.7,40.8,41.1,42.0,42.2,42.9,42.9,43.6,43.7,44.2,44.3,44.6,45.2,45.6,45.7,45.7,46.1,46.5,46.7,46.9
Test accuracy: 4.1,7.2,8.5,10.2,11.8,13.5,15.4,16.9,18.9,20.8,21.5,22.7,23.4,25.0,25.5,25.9,27.4,27.6,29.0,29.3,29.6,31.0,31.2,31.6,32.3,33.0,33.0,33.2,33.9,34.9,35.5,36.1,35.3,35.2,36.2,37.0,36.9,37.9,38.0,38.3,38.2,38.6,38.3,39.0,38.9,38.8,38.9,39.3,39.4,39.9
Rank: 57,72,83,91,96,99,100,100,100,100,100,100,100,100,100,100,100,100,100,100,100,100,100,100,100,100,100,100,100,100,100,100,100,100,100,100,100,100,100,100,100,100,100,100,100,100,100,100,100,100
Seed 2/10
Train loss: 4.3115,4.0731,3.8944,3.7401,3.6031,3.4779,3.3641,3.2591,3.158,3.0657,2.9766,2.8952,2.8173,2.7471,2.6838,2.6261,2.574,2.5248,2.4808,2.4408,2.4021,2.3674,2.334,2.3035,2.2752,2.2499,2.2244,2.2013,2.1774,2.1581,2.1372,2.1188,2.1,2.0829,2.066,2.0514,2.0354,2.02,2.0073,1.9922,1.9789,1.968,1.9564,1.9428,1.9322,1.9225,1.9093,1.8984,1.8891,1.8777
Test loss: 4.3263,4.0966,3.9284,3.7847,3.6577,3.5463,3.4454,3.3512,3.2629,3.1784,3.1056,3.0336,2.9692,2.9114,2.8573,2.8147,2.7763,2.7351,2.7025,2.6775,2.6487,2.625,2.603,2.5821,2.567,2.551,2.5349,2.5227,2.5053,2.494,2.4849,2.4759,2.4677,2.4599,2.4531,2.4474,2.4423,2.4345,2.4318,2.4252,2.4171,2.418,2.4087,2.4051,2.4019,2.392,2.3908,2.3874,2.3878,2.3851
Train accuracy: 5.1,7.2,9.7,12.3,13.9,14.3,16.0,16.8,18.8,20.4,22.6,24.9,26.7,27.7,28.8,30.7,32.0,33.3,33.9,34.6,36.0,36.9,37.3,37.4,38.1,38.9,39.3,39.9,40.1,40.9,40.9,41.8,41.2,42.1,42.8,42.5,43.4,43.5,43.6,44.0,45.0,44.4,45.1,45.2,45.1,45.8,45.6,46.5,46.2,46.5
Test accuracy: 5.0,7.4,10.4,11.6,13.7,14.9,16.3,17.2,18.5,20.0,21.5,23.1,25.0,24.8,26.4,27.3,29.4,29.6,30.4,30.7,30.7,31.9,32.3,32.4,33.3,35.1,35.0,34.7,34.6,35.4,34.5,35.3,35.7,35.8,35.2,35.7,36.2,36.4,36.1,36.7,36.8,35.7,36.5,36.3,36.6,37.9,37.3,37.6,36.9,37.6
Rank: 57,73,85,91,95,99,100,100,100,100,100,100,100,100,100,100,100,100,100,100,100,100,100,100,100,100,100,100,100,100,100,100,100,100,100,100,100,100,100,100,100,100,100,100,100,100,100,100,100,100
Seed 3/10
Train loss: 4.3223,4.1009,3.9464,3.8093,3.6896,3.5771,3.4812,3.3903,3.3089,3.232,3.1608,3.0923,3.0294,2.9681,2.9151,2.8617,2.8095,2.7642,2.7185,2.6735,2.6329,2.5963,2.5603,2.5273,2.496,2.4681,2.4409,2.413,2.3868,2.3664,2.3441,2.3212,2.3012,2.2814,2.2642,2.247,2.2278,2.2111,2.1959,2.1812,2.166,2.1514,2.1371,2.1232,2.1121,2.1023,2.0881,2.0774,2.0707,2.0569
Test loss: 4.3205,4.1125,3.9709,3.8479,3.7378,3.6384,3.5555,3.4772,3.4064,3.3428,3.2815,3.2264,3.1736,3.124,3.0799,3.0361,2.9933,2.9589,2.9215,2.8873,2.8599,2.8327,2.8043,2.781,2.7551,2.7346,2.7147,2.6974,2.679,2.6634,2.6467,2.6364,2.6251,2.6087,2.6038,2.5932,2.5829,2.5756,2.5679,2.5628,2.5524,2.5442,2.5394,2.5342,2.5301,2.5277,2.5244,2.5188,2.5166,2.5078
Train accuracy: 5.3,6.8,8.5,9.7,11.9,13.6,16.4,17.8,18.9,20.4,22.3,24.2,24.8,25.5,26.3,26.6,27.4,28.3,29.6,30.7,31.1,32.1,32.9,34.0,34.3,34.9,35.5,35.9,36.0,36.6,37.3,37.2,38.0,38.1,39.2,39.5,39.9,39.7,40.7,41.1,41.8,42.1,42.0,42.6,42.7,43.2,43.4,43.5,43.4,43.5
Test accuracy: 5.8,6.4,8.9,9.9,11.9,13.8,15.7,18.1,18.7,20.1,21.7,23.9,24.6,24.7,25.2,25.3,26.6,27.6,28.6,29.0,29.2,30.3,31.3,31.8,30.7,32.0,32.4,32.0,32.4,32.7,33.4,33.2,34.1,34.2,35.2,34.8,33.9,34.1,35.0,34.2,35.1,35.0,34.0,34.8,35.5,36.0,36.2,35.7,36.1,35.8
Rank: 56,70,78,86,90,93,97,98,98,99,100,100,100,100,100,100,100,100,100,100,100,100,100,100,100,100,100,100,100,100,100,100,100,100,100,100,100,100,100,100,100,100,100,100,100,100,100,100,100,100
Seed 4/10
Train loss: 4.2046,3.9781,3.805,3.6566,3.5276,3.4055,3.2926,3.1898,3.0954,3.0082,2.9282,2.8539,2.7867,2.7246,2.667,2.6133,2.5636,2.5161,2.4713,2.4322,2.3916,2.3558,2.3208,2.2891,2.2582,2.2294,2.2004,2.1752,2.1495,2.1229,2.0999,2.0767,2.056,2.0341,2.0156,1.9964,1.9801,1.9617,1.945,1.9285,1.9142,1.9004,1.8867,1.8722,1.8583,1.8486,1.8363,1.8228,1.8126,1.8007
Test loss: 4.2108,3.9861,3.8228,3.6811,3.5591,3.447,3.34,3.2423,3.1572,3.0764,3.0021,2.9368,2.8779,2.8234,2.775,2.7295,2.6903,2.6516,2.6146,2.5858,2.5536,2.5268,2.4973,2.4758,2.453,2.4322,2.4134,2.3949,2.374,2.357,2.3456,2.3276,2.3169,2.302,2.2878,2.2763,2.264,2.2556,2.2447,2.2379,2.232,2.2238,2.2189,2.2073,2.1988,2.1928,2.1872,2.1773,2.1752,2.1664
Train accuracy: 5.4,7.4,9.6,13.3,15.3,16.8,18.4,19.8,21.2,22.8,24.5,25.8,27.8,29.0,30.3,31.3,32.3,33.3,34.4,35.1,36.3,36.6,37.7,39.0,39.6,40.5,41.3,42.5,42.8,43.3,44.0,44.5,44.9,45.1,45.8,46.8,47.0,47.6,48.3,48.9,49.0,49.5,49.6,50.7,50.7,51.2,51.1,51.7,51.7,52.2
Test accuracy: 5.5,7.5,9.1,12.7,14.3,16.2,17.7,18.5,19.3,21.0,22.6,23.3,26.0,26.1,27.1,28.1,28.0,29.1,30.6,31.7,32.7,31.5,32.4,34.0,33.7,34.6,36.2,35.0,35.7,35.7,36.9,37.5,38.2,37.8,39.3,40.1,40.9,40.8,41.1,40.8,40.6,41.4,41.0,41.7,42.3,42.6,42.7,42.8,43.2,43.4
Rank: 64,76,87,93,97,99,100,100,100,100,100,100,100,100,100,100,100,100,100,100,100,100,100,100,100,100,100,100,100,100,100,100,100,100,100,100,100,100,100,100,100,100,100,100,100,100,100,100,100,100
Seed 5/10
Train loss: 4.2652,4.0196,3.8384,3.6888,3.5564,3.4365,3.3273,3.2274,3.1349,3.0482,2.9686,2.8933,2.8243,2.7569,2.6968,2.6377,2.5863,2.5352,2.49,2.4464,2.406,2.3698,2.3362,2.3028,2.2736,2.2421,2.2162,2.1888,2.166,2.1447,2.1234,2.1034,2.0818,2.0639,2.0469,2.0343,2.0172,2.0034,1.9871,1.9746,1.9617,1.9485,1.9371,1.925,1.9132,1.9034,1.8919,1.8803,1.8702,1.8626
Test loss: 4.2762,4.0457,3.8786,3.7438,3.6233,3.5166,3.4176,3.3271,3.2443,3.1633,3.0956,3.0295,2.9692,2.9082,2.8567,2.8043,2.7583,2.7131,2.6768,2.6371,2.6032,2.5705,2.541,2.5146,2.4903,2.4664,2.4481,2.4299,2.4124,2.3996,2.3853,2.3726,2.355,2.3489,2.3331,2.3261,2.3175,2.3079,2.3016,2.296,2.2857,2.282,2.282,2.2743,2.2665,2.2599,2.2595,2.253,2.2497,2.2496
Train accuracy: 5.4,7.9,9.9,12.1,13.7,15.1,17.1,19.0,20.8,22.9,24.4,25.2,26.9,28.1,29.1,30.6,31.6,32.5,34.0,35.2,35.9,36.8,37.6,38.8,38.9,39.7,40.5,41.2,41.4,42.3,42.7,43.2,43.6,44.2,44.2,44.6,45.0,45.0,45.3,45.7,46.5,46.7,46.6,47.0,47.1,47.3,47.6,47.7,47.7,47.9
Test accuracy: 5.4,7.5,10.1,12.0,12.9,14.5,16.5,17.9,19.0,21.4,23.4,23.1,24.1,25.7,26.4,26.9,28.2,29.0,30.6,32.4,33.5,33.6,34.5,35.4,36.0,36.1,37.2,37.0,37.6,39.3,38.9,39.3,38.9,38.8,40.1,39.8,40.2,40.2,39.7,40.0,40.7,40.8,40.1,40.4,40.5,40.6,41.4,41.4,40.8,41.1
Rank: 62,74,84,90,96,98,99,100,100,100,100,100,100,100,100,100,100,100,100,100,100,100,100,100,100,100,100,100,100,100,100,100,100,100,100,100,100,100,100,100,100,100,100,100,100,100,100,100,100,100
Seed 6/10
Train loss: 4.268,4.0321,3.8625,3.7185,3.5923,3.4699,3.3585,3.2512,3.1514,3.0589,2.9715,2.8906,2.8155,2.7487,2.6903,2.633,2.579,2.5307,2.4873,2.4466,2.4077,2.3716,2.3396,2.3067,2.2744,2.2465,2.2214,2.196,2.1731,2.1503,2.1294,2.1106,2.0909,2.0731,2.0532,2.0379,2.0191,2.0043,1.9905,1.9759,1.9622,1.9487,1.9361,1.9234,1.9107,1.9003,1.889,1.8793,1.8685,1.8589
Test loss: 4.2803,4.0583,3.9003,3.7671,3.6498,3.5412,3.4393,3.3451,3.2574,3.1728,3.0955,3.0259,2.9619,2.9073,2.8613,2.8143,2.7719,2.7344,2.6959,2.6667,2.6365,2.609,2.5867,2.5608,2.5354,2.5111,2.4951,2.4742,2.4592,2.4423,2.4238,2.408,2.3924,2.3822,2.3707,2.3568,2.3441,2.3334,2.325,2.3168,2.3086,2.2971,2.2898,2.2833,2.2745,2.2716,2.2626,2.2581,2.2517,2.2482
Train accuracy: 4.3,7.1,9.7,10.5,11.5,12.7,15.7,18.4,21.2,23.0,24.1,25.4,26.2,28.4,29.4,30.4,32.5,32.9,34.2,35.2,36.0,36.5,37.2,38.3,39.4,39.8,39.8,40.3,40.8,41.6,42.2,42.4,43.4,43.7,43.8,44.3,45.2,45.3,45.6,46.0,46.6,46.8,47.5,48.0,48.3,48.0,48.0,48.5,49.1,48.8
Test accuracy: 4.5,7.8,10.4,10.9,10.9,12.6,16.0,18.8,20.9,24.2,25.1,25.7,25.8,27.7,26.9,28.6,28.7,29.3,30.5,30.7,31.2,32.1,33.7,33.5,34.2,35.2,35.5,35.4,35.5,36.6,37.0,37.2,36.8,37.8,37.1,37.5,38.2,37.2,38.6,38.8,38.9,38.4,39.8,40.2,39.5,39.9,40.3,41.2,39.6,40.6
Rank: 58,73,85,92,97,98,100,100,100,100,100,100,100,100,100,100,100,100,100,100,100,100,100,100,100,100,100,100,100,100,100,100,100,100,100,100,100,100,100,100,100,100,100,100,100,100,100,100,100,100
Seed 7/10
Train loss: 4.2196,3.9989,3.8299,3.6869,3.5568,3.4396,3.3306,3.2289,3.1349,3.043,2.958,2.8744,2.7963,2.7253,2.6585,2.5976,2.5418,2.4895,2.4421,2.3974,2.3557,2.3158,2.2788,2.2448,2.2148,2.1854,2.157,2.1325,2.1062,2.0826,2.0618,2.0389,2.0183,2.0007,1.9825,1.9662,1.9505,1.9362,1.9213,1.9065,1.8948,1.8818,1.8704,1.8579,1.847,1.8364,1.8256,1.8184,1.8071,1.7982
Test loss: 4.2374,4.0319,3.8747,3.7429,3.6226,3.5176,3.42,3.3308,3.2473,3.1641,3.0909,3.0138,2.9479,2.8873,2.8294,2.7789,2.7328,2.6863,2.6466,2.6138,2.5819,2.5489,2.5218,2.4984,2.4814,2.4633,2.4447,2.4218,2.4073,2.3884,2.3773,2.3652,2.3491,2.3361,2.3321,2.3196,2.3163,2.3054,2.2983,2.2899,2.2857,2.283,2.2747,2.2758,2.2702,2.2668,2.2607,2.26,2.2584,2.2554
Train accuracy: 3.9,7.0,9.1,10.4,12.6,16.1,18.1,19.4,20.2,21.4,23.1,25.2,27.1,28.9,30.1,31.6,32.4,33.3,34.8,35.8,36.6,37.8,38.3,39.6,40.4,40.6,41.3,41.4,43.0,43.6,43.1,44.2,44.7,44.6,45.1,45.2,45.7,46.3,46.1,46.9,47.0,46.8,47.3,47.9,48.3,48.4,48.5,48.9,48.9,49.4
Test accuracy: 4.0,6.1,7.0,9.2,11.3,15.0,16.0,18.3,18.6,19.8,20.8,23.9,25.4,26.2,27.0,27.9,29.3,30.3,30.1,32.0,32.5,32.9,33.5,34.8,34.8,35.3,35.8,36.2,37.2,36.4,38.0,39.4,39.2,40.3,40.2,40.8,40.9,41.2,40.6,41.2,41.4,41.4,42.1,41.7,42.0,42.4,42.9,43.2,43.0,42.4
Rank: 61,74,82,90,95,97,97,99,100,100,100,100,100,100,100,100,100,100,100,100,100,100,100,100,100,100,100,100,100,100,100,100,100,100,100,100,100,100,100,100,100,100,100,100,100,100,100,100,100,100
Seed 8/10
Train loss: 4.2621,4.024,3.8498,3.7054,3.5745,3.4553,3.3458,3.2499,3.1588,3.0743,2.9988,2.927,2.8594,2.799,2.7406,2.6892,2.6369,2.5904,2.5429,2.5001,2.4608,2.421,2.3844,2.3502,2.3175,2.287,2.2562,2.2295,2.2029,2.1787,2.1562,2.135,2.1153,2.0951,2.0767,2.0582,2.0431,2.0268,2.0103,1.9953,1.9805,1.9686,1.9543,1.9411,1.9289,1.9157,1.9071,1.8933,1.8825,1.8728
Test loss: 4.2928,4.0722,3.9107,3.7795,3.6584,3.5463,3.4455,3.3581,3.2773,3.2023,3.1344,3.0731,3.0144,2.9658,2.9142,2.8726,2.8287,2.7871,2.7482,2.7123,2.6822,2.647,2.62,2.5958,2.5721,2.5454,2.5213,2.5027,2.4814,2.4645,2.4495,2.4314,2.417,2.4029,2.3962,2.3836,2.3744,2.3648,2.3517,2.3396,2.3319,2.3259,2.3189,2.3095,2.3041,2.2963,2.2975,2.2888,2.285,2.2795
Train accuracy: 5.9,7.9,10.2,12.0,14.2,16.9,18.7,20.1,22.0,22.9,24.4,25.8,27.2,28.2,29.9,30.7,31.8,32.9,35.3,35.5,37.1,38.0,39.3,39.8,40.7,41.7,42.9,42.7,43.6,43.2,44.1,44.8,45.6,45.9,45.5,46.3,46.7,46.8,47.4,47.7,48.2,48.0,48.1,48.8,48.7,49.7,49.7,50.1,50.0,50.4
Test accuracy: 5.5,7.6,9.5,11.6,13.8,16.2,17.7,19.1,20.7,22.6,22.5,23.2,24.5,25.5,27.0,27.4,27.5,28.4,30.7,31.8,32.2,33.5,34.8,35.4,36.3,36.5,37.4,37.5,38.6,38.8,38.8,39.8,40.0,39.7,39.8,39.3,41.5,41.4,41.3,42.0,41.7,41.3,41.8,42.1,43.4,43.3,42.9,43.4,43.2,43.6
Rank: 60,75,85,91,97,99,100,100,100,100,100,100,100,100,100,100,100,100,100,100,100,100,100,100,100,100,100,100,100,100,100,100,100,100,100,100,100,100,100,100,100,100,100,100,100,100,100,100,100,100
Seed 9/10
Train loss: 4.3714,4.1364,3.9771,3.8376,3.7141,3.6055,3.5,3.4022,3.308,3.2164,3.1288,3.0463,2.9635,2.8902,2.8136,2.7428,2.6787,2.6194,2.5657,2.5158,2.4694,2.4254,2.3857,2.3494,2.3166,2.2844,2.2572,2.2284,2.2033,2.1795,2.1574,2.1376,2.1165,2.0965,2.0776,2.0615,2.0441,2.0285,2.0115,1.9949,1.9825,1.9681,1.9524,1.9376,1.925,1.9124,1.8998,1.8882,1.8774,1.8654
Test loss: 4.3892,4.1788,4.0318,3.9081,3.796,3.701,3.6073,3.5199,3.4373,3.3538,3.2768,3.2026,3.1301,3.0657,2.9984,2.9338,2.8794,2.8314,2.7874,2.7495,2.7143,2.6766,2.6462,2.6193,2.5941,2.5686,2.5497,2.5274,2.5113,2.499,2.4819,2.4684,2.4566,2.4437,2.431,2.4206,2.4128,2.3969,2.39,2.3819,2.3769,2.371,2.3606,2.3538,2.3468,2.3419,2.335,2.3313,2.324,2.3175
Train accuracy: 4.4,7.7,9.2,11.3,13.7,14.8,15.8,16.7,17.5,17.9,19.0,20.8,22.8,24.0,25.2,27.0,28.2,29.5,30.5,31.4,33.1,33.3,34.9,35.7,36.2,37.6,38.2,38.9,39.5,39.8,40.0,40.5,41.3,41.8,42.7,43.1,42.8,43.8,43.6,44.9,45.2,45.5,45.7,46.2,46.4,46.5,47.8,47.3,46.9,47.7
Test accuracy: 4.4,6.8,8.4,10.1,12.0,12.8,13.7,14.4,15.4,15.8,17.2,18.5,19.8,21.1,22.3,23.2,24.3,24.6,25.2,27.4,29.6,30.2,31.0,30.9,32.0,33.4,33.1,34.7,34.7,35.5,36.2,36.1,36.2,36.2,36.9,36.3,37.9,37.6,37.7,37.3,37.9,38.2,38.7,39.0,39.7,39.5,38.9,39.6,39.7,40.0
Rank: 51,67,76,85,91,94,99,99,100,100,100,100,100,100,100,100,100,100,100,100,100,100,100,100,100,100,100,100,100,100,100,100,100,100,100,100,100,100,100,100,100,100,100,100,100,100,100,100,100,100
Seed 10/10
Train loss: 4.2454,4.0137,3.8413,3.6935,3.5623,3.4448,3.3318,3.2271,3.1313,3.0411,2.9569,2.878,2.8036,2.7348,2.6697,2.6116,2.5546,2.5054,2.4548,2.413,2.3758,2.3387,2.3034,2.2741,2.2443,2.2168,2.1911,2.1651,2.1433,2.1191,2.0976,2.078,2.0593,2.0399,2.0222,2.004,1.9902,1.9729,1.9591,1.9431,1.9294,1.9146,1.901,1.8884,1.8754,1.8627,1.8511,1.8399,1.8298,1.8196
Test loss: 4.2565,4.0391,3.8811,3.7459,3.6249,3.5168,3.4128,3.3188,3.2312,3.1479,3.0749,3.0048,2.9392,2.8789,2.82,2.7722,2.7206,2.6774,2.635,2.6035,2.5726,2.5493,2.521,2.4994,2.4774,2.455,2.4366,2.4148,2.4018,2.3797,2.3673,2.3517,2.3393,2.3229,2.3127,2.3018,2.293,2.2857,2.2761,2.2676,2.2592,2.251,2.2447,2.2387,2.2296,2.2248,2.2209,2.2191,2.2186,2.2153
Train accuracy: 3.5,5.5,8.8,11.1,13.2,15.4,17.1,18.5,19.7,21.0,22.3,24.6,26.6,28.5,29.8,30.5,32.5,33.2,34.5,35.7,36.6,37.8,39.0,39.4,39.6,40.0,40.1,41.4,41.9,43.0,43.3,43.8,44.2,44.8,44.8,45.8,46.5,47.1,47.0,47.9,47.9,47.9,48.3,48.7,49.3,49.5,49.5,50.1,49.8,50.0
Test accuracy: 3.5,6.4,9.3,11.8,13.5,15.7,17.7,18.6,18.9,19.7,21.2,23.5,24.8,25.9,26.9,27.6,29.6,31.0,31.6,31.5,31.9,31.9,32.9,34.3,34.6,34.4,34.6,35.4,36.2,37.3,38.0,38.0,37.4,38.6,38.1,40.3,39.7,40.2,40.7,41.3,40.0,40.6,41.0,41.1,41.2,41.3,41.3,41.5,42.1,40.8
Rank: 61,75,85,93,96,99,100,100,100,100,100,100,100,100,100,100,100,100,100,100,100,100,100,100,100,100,100,100,100,100,100,100,100,100,100,100,100,100,100,100,100,100,100,100,100,100,100,100,100,100
