Seed 1/10
Train loss: 4.5277,4.3947,4.3036,4.2308,4.1704,4.1187,4.0749,4.0342,3.996,3.9615,3.9312,3.9026,3.8787,3.8554,3.8315,3.8098,3.7935,3.771,3.7538,3.7364,3.7227,3.7067,3.6916,3.6779,3.6641,3.6511,3.6389,3.6275,3.6143,3.6032,3.5912,3.5806,3.57,3.5595,3.5509,3.5405,3.5297,3.5203,3.5134,3.502,3.4936,3.4837,3.4754,3.4675,3.4587,3.451,3.4432,3.4346,3.4278,3.42
Test loss: 4.5397,4.4213,4.3418,4.2786,4.2291,4.1837,4.1464,4.1145,4.0803,4.0534,4.0278,4.0032,3.9886,3.9686,3.9471,3.9326,3.9152,3.9068,3.8913,3.8847,3.879,3.8665,3.8581,3.8472,3.8387,3.8309,3.8234,3.8176,3.8093,3.8063,3.7967,3.7924,3.7851,3.7824,3.7721,3.7684,3.7661,3.7607,3.7593,3.7538,3.7481,3.7435,3.7387,3.7378,3.7354,3.7288,3.7262,3.7237,3.7183,3.7171
Train accuracy: 2.0,3.4,4.4,4.6,4.9,4.6,4.6,4.5,4.7,4.7,5.0,4.7,4.5,5.4,5.4,6.0,6.0,6.0,6.6,6.4,6.3,6.3,6.5,6.7,6.5,6.6,6.9,7.2,7.1,6.7,7.3,7.2,7.2,7.5,7.6,7.3,7.8,7.5,7.3,7.9,8.0,8.0,7.7,8.1,8.3,8.0,8.7,8.8,8.8,8.8
Test accuracy: 1.8,3.1,4.3,4.5,4.5,3.8,4.3,4.0,4.2,4.3,4.7,4.6,4.3,4.7,4.5,4.8,4.9,5.1,5.4,5.5,5.5,5.1,5.5,6.1,5.4,5.7,5.6,5.8,5.7,5.8,5.5,5.5,6.2,6.0,6.2,6.6,5.7,5.7,6.2,5.9,5.8,6.3,5.9,6.4,6.1,7.0,7.1,6.9,6.7,6.4
Rank: 15,18,19,21,22,24,25,26,26,26,28,29,31,31,32,32,32,33,33,34,34,34,36,37,37,38,38,39,39,40,41,41,41,42,42,42,43,44,45,45,45,45,46,46,47,47,48,48,49,49
Seed 2/10
Train loss: 4.4844,4.3524,4.2628,4.192,4.1328,4.0832,4.0399,4.0012,3.965,3.9328,3.9048,3.8779,3.8536,3.8295,3.8065,3.7861,3.7657,3.7469,3.7297,3.7118,3.6951,3.6775,3.6618,3.6464,3.6317,3.6158,3.6029,3.5888,3.5767,3.5634,3.551,3.5373,3.5241,3.5126,3.5002,3.4894,3.4795,3.4694,3.4564,3.4482,3.4378,3.4269,3.4176,3.4084,3.3992,3.3896,3.381,3.3726,3.3647,3.3555
Test loss: 4.495,4.3721,4.2904,4.2252,4.1724,4.1279,4.0911,4.0612,4.0278,4.0008,3.9773,3.9535,3.939,3.9198,3.9016,3.8854,3.8693,3.8553,3.8445,3.8269,3.8137,3.8026,3.7916,3.7793,3.7703,3.76,3.748,3.741,3.7322,3.7209,3.7115,3.7108,3.7013,3.6908,3.6889,3.6815,3.6686,3.6662,3.6596,3.6527,3.6474,3.6403,3.6372,3.6279,3.6299,3.6204,3.6189,3.615,3.6082,3.6044
Train accuracy: 1.6,1.3,2.1,3.2,3.6,4.0,4.2,4.4,4.5,5.1,5.2,5.1,5.0,4.7,5.1,5.3,5.1,5.2,5.3,5.3,5.2,5.4,5.5,5.5,5.5,5.8,5.9,6.1,6.7,6.3,6.6,6.8,7.2,7.1,7.1,7.2,7.8,7.6,7.7,8.0,7.7,7.9,8.4,8.6,8.5,8.3,8.8,8.9,9.0,9.3
Test accuracy: 1.5,1.6,2.8,3.5,3.8,4.4,4.7,4.8,4.7,5.0,4.7,4.8,4.7,4.2,4.8,4.4,4.9,4.7,4.2,4.4,4.6,4.9,5.3,5.2,5.4,5.7,5.3,5.0,5.3,6.2,6.4,6.7,6.8,6.8,6.5,6.7,7.0,7.2,7.4,7.4,7.2,7.4,7.2,7.4,7.3,7.9,7.7,7.2,7.3,7.4
Rank: 15,19,20,23,25,26,26,28,29,30,31,32,32,32,33,34,35,36,37,37,38,38,39,40,41,42,42,43,43,43,44,45,46,46,46,47,48,48,48,48,49,51,51,51,51,52,53,53,53,55
Seed 3/10
Train loss: 4.4749,4.3509,4.2691,4.2062,4.1518,4.1028,4.0595,4.0195,3.9861,3.9503,3.9197,3.8918,3.8656,3.8387,3.816,3.7928,3.7733,3.7536,3.7334,3.7152,3.6982,3.6828,3.6649,3.6493,3.636,3.6195,3.6058,3.5933,3.5819,3.5657,3.5538,3.5408,3.5292,3.5169,3.5053,3.4941,3.483,3.4722,3.4628,3.4515,3.4412,3.431,3.4233,3.4128,3.4027,3.3932,3.3848,3.3763,3.3669,3.3592
Test loss: 4.4871,4.3755,4.3037,4.2533,4.2117,4.1683,4.1366,4.1052,4.0778,4.0554,4.034,4.0158,3.9929,3.9783,3.9583,3.9465,3.932,3.9232,3.9069,3.9034,3.8868,3.8731,3.8647,3.8577,3.8479,3.8437,3.8346,3.8285,3.8161,3.8169,3.8085,3.8011,3.7927,3.7918,3.7821,3.7799,3.7695,3.766,3.7578,3.7571,3.749,3.7424,3.7469,3.7441,3.737,3.7349,3.7293,3.7238,3.7191,3.713
Train accuracy: 3.4,3.8,3.9,3.9,3.9,4.6,4.6,4.6,4.7,4.6,4.6,4.7,4.8,4.9,4.9,5.0,5.2,5.1,5.2,5.6,5.6,5.3,5.4,5.4,5.7,5.8,6.1,5.8,6.4,6.8,6.5,6.9,6.9,7.4,7.5,7.8,8.0,7.8,7.9,8.3,8.4,8.5,8.8,8.6,9.2,9.5,9.2,8.7,9.5,9.8
Test accuracy: 3.2,3.3,3.8,4.0,4.3,4.7,5.0,5.0,4.2,4.5,4.5,4.4,4.5,4.2,4.5,5.0,4.7,5.2,5.0,5.1,5.0,5.2,5.2,4.9,5.3,5.9,5.5,5.7,5.3,5.1,4.9,5.2,5.0,5.6,5.7,5.8,6.2,6.4,6.0,6.2,6.6,6.6,7.0,6.4,7.2,7.2,6.7,6.8,7.8,7.2
Rank: 16,18,19,21,23,24,26,26,27,28,28,29,30,31,32,33,33,34,35,35,36,36,37,38,38,38,39,40,40,41,42,42,43,43,44,45,45,47,48,48,49,49,49,49,50,51,51,52,52,52
Seed 4/10
Train loss: 4.4617,4.3247,4.2387,4.174,4.1192,4.0741,4.0312,3.9943,3.9612,3.9299,3.9016,3.8759,3.851,3.8279,3.8064,3.7866,3.768,3.7492,3.732,3.7158,3.6998,3.6859,3.6707,3.6592,3.6447,3.6299,3.6181,3.6048,3.5928,3.5811,3.5695,3.5594,3.5496,3.5377,3.5288,3.5166,3.5077,3.4967,3.4872,3.4777,3.4692,3.4594,3.4501,3.4407,3.4336,3.4244,3.4153,3.4073,3.4014,3.3934
Test loss: 4.4804,4.3584,4.2821,4.2259,4.1809,4.1445,4.1061,4.0775,4.0526,4.027,4.0028,3.9842,3.9652,3.9457,3.9304,3.917,3.9053,3.8945,3.8792,3.8759,3.8632,3.8535,3.8444,3.836,3.8274,3.8226,3.8152,3.8121,3.8064,3.7987,3.7946,3.7911,3.7776,3.7791,3.7724,3.7683,3.7646,3.7618,3.7561,3.7552,3.7472,3.7473,3.7406,3.7389,3.7381,3.7274,3.7283,3.7314,3.7208,3.7198
Train accuracy: 3.5,4.0,4.3,4.5,4.9,5.1,5.4,5.2,5.4,5.0,5.0,5.1,5.4,5.7,5.6,5.9,6.0,5.8,6.0,6.2,6.3,6.6,6.7,6.8,6.7,6.7,6.8,6.8,7.0,7.4,7.1,6.8,7.1,7.0,7.5,7.7,7.6,7.8,8.2,7.8,7.9,7.7,8.0,8.9,8.8,8.8,9.1,9.2,9.3,9.8
Test accuracy: 3.6,3.2,3.3,3.7,4.4,4.8,5.3,5.0,4.6,4.9,5.6,5.7,5.5,6.1,6.0,5.9,7.0,7.0,6.8,7.2,7.5,7.0,6.9,7.0,7.3,6.9,7.0,7.2,7.4,7.0,7.3,7.4,7.2,7.1,7.4,7.2,7.2,7.8,7.3,7.8,7.9,7.8,7.5,8.8,7.8,8.2,8.3,7.9,7.8,8.4
Rank: 17,19,22,23,25,25,26,28,28,30,31,31,32,32,34,34,35,35,37,37,38,38,39,39,39,40,40,42,42,43,44,44,45,46,47,47,48,48,49,49,50,50,51,51,51,52,53,53,53,54
Seed 5/10
Train loss: 4.5132,4.3789,4.2885,4.2161,4.1577,4.1086,4.0645,4.0272,3.992,3.9582,3.9279,3.9016,3.8756,3.8526,3.8279,3.8078,3.7858,3.7666,3.7476,3.7298,3.7124,3.696,3.6791,3.6637,3.6485,3.6331,3.6206,3.6057,3.5919,3.581,3.5667,3.5555,3.5434,3.5318,3.519,3.5075,3.4973,3.4864,3.4762,3.4657,3.456,3.4465,3.4367,3.4278,3.4193,3.4102,3.3999,3.3914,3.3824,3.374
Test loss: 4.5213,4.395,4.3116,4.2472,4.1958,4.1532,4.1159,4.0802,4.0525,4.0259,4.001,3.9788,3.9598,3.9396,3.9207,3.9037,3.8885,3.8739,3.8599,3.8487,3.8352,3.821,3.8116,3.7984,3.7898,3.7778,3.7704,3.7637,3.7535,3.7444,3.7372,3.7307,3.7236,3.7179,3.7104,3.7057,3.6968,3.6945,3.6859,3.6805,3.6761,3.6691,3.6676,3.6631,3.6563,3.6515,3.6441,3.6402,3.6349,3.6307
Train accuracy: 1.8,2.8,4.2,4.4,4.3,4.3,4.3,4.5,4.5,4.6,4.7,4.9,5.0,5.2,5.4,5.5,5.5,5.9,5.9,6.3,6.4,6.5,6.9,6.6,6.8,7.3,7.7,7.9,8.0,8.2,8.4,8.1,8.5,8.7,8.9,9.1,9.4,9.2,9.1,9.3,9.5,9.6,9.7,9.8,9.4,9.5,9.7,10.1,9.9,10.1
Test accuracy: 1.5,2.7,4.4,4.8,4.4,4.1,4.4,4.4,5.0,4.9,4.6,4.8,4.8,5.3,5.2,5.5,5.3,5.3,5.4,5.8,5.8,5.9,6.2,6.1,6.3,7.0,6.6,6.6,6.4,7.1,6.8,6.2,7.0,7.1,7.3,6.8,7.0,7.0,7.2,6.8,7.0,7.2,7.4,7.1,7.4,7.3,7.5,7.8,7.3,7.6
Rank: 15,18,19,21,23,24,25,25,26,28,29,29,30,30,32,33,33,34,35,35,36,36,37,37,38,38,39,40,40,41,41,42,43,44,45,45,46,46,46,47,47,48,48,49,49,50,50,51,51,52
Seed 6/10
Train loss: 4.4711,4.3391,4.2522,4.1849,4.1301,4.084,4.0455,4.0098,3.9781,3.9494,3.9224,3.8963,3.8723,3.8495,3.8271,3.8044,3.7865,3.7653,3.7478,3.732,3.7144,3.6994,3.6835,3.6698,3.6557,3.6416,3.6285,3.616,3.6042,3.5931,3.5802,3.5694,3.5616,3.549,3.5388,3.529,3.5184,3.5086,3.4992,3.4904,3.4823,3.4735,3.4639,3.4567,3.447,3.4391,3.4305,3.422,3.414,3.4051
Test loss: 4.4893,4.3708,4.2946,4.2395,4.1956,4.1583,4.1273,4.1027,4.0802,4.0603,4.0417,4.018,4.0007,3.9832,3.9675,3.9538,3.941,3.9252,3.9119,3.8979,3.8894,3.8832,3.8706,3.8571,3.8495,3.8415,3.8347,3.8284,3.8233,3.8153,3.8123,3.8053,3.8007,3.7959,3.7898,3.7935,3.786,3.7789,3.7773,3.7714,3.7689,3.7675,3.7595,3.761,3.7578,3.7551,3.7509,3.7454,3.7427,3.7392
Train accuracy: 2.7,3.0,3.6,3.9,4.2,5.1,6.3,6.3,6.1,6.2,6.4,6.7,6.7,6.8,6.6,6.6,6.5,6.6,6.5,6.9,6.9,6.9,6.9,7.2,6.8,6.7,7.1,6.9,6.9,7.0,6.9,7.1,7.0,7.1,7.3,7.1,7.6,7.4,7.5,7.7,7.5,7.5,7.8,7.8,8.2,8.8,8.6,8.7,8.7,8.9
Test accuracy: 2.6,2.9,3.2,3.5,3.9,4.9,5.7,6.4,6.3,6.9,6.8,6.5,6.1,5.7,5.9,5.3,5.7,5.7,5.3,5.5,5.6,5.6,5.5,5.9,5.4,5.4,6.0,5.6,5.4,5.7,5.5,5.7,5.6,5.7,5.4,6.0,6.4,6.0,6.7,6.6,6.1,6.5,6.3,6.6,6.4,6.6,6.4,7.0,7.3,7.1
Rank: 15,17,20,22,23,23,25,26,28,30,30,31,31,31,32,33,34,35,36,37,38,38,38,39,39,40,40,41,41,41,42,42,43,43,44,45,45,46,46,46,48,48,49,49,49,50,50,50,51,51
Seed 7/10
Train loss: 4.5225,4.3943,4.3077,4.2432,4.1853,4.1358,4.093,4.0536,4.0194,3.9895,3.9593,3.9305,3.9051,3.8821,3.8595,3.8384,3.819,3.8009,3.7822,3.7651,3.7481,3.7315,3.7171,3.7011,3.6862,3.673,3.6579,3.6464,3.6324,3.6187,3.6068,3.5944,3.5818,3.5703,3.5596,3.5483,3.5367,3.5266,3.5156,3.5062,3.4977,3.4877,3.4761,3.4661,3.4572,3.4492,3.4395,3.4312,3.422,3.4144
Test loss: 4.5314,4.41,4.3301,4.2735,4.2213,4.1813,4.1446,4.1127,4.0851,4.059,4.0365,4.0143,3.9974,3.979,3.9633,3.9479,3.9337,3.9205,3.9082,3.8943,3.8818,3.8717,3.8638,3.8571,3.844,3.837,3.8284,3.8215,3.8099,3.8011,3.7937,3.7881,3.7813,3.7716,3.7647,3.7579,3.7515,3.7471,3.74,3.738,3.7351,3.7309,3.722,3.7182,3.7123,3.7085,3.6995,3.6943,3.6905,3.6885
Train accuracy: 2.8,3.1,4.3,4.7,5.0,5.6,6.6,7.0,7.1,6.8,6.7,6.7,6.8,6.9,6.8,6.8,7.3,7.7,7.3,7.5,8.0,8.1,8.1,8.6,8.4,8.6,8.9,9.0,9.3,9.4,9.4,9.7,9.4,9.7,9.7,9.7,9.7,10.0,10.1,9.9,10.1,10.2,10.4,9.8,10.0,10.0,10.7,10.4,10.6,10.7
Test accuracy: 2.4,2.8,3.6,4.0,4.7,5.3,5.7,6.8,6.3,6.0,5.6,5.7,6.3,6.4,6.3,6.0,6.6,6.8,6.5,6.7,7.1,7.2,7.0,7.1,7.3,7.4,7.5,7.2,7.3,7.1,7.9,7.3,7.2,7.3,7.3,7.6,7.7,7.8,7.6,8.1,8.5,8.0,8.1,7.9,8.4,8.4,8.5,8.3,8.3,8.3
Rank: 16,20,22,25,26,28,29,30,31,31,32,33,34,34,35,36,37,38,38,39,39,40,41,41,42,43,43,44,45,45,46,47,47,48,48,49,49,50,50,50,51,51,52,52,53,53,54,55,55,55
Seed 8/10
Train loss: 4.4824,4.3567,4.2748,4.2072,4.1502,4.1053,4.0607,4.021,3.9868,3.9558,3.9231,3.8963,3.8695,3.8451,3.822,3.8024,3.7815,3.7619,3.7426,3.7239,3.7072,3.6889,3.6728,3.6578,3.6424,3.6279,3.6137,3.5996,3.5875,3.5732,3.5609,3.5484,3.5357,3.5228,3.5114,3.4997,3.4883,3.4773,3.4665,3.4551,3.4447,3.434,3.4244,3.4142,3.4047,3.3955,3.3857,3.3761,3.3668,3.3578
Test loss: 4.5098,4.3989,4.3297,4.2718,4.2249,4.1863,4.1506,4.1203,4.09,4.0643,4.0423,4.0224,3.9999,3.9816,3.9653,3.9489,3.932,3.9204,3.909,3.8961,3.8839,3.8722,3.8597,3.8521,3.8415,3.8283,3.8216,3.8176,3.8073,3.7984,3.7965,3.7834,3.7833,3.7771,3.7719,3.7645,3.7565,3.7532,3.7444,3.7416,3.732,3.7274,3.7218,3.7198,3.7135,3.7057,3.704,3.7016,3.694,3.6876
Train accuracy: 1.4,2.3,4.1,4.7,5.2,5.8,5.8,5.7,6.2,6.1,5.7,5.8,5.7,6.0,6.2,6.2,6.8,6.9,6.9,6.7,6.9,6.8,6.9,7.0,6.8,7.0,6.9,6.8,6.9,7.3,7.1,7.3,7.1,7.3,7.6,7.2,7.6,7.5,8.0,8.2,8.2,7.9,8.2,8.2,8.4,8.8,8.4,8.4,8.5,8.9
Test accuracy: 1.5,1.9,3.6,3.9,4.6,5.0,4.7,4.7,5.6,5.2,5.6,5.8,5.7,5.5,5.8,5.9,6.4,6.4,6.7,6.4,6.4,6.5,6.4,6.2,6.2,6.2,6.0,5.9,5.9,6.0,6.1,6.1,5.9,6.3,6.1,6.4,6.1,6.5,6.3,6.5,6.7,7.0,7.2,6.5,6.8,7.0,7.0,6.7,6.6,6.8
Rank: 16,17,19,22,23,25,25,26,28,29,30,31,31,32,32,33,34,35,35,36,36,37,38,38,39,39,40,41,41,42,42,42,43,44,45,45,46,47,47,48,48,48,49,49,49,49,50,51,51,51
Seed 9/10
Train loss: 4.5375,4.4247,4.3445,4.28,4.2253,4.1793,4.1371,4.0981,4.0609,4.0286,3.9968,3.9685,3.9407,3.915,3.89,3.8678,3.8469,3.8266,3.8069,3.79,3.7738,3.7574,3.7408,3.726,3.7106,3.6957,3.6828,3.6687,3.656,3.6429,3.6309,3.6192,3.6064,3.5963,3.5839,3.5739,3.565,3.5529,3.5432,3.5338,3.5234,3.5134,3.5029,3.4934,3.4852,3.4764,3.4671,3.4588,3.4502,3.4427
Test loss: 4.5564,4.4563,4.3906,4.3326,4.2854,4.248,4.2143,4.1786,4.1549,4.1264,4.1008,4.0811,4.058,4.0422,4.0239,4.0084,3.9969,3.98,3.9652,3.9509,3.9348,3.9299,3.9201,3.9172,3.9075,3.8936,3.881,3.8752,3.8668,3.8607,3.8585,3.8499,3.8426,3.8335,3.8283,3.823,3.8189,3.8142,3.8089,3.8034,3.7998,3.7943,3.7919,3.7849,3.7839,3.7714,3.7701,3.7677,3.7637,3.7648
Train accuracy: 3.3,3.5,3.3,4.1,4.0,4.4,5.0,5.3,5.2,5.5,5.4,5.5,5.5,6.0,6.0,6.0,6.0,6.1,6.3,6.3,6.3,6.5,6.5,6.7,7.1,6.8,7.0,6.8,7.4,7.0,7.5,7.4,7.3,7.6,7.7,7.6,7.7,7.9,8.2,8.0,8.0,8.2,8.3,8.4,8.6,9.0,9.1,9.6,9.6,9.4
Test accuracy: 3.8,3.6,3.4,4.2,3.9,4.8,5.0,4.9,4.7,5.1,5.0,4.9,4.9,5.4,5.6,5.5,5.5,5.6,5.7,5.4,5.5,5.6,5.2,5.5,6.2,5.9,5.8,5.9,6.3,6.0,6.9,7.2,6.7,6.7,6.6,6.6,6.5,6.4,6.5,6.9,7.1,6.9,6.9,7.1,6.9,7.0,6.9,7.4,7.9,7.7
Rank: 15,17,20,21,22,24,25,26,28,28,29,30,32,32,32,32,34,35,35,35,36,37,37,38,40,40,40,40,41,41,42,42,43,43,44,44,45,46,46,47,47,47,47,47,48,49,49,50,50,51
Seed 10/10
Train loss: 4.5262,4.3998,4.3182,4.2505,4.1969,4.1493,4.1073,4.0674,4.0319,3.9997,3.9691,3.9425,3.9161,3.8922,3.8698,3.8509,3.8279,3.8082,3.7898,3.7707,3.7543,3.7354,3.7188,3.7035,3.6884,3.6725,3.658,3.6443,3.6297,3.6158,3.6017,3.5888,3.576,3.5647,3.5522,3.5409,3.5292,3.5178,3.5075,3.4971,3.4853,3.4757,3.4667,3.4565,3.4473,3.4377,3.4284,3.4194,3.4103,3.4025
Test loss: 4.5262,4.4076,4.334,4.2741,4.2275,4.1851,4.1489,4.1178,4.0859,4.0612,4.0334,4.0153,3.9943,3.9767,3.956,3.9466,3.9261,3.9125,3.9012,3.8871,3.8768,3.8664,3.8546,3.8404,3.8342,3.8254,3.8144,3.8114,3.801,3.7928,3.7808,3.7734,3.7655,3.7585,3.7516,3.7483,3.7392,3.737,3.7262,3.7192,3.7126,3.7053,3.7034,3.7017,3.6942,3.6876,3.6827,3.6812,3.6707,3.6639
Train accuracy: 2.6,2.6,3.6,4.3,4.2,4.1,4.2,4.3,4.5,5.4,5.2,5.4,5.4,5.2,5.2,5.7,5.3,5.6,5.7,5.6,5.9,6.0,5.8,6.0,6.3,6.1,6.6,6.9,6.6,6.9,6.8,7.0,6.9,6.8,7.0,6.9,7.1,7.2,7.2,7.2,7.4,7.3,7.7,7.5,7.9,7.8,7.9,8.0,8.1,8.3
Test accuracy: 2.6,2.5,3.5,3.8,4.4,4.5,4.5,5.1,4.9,5.9,6.0,6.0,5.7,5.7,5.7,5.6,5.7,5.8,5.8,5.7,5.9,5.6,5.5,5.6,5.9,5.6,6.0,6.3,6.0,6.5,6.1,6.3,6.3,6.3,6.6,6.7,6.8,6.8,6.8,6.5,6.9,6.9,7.1,6.5,7.5,7.2,7.8,7.2,7.5,7.3
Rank: 15,18,19,21,22,24,25,26,27,29,29,31,32,32,32,33,34,34,35,36,36,37,38,39,40,41,41,41,42,42,44,44,44,44,44,46,47,48,48,48,49,49,50,50,50,51,51,52,53,54
