Seed 1/10
Train loss: 2.7063,1.4103,0.9702,0.7449,0.5966,0.4968,0.4221,0.3667,0.3227,0.2862,0.2561,0.2293,0.2054,0.1854,0.1674,0.153,0.1401,0.1293,0.1203,0.1116,0.1038,0.0959,0.0897,0.0866,0.0805,0.0759,0.0715,0.0674,0.0642,0.0612,0.0584,0.056,0.0539,0.0519,0.05,0.0483,0.0465,0.045,0.0434,0.042,0.0406,0.039,0.0376,0.0365,0.0355,0.0346,0.0336,0.0325,0.0317,0.0308
Test loss: 2.7518,1.5031,1.1062,0.9277,0.82,0.7534,0.708,0.6756,0.6482,0.6262,0.6166,0.5976,0.5888,0.5825,0.5751,0.5699,0.5672,0.5639,0.5584,0.562,0.5624,0.5551,0.5582,0.557,0.5594,0.5559,0.5626,0.5588,0.5616,0.5605,0.5632,0.5608,0.5596,0.5609,0.5645,0.5666,0.5605,0.5662,0.5649,0.5679,0.5724,0.573,0.5734,0.575,0.5782,0.5775,0.5804,0.5816,0.583,0.5823
Train accuracy: 55.3,82.2,86.1,89.0,90.9,92.3,93.6,94.2,95.3,95.9,96.6,97.0,97.2,97.6,97.7,97.9,98.3,98.3,98.5,98.6,98.7,98.7,98.7,98.9,98.8,98.8,98.9,98.9,99.0,99.0,99.0,99.0,99.1,99.1,99.1,99.2,99.1,99.2,99.2,99.2,99.2,99.2,99.2,99.2,99.3,99.2,99.3,99.3,99.3,99.3
Test accuracy: 53.7,77.6,80.5,82.7,83.8,83.5,83.8,84.7,84.6,84.9,84.7,84.8,85.1,85.0,84.7,85.6,85.3,85.1,85.1,85.2,85.4,85.2,85.6,85.3,85.3,85.5,85.6,85.5,85.3,85.5,85.8,85.3,85.5,85.2,85.6,85.3,85.3,85.5,85.7,85.6,85.5,85.3,86.2,85.7,85.9,85.9,85.9,85.7,85.8,85.9
Rank: 100,100,100,100,100,100,100,100,100,100,100,100,100,100,100,100,100,100,100,100,100,100,100,100,100,100,100,100,100,100,100,100,100,100,100,100,100,100,100,100,100,100,100,100,100,100,100,100,100,100
Seed 2/10
Train loss: 2.592,1.3949,0.957,0.7375,0.5974,0.4987,0.4266,0.3701,0.3236,0.2884,0.2574,0.2296,0.2091,0.1894,0.1713,0.1566,0.1431,0.131,0.1198,0.1108,0.1025,0.0956,0.0884,0.0829,0.0784,0.0735,0.0692,0.0657,0.0627,0.0601,0.0568,0.0544,0.052,0.05,0.0482,0.0465,0.0452,0.044,0.042,0.0407,0.0394,0.0383,0.0372,0.0361,0.0352,0.0343,0.034,0.0329,0.0323,0.0317
Test loss: 2.6236,1.4646,1.0745,0.8988,0.7991,0.7325,0.6896,0.6581,0.629,0.6128,0.5999,0.5848,0.5758,0.5687,0.5658,0.5613,0.5531,0.5585,0.5534,0.5506,0.5522,0.5498,0.5495,0.5514,0.5537,0.5518,0.5526,0.5533,0.5577,0.5592,0.56,0.5605,0.5619,0.5662,0.5646,0.5677,0.5706,0.5744,0.5737,0.5765,0.579,0.5811,0.5832,0.5874,0.5879,0.5905,0.5976,0.5979,0.599,0.6032
Train accuracy: 60.6,80.6,85.9,88.0,90.3,91.8,93.1,93.9,94.8,95.5,96.4,96.5,97.0,97.3,97.7,98.0,98.0,98.3,98.4,98.5,98.6,98.6,98.7,98.9,98.8,98.8,98.9,99.0,98.9,99.0,99.0,99.0,99.1,99.0,99.0,99.1,99.1,99.1,99.1,99.1,99.1,99.1,99.2,99.2,99.1,99.2,99.1,99.2,99.2,99.2
Test accuracy: 58.4,77.4,81.4,82.0,83.4,84.3,85.8,85.1,85.8,85.3,85.5,85.4,85.3,85.7,85.3,85.5,85.8,85.5,85.0,85.5,85.4,85.2,85.9,85.4,85.3,85.5,85.5,85.6,85.6,85.2,85.3,85.2,85.3,85.2,85.2,85.6,85.3,85.1,85.2,85.3,85.0,84.8,85.4,85.0,84.6,85.0,85.0,84.8,84.7,84.7
Rank: 100,100,100,100,100,100,100,100,100,100,100,100,100,100,100,100,100,100,100,100,100,100,100,100,100,100,100,100,100,100,100,100,100,100,100,100,100,100,100,100,100,100,100,100,100,100,100,100,100,100
Seed 3/10
Train loss: 2.6329,1.3764,0.9524,0.7397,0.5989,0.4968,0.4167,0.3611,0.3138,0.278,0.2473,0.2238,0.2023,0.1856,0.1694,0.1564,0.1454,0.1339,0.1252,0.1168,0.1096,0.1005,0.0894,0.0822,0.0767,0.0725,0.0683,0.0642,0.0607,0.0579,0.0551,0.0526,0.0508,0.0483,0.0465,0.0447,0.043,0.0414,0.04,0.0386,0.0372,0.0359,0.0347,0.0336,0.0327,0.0318,0.0312,0.0303,0.0296,0.0291
Test loss: 2.688,1.4813,1.103,0.9334,0.8287,0.7558,0.6983,0.6614,0.6312,0.6069,0.5887,0.5769,0.5669,0.5593,0.5507,0.5498,0.5454,0.5468,0.5478,0.5448,0.5443,0.5434,0.5381,0.5374,0.5335,0.5364,0.5387,0.5372,0.5418,0.5411,0.5449,0.5452,0.5488,0.5478,0.5502,0.5537,0.5539,0.5576,0.5585,0.5624,0.562,0.564,0.5664,0.5697,0.5712,0.5729,0.576,0.5769,0.578,0.581
Train accuracy: 61.9,81.3,85.8,88.1,89.8,91.8,93.2,94.0,94.7,95.5,95.8,96.2,96.5,96.7,97.1,97.0,97.3,97.3,97.5,97.6,97.7,98.2,98.6,98.7,98.8,98.8,98.8,98.8,98.8,98.9,98.9,98.9,99.0,99.0,99.0,99.0,99.0,99.0,99.0,99.0,99.0,99.1,99.1,99.1,99.1,99.1,99.1,99.1,99.1,99.1
Test accuracy: 59.3,77.3,80.3,81.4,82.4,83.9,84.4,84.1,84.6,85.7,85.3,85.9,85.0,85.4,85.5,85.0,85.5,85.6,85.4,85.9,85.4,86.2,86.2,85.9,86.4,86.1,86.2,86.1,85.8,86.0,86.1,85.8,85.5,85.7,86.1,85.6,85.9,86.0,85.5,85.6,85.6,85.8,85.6,85.5,85.7,85.5,85.5,85.8,85.8,85.8
Rank: 100,100,100,100,100,100,100,100,100,100,100,100,100,100,100,100,100,100,100,100,100,100,100,100,100,100,100,100,100,100,100,100,100,100,100,100,100,100,100,100,100,100,100,100,100,100,100,100,100,100
Seed 4/10
Train loss: 2.7827,1.4173,0.9473,0.7224,0.5854,0.4893,0.4186,0.3664,0.3217,0.286,0.2562,0.2315,0.2102,0.1922,0.1762,0.1622,0.151,0.14,0.13,0.1217,0.1145,0.1078,0.1018,0.0967,0.0918,0.0877,0.0835,0.0801,0.0768,0.0742,0.0714,0.0691,0.0667,0.0647,0.0622,0.0599,0.0576,0.0546,0.0514,0.044,0.0402,0.0383,0.0365,0.0353,0.034,0.033,0.0318,0.0307,0.0295,0.0286
Test loss: 2.8405,1.5173,1.0899,0.9054,0.809,0.7436,0.7018,0.6762,0.6453,0.6322,0.6208,0.6112,0.6034,0.5975,0.5917,0.5924,0.587,0.5847,0.5842,0.5807,0.5795,0.5787,0.5795,0.5766,0.5769,0.5751,0.5793,0.5754,0.5776,0.5809,0.5761,0.5782,0.5797,0.5787,0.5799,0.584,0.5809,0.5844,0.5809,0.5782,0.5815,0.5841,0.5851,0.5851,0.5871,0.5894,0.5889,0.5872,0.5905,0.5912
Train accuracy: 55.7,79.4,84.4,86.7,89.2,90.7,92.1,93.2,94.0,94.8,95.3,95.8,96.1,96.5,96.6,97.1,97.3,97.3,97.6,97.6,97.7,97.7,97.8,97.9,97.9,97.9,98.0,98.0,98.0,98.0,98.0,98.0,98.1,98.1,98.1,98.2,98.3,98.4,98.4,99.1,99.1,99.2,99.2,99.2,99.2,99.2,99.3,99.2,99.3,99.3
Test accuracy: 52.2,75.4,78.8,81.1,81.4,83.1,83.1,83.1,83.2,83.8,83.5,84.1,84.2,84.2,84.1,84.2,84.5,84.2,84.0,84.3,84.4,84.8,84.5,84.5,84.4,84.7,84.6,85.0,85.0,84.7,85.0,85.0,84.7,84.7,84.9,84.5,84.6,84.7,84.8,85.5,85.3,84.8,85.1,85.2,84.9,85.0,85.5,85.2,85.2,85.5
Rank: 100,100,100,100,100,100,100,100,100,100,100,100,100,100,100,100,100,100,100,100,100,100,100,100,100,100,100,100,100,100,100,100,100,100,100,100,100,100,100,100,100,100,100,100,100,100,100,100,100,100
Seed 5/10
Train loss: 2.6473,1.4054,0.9754,0.7469,0.598,0.4934,0.4198,0.36,0.3128,0.2724,0.2401,0.2155,0.1906,0.1725,0.156,0.1423,0.1266,0.1155,0.1058,0.0976,0.0907,0.084,0.0783,0.0738,0.069,0.0654,0.0616,0.0587,0.0559,0.0533,0.0508,0.0486,0.0462,0.0445,0.0426,0.0411,0.0395,0.0381,0.0367,0.0352,0.0343,0.0332,0.0324,0.0315,0.0309,0.03,0.0291,0.0285,0.0279,0.0273
Test loss: 2.6935,1.4945,1.1139,0.9283,0.8123,0.7468,0.6967,0.6656,0.6372,0.6119,0.5951,0.5846,0.5699,0.5695,0.5602,0.5603,0.5493,0.5497,0.547,0.5442,0.5527,0.5464,0.5454,0.5507,0.5517,0.5481,0.5538,0.5562,0.555,0.5584,0.5589,0.5646,0.5636,0.5675,0.5666,0.5709,0.572,0.5717,0.578,0.577,0.5827,0.5806,0.5841,0.5856,0.5879,0.5898,0.5921,0.5954,0.5951,0.5981
Train accuracy: 58.5,80.7,85.2,87.6,89.1,91.8,93.0,94.0,95.5,96.3,96.8,97.0,97.6,97.8,98.2,98.3,98.5,98.7,98.8,98.9,98.9,98.9,99.0,99.1,99.0,99.1,99.1,99.1,99.1,99.2,99.2,99.2,99.3,99.3,99.2,99.2,99.2,99.2,99.2,99.3,99.3,99.3,99.3,99.3,99.3,99.3,99.3,99.3,99.3,99.3
Test accuracy: 56.5,75.8,81.1,82.9,83.5,84.2,84.5,84.3,84.5,85.1,85.1,84.9,85.3,85.6,85.5,85.7,85.6,85.0,86.2,85.5,85.2,85.5,85.5,85.8,85.6,85.8,85.3,85.4,85.3,85.6,85.6,85.4,84.9,85.0,85.0,85.2,84.7,85.0,84.9,85.1,85.2,85.3,85.1,85.1,85.4,85.4,85.1,85.1,85.3,85.2
Rank: 100,100,100,100,100,100,100,100,100,100,100,100,100,100,100,100,100,100,100,100,100,100,100,100,100,100,100,100,100,100,100,100,100,100,100,100,100,100,100,100,100,100,100,100,100,100,100,100,100,100
Seed 6/10
Train loss: 2.7495,1.4483,0.9988,0.7701,0.6224,0.5162,0.4346,0.3733,0.3243,0.2825,0.2507,0.2248,0.2033,0.1845,0.1681,0.1537,0.1401,0.129,0.1184,0.1104,0.1029,0.0957,0.0905,0.0845,0.0797,0.0747,0.0707,0.067,0.0634,0.0603,0.0568,0.0541,0.0515,0.0493,0.0472,0.0455,0.0439,0.0426,0.0412,0.04,0.0389,0.0377,0.0367,0.0358,0.0348,0.0339,0.0331,0.0323,0.0316,0.031
Test loss: 2.7898,1.536,1.1314,0.9451,0.8358,0.7608,0.7029,0.6639,0.6345,0.6119,0.5889,0.5768,0.5689,0.5552,0.5522,0.5442,0.5398,0.5372,0.5351,0.5367,0.5357,0.533,0.5351,0.5337,0.5358,0.5352,0.5311,0.5341,0.5352,0.5401,0.5434,0.5418,0.5423,0.5455,0.5457,0.5474,0.5499,0.5502,0.551,0.5556,0.5552,0.5564,0.5586,0.5598,0.5638,0.5629,0.564,0.5653,0.5689,0.5695
Train accuracy: 60.3,80.7,85.8,88.2,90.0,91.5,93.2,94.4,95.1,95.8,96.3,96.8,97.1,97.3,97.5,97.8,97.9,98.1,98.2,98.4,98.5,98.5,98.7,98.7,98.8,98.8,98.8,98.8,98.9,98.9,98.9,98.9,99.0,99.0,99.0,99.0,99.0,99.0,99.0,99.0,99.0,99.0,99.0,99.1,99.1,99.0,99.1,99.1,99.1,99.1
Test accuracy: 58.1,77.5,80.6,82.5,83.2,83.9,84.3,84.5,85.5,85.1,85.3,86.2,86.1,86.7,85.9,87.1,86.2,86.1,86.4,86.8,86.5,86.8,86.7,86.8,86.5,86.9,86.7,86.9,86.5,86.5,87.0,86.2,86.0,86.6,86.3,86.4,86.4,86.4,86.3,86.4,86.4,86.7,86.5,86.4,86.8,86.5,86.4,86.7,86.7,86.6
Rank: 100,100,100,100,100,100,100,100,100,100,100,100,100,100,100,100,100,100,100,100,100,100,100,100,100,100,100,100,100,100,100,100,100,100,100,100,100,100,100,100,100,100,100,100,100,100,100,100,100,100
Seed 7/10
Train loss: 2.7657,1.4906,1.0074,0.7686,0.623,0.5133,0.4375,0.3744,0.3265,0.2899,0.2578,0.2302,0.2066,0.1866,0.1684,0.1536,0.1407,0.1307,0.1188,0.1113,0.1026,0.095,0.089,0.0836,0.0788,0.0746,0.07,0.0661,0.0627,0.0595,0.0567,0.0544,0.0519,0.0498,0.048,0.0458,0.0441,0.0424,0.0408,0.0391,0.0377,0.0363,0.035,0.0341,0.0331,0.0322,0.0314,0.0304,0.0296,0.0287
Test loss: 2.8173,1.589,1.1491,0.9406,0.8313,0.7574,0.7146,0.666,0.6409,0.6207,0.5987,0.5903,0.5756,0.5746,0.5594,0.5548,0.5524,0.5528,0.5456,0.5449,0.5435,0.5398,0.5392,0.5376,0.541,0.5377,0.5396,0.5419,0.5422,0.5444,0.5465,0.552,0.5502,0.5547,0.5568,0.5577,0.56,0.5608,0.5634,0.5672,0.5673,0.5705,0.5713,0.5733,0.5736,0.5734,0.5765,0.5777,0.5789,0.5809
Train accuracy: 55.4,80.2,85.1,88.0,89.9,91.9,93.0,94.1,94.9,95.7,96.5,96.8,97.2,97.4,97.6,97.7,97.9,98.3,98.4,98.5,98.6,98.7,98.7,98.8,98.8,98.8,98.9,99.1,99.1,99.1,99.2,99.2,99.3,99.3,99.3,99.3,99.3,99.3,99.3,99.4,99.4,99.4,99.4,99.4,99.4,99.4,99.4,99.4,99.4,99.5
Test accuracy: 52.7,75.9,81.0,82.7,83.4,83.8,84.1,85.2,85.2,85.2,85.7,85.4,85.5,84.9,85.7,86.0,86.0,86.3,85.6,85.5,85.9,86.1,86.2,85.4,85.9,85.7,85.9,86.1,86.1,86.1,86.0,86.0,86.2,85.8,86.3,86.1,85.8,85.8,85.9,85.9,85.7,85.8,85.9,85.7,85.9,85.9,86.0,86.0,86.2,86.2
Rank: 100,100,100,100,100,100,100,100,100,100,100,100,100,100,100,100,100,100,100,100,100,100,100,100,100,100,100,100,100,100,100,100,100,100,100,100,100,100,100,100,100,100,100,100,100,100,100,100,100,100
Seed 8/10
Train loss: 2.6307,1.4274,0.9836,0.7465,0.5976,0.4942,0.4187,0.3572,0.3071,0.2698,0.24,0.2127,0.1908,0.1731,0.1575,0.1432,0.1317,0.1219,0.1131,0.105,0.0976,0.0921,0.0867,0.0816,0.077,0.0732,0.0697,0.0663,0.0635,0.0608,0.0584,0.0563,0.0543,0.0525,0.0507,0.0491,0.048,0.0463,0.0448,0.0434,0.0422,0.041,0.0401,0.0391,0.0381,0.0372,0.0363,0.0354,0.0347,0.0341
Test loss: 2.668,1.5224,1.126,0.9298,0.8172,0.7458,0.6901,0.6496,0.6161,0.5961,0.5825,0.563,0.5543,0.5474,0.5413,0.5358,0.5316,0.5268,0.5251,0.5274,0.5218,0.5249,0.5245,0.522,0.5252,0.5256,0.5235,0.5282,0.5279,0.5285,0.5293,0.5313,0.5344,0.5378,0.537,0.5383,0.5393,0.5409,0.5413,0.5418,0.5434,0.5455,0.5473,0.5496,0.5492,0.5493,0.551,0.5524,0.5526,0.5541
Train accuracy: 60.7,81.6,86.4,89.0,91.1,92.4,93.7,94.6,95.4,96.0,96.4,97.2,97.1,97.4,97.7,98.0,98.1,98.3,98.3,98.5,98.4,98.5,98.6,98.6,98.7,98.7,98.7,98.8,98.8,98.8,98.8,98.8,98.8,98.8,98.9,98.8,98.9,98.9,98.9,98.9,98.9,99.0,99.0,99.0,99.0,99.0,99.0,99.0,99.0,99.0
Test accuracy: 58.1,77.4,80.0,82.0,83.7,82.8,84.2,84.1,85.2,85.7,84.9,85.0,85.8,85.5,85.6,85.9,86.8,86.6,86.6,86.2,86.9,86.6,86.6,87.0,86.7,86.5,87.1,86.8,87.1,86.7,87.1,87.3,87.0,87.2,87.4,87.2,87.5,87.2,87.3,87.4,87.4,87.3,87.4,87.6,87.4,87.6,87.8,86.9,87.4,87.3
Rank: 100,100,100,100,100,100,100,100,100,100,100,100,100,100,100,100,100,100,100,100,100,100,100,100,100,100,100,100,100,100,100,100,100,100,100,100,100,100,100,100,100,100,100,100,100,100,100,100,100,100
Seed 9/10
Train loss: 2.697,1.4222,0.9823,0.7564,0.6068,0.5069,0.4296,0.3742,0.3268,0.291,0.2612,0.2364,0.2166,0.1989,0.1809,0.1664,0.1552,0.1433,0.1327,0.1234,0.1164,0.1094,0.1044,0.0989,0.0941,0.0898,0.0857,0.0816,0.0764,0.072,0.0695,0.066,0.0618,0.0581,0.055,0.0529,0.0504,0.0482,0.0461,0.0447,0.0432,0.0418,0.0407,0.0397,0.0387,0.0379,0.0368,0.0361,0.0354,0.0347
Test loss: 2.7482,1.5163,1.1269,0.9441,0.8367,0.7708,0.7152,0.6769,0.6477,0.629,0.6134,0.6014,0.5914,0.5846,0.5733,0.5729,0.5644,0.5645,0.5583,0.5555,0.5526,0.5566,0.5515,0.5546,0.5492,0.553,0.5516,0.5526,0.5507,0.5507,0.5545,0.5509,0.5518,0.5531,0.5521,0.5524,0.5546,0.5565,0.5553,0.5574,0.5586,0.5604,0.5621,0.5652,0.565,0.5682,0.5697,0.5701,0.5713,0.5739
Train accuracy: 57.8,82.5,87.2,88.8,90.8,91.9,93.5,94.4,95.1,95.4,95.7,96.2,96.6,96.5,96.9,97.1,97.3,97.5,97.5,97.7,97.8,97.8,98.0,97.9,97.9,98.1,98.1,98.3,98.5,98.5,98.6,98.6,98.6,98.7,98.7,98.7,98.9,98.8,98.9,98.9,98.9,98.9,99.0,99.0,99.0,99.0,99.0,99.0,99.0,99.0
Test accuracy: 54.6,78.2,81.4,83.4,83.5,83.1,84.1,85.0,85.0,85.5,85.5,85.6,85.6,85.4,85.9,86.1,86.0,86.0,86.1,85.9,86.4,86.4,86.4,86.2,86.2,86.3,86.4,86.4,86.4,86.0,86.5,86.8,86.9,86.6,86.4,86.6,86.6,86.5,86.5,85.9,86.5,86.7,86.3,86.4,86.2,86.7,86.3,86.3,86.6,86.7
Rank: 100,100,100,100,100,100,100,100,100,100,100,100,100,100,100,100,100,100,100,100,100,100,100,100,100,100,100,100,100,100,100,100,100,100,100,100,100,100,100,100,100,100,100,100,100,100,100,100,100,100
Seed 10/10
Train loss: 2.6459,1.3919,0.9671,0.7528,0.6127,0.51,0.4373,0.3799,0.3333,0.2971,0.2648,0.2374,0.2165,0.1967,0.1811,0.1654,0.1493,0.1368,0.1274,0.1194,0.112,0.106,0.0997,0.0948,0.0897,0.0846,0.0801,0.0748,0.0707,0.0654,0.0604,0.0567,0.0537,0.0498,0.046,0.0438,0.0417,0.0397,0.0382,0.0363,0.0349,0.0336,0.0324,0.0312,0.0302,0.0292,0.0284,0.0276,0.0269,0.0262
Test loss: 2.7117,1.5036,1.1254,0.9514,0.8473,0.7731,0.7287,0.6917,0.6665,0.6463,0.6296,0.6143,0.6035,0.5882,0.5865,0.5784,0.5701,0.5641,0.5629,0.5584,0.5578,0.5524,0.5569,0.5543,0.5573,0.5522,0.5557,0.5538,0.5569,0.5542,0.5545,0.5528,0.5558,0.561,0.5588,0.5629,0.5632,0.5657,0.566,0.5677,0.5685,0.5722,0.5718,0.5734,0.5763,0.5779,0.577,0.5787,0.58,0.5809
Train accuracy: 62.2,82.3,86.5,89.1,90.9,92.5,93.9,94.8,95.6,96.0,96.6,97.1,97.5,97.8,98.0,98.3,98.4,98.5,98.7,98.8,99.0,99.0,99.0,99.2,99.1,99.1,99.2,99.1,99.2,99.2,99.2,99.2,99.2,99.3,99.3,99.3,99.3,99.4,99.4,99.4,99.4,99.4,99.4,99.4,99.4,99.4,99.4,99.4,99.4,99.4
Test accuracy: 59.0,78.2,81.7,82.4,82.9,84.3,84.6,85.6,85.2,85.6,85.5,85.5,85.4,85.4,85.7,85.5,85.8,85.6,86.0,86.0,85.8,86.0,86.1,86.1,86.3,86.1,86.2,85.9,86.1,85.7,85.9,85.9,85.8,85.6,85.5,85.7,85.6,85.8,85.7,85.8,85.8,85.7,85.8,86.0,86.0,86.1,85.9,85.8,85.8,85.8
Rank: 100,100,100,100,100,100,100,100,100,100,100,100,100,100,100,100,100,100,100,100,100,100,100,100,100,100,100,100,100,100,100,100,100,100,100,100,100,100,100,100,100,100,100,100,100,100,100,100,100,100
