Seed 1/10
Train loss: 4.6336,4.5689,4.5248,4.4906,4.4628,4.4387,4.4177,4.3989,4.3819,4.3675,4.3512,4.3381,4.3264,4.3128,4.3023,4.291,4.2823,4.2719,4.2623,4.2536,4.2479,4.2381,4.2312,4.2237,4.2162,4.2097,4.2031,4.1975,4.1924,4.1856,4.1796,4.1746,4.1699,4.1637,4.1587,4.1538,4.1492,4.1449,4.1397,4.1349,4.1302,4.1261,4.1219,4.1172,4.113,4.1091,4.105,4.1012,4.0974,4.0937
Test loss: 4.6374,4.5806,4.5403,4.5102,4.4851,4.4658,4.4463,4.4314,4.4165,4.4032,4.3912,4.3796,4.3696,4.3612,4.3511,4.3426,4.338,4.3268,4.3191,4.3128,4.3109,4.3021,4.2939,4.2869,4.2823,4.2779,4.2744,4.2678,4.2636,4.2587,4.2579,4.2519,4.2489,4.2447,4.2431,4.2379,4.2357,4.2319,4.2284,4.225,4.2214,4.2198,4.2176,4.2151,4.2102,4.2089,4.2044,4.2045,4.1997,4.1984
Train accuracy: 2.0,2.1,2.0,2.9,2.4,2.4,2.3,2.3,2.4,2.4,2.6,2.3,2.4,2.3,2.5,2.4,2.4,2.4,2.4,2.3,2.2,2.4,2.4,2.6,2.6,2.5,2.5,2.8,2.7,2.6,2.7,2.7,2.7,2.6,2.6,2.6,2.8,2.7,2.7,2.7,2.7,2.6,2.6,2.6,2.7,2.6,2.7,2.6,2.6,2.6
Test accuracy: 2.2,2.1,2.2,2.4,2.2,2.4,2.3,2.2,2.2,2.3,2.2,2.5,2.6,2.4,2.7,2.4,2.5,2.8,2.5,2.4,2.4,2.4,2.5,2.5,2.6,2.6,2.6,2.5,2.5,2.4,2.5,2.6,2.3,2.5,2.8,2.7,2.4,2.5,2.7,2.7,2.5,2.4,2.4,2.7,2.3,2.5,2.4,2.3,1.9,2.0
Rank: 5,6,6,6,7,7,7,7,7,8,8,8,8,8,8,8,8,8,9,9,9,9,9,9,9,9,9,9,9,9,9,9,9,9,9,9,9,10,10,10,10,10,10,10,10,10,10,10,10,10
Seed 2/10
Train loss: 4.6281,4.5647,4.5241,4.4927,4.4658,4.4423,4.4217,4.403,4.3867,4.3709,4.3568,4.3436,4.332,4.3208,4.3087,4.3002,4.289,4.2798,4.2713,4.2625,4.2545,4.2467,4.2391,4.2323,4.2252,4.2183,4.2122,4.2062,4.2008,4.1953,4.1907,4.1844,4.179,4.1752,4.1691,4.164,4.1601,4.1552,4.1506,4.146,4.1416,4.137,4.1329,4.1292,4.1254,4.121,4.1175,4.1136,4.1099,4.1063
Test loss: 4.6337,4.5739,4.535,4.5071,4.4813,4.4606,4.4431,4.4258,4.4111,4.4003,4.3876,4.3781,4.3667,4.3586,4.3504,4.3462,4.3377,4.3307,4.3244,4.3176,4.3114,4.3073,4.3019,4.2988,4.293,4.2887,4.2835,4.28,4.2752,4.2744,4.2707,4.2648,4.2605,4.2577,4.2548,4.2505,4.2485,4.2474,4.2435,4.2419,4.2375,4.2371,4.2328,4.2317,4.2312,4.2253,4.2239,4.2218,4.217,4.2175
Train accuracy: 2.3,1.7,1.5,2.0,2.0,2.5,2.4,2.4,2.4,2.3,2.4,2.3,2.4,2.4,2.4,2.4,2.4,2.7,2.6,2.6,2.6,2.7,2.7,2.7,2.7,2.7,2.7,2.7,2.8,2.7,2.7,2.7,2.8,2.9,2.8,2.9,2.9,2.7,2.8,2.7,2.8,2.8,2.6,2.7,2.7,2.8,2.8,2.8,2.9,2.9
Test accuracy: 2.5,2.3,1.9,2.4,1.8,2.3,2.5,2.6,2.5,2.3,2.4,2.2,2.2,2.2,2.1,2.0,2.3,2.4,2.4,2.5,2.7,2.6,2.5,2.6,2.8,2.5,2.8,2.7,2.5,2.5,2.4,2.4,2.6,2.5,2.4,2.4,2.4,2.1,2.3,2.4,2.4,2.4,2.4,2.4,2.4,2.5,2.5,2.7,2.7,2.8
Rank: 5,6,6,7,7,7,7,7,8,8,8,8,8,8,8,8,8,8,8,8,8,8,8,8,9,9,9,9,9,9,9,9,9,9,9,9,9,9,9,9,9,9,9,9,9,9,10,10,10,10
Seed 3/10
Train loss: 4.6285,4.5647,4.5207,4.4868,4.46,4.4353,4.4144,4.3969,4.3805,4.3652,4.3516,4.3387,4.3271,4.3157,4.3072,4.295,4.2856,4.2768,4.2687,4.2604,4.2526,4.2455,4.239,4.2314,4.2252,4.2192,4.2125,4.2072,4.2018,4.1957,4.1903,4.1864,4.1804,4.1755,4.1708,4.1663,4.1617,4.1572,4.1531,4.1493,4.145,4.1415,4.1374,4.1335,4.1317,4.1272,4.1231,4.1194,4.1165,4.1128
Test loss: 4.634,4.5735,4.5341,4.5027,4.478,4.4584,4.4393,4.4228,4.4093,4.3985,4.385,4.3749,4.3672,4.3577,4.3546,4.3391,4.3324,4.3253,4.3192,4.3131,4.3087,4.301,4.3008,4.2931,4.2863,4.2824,4.2778,4.2738,4.2747,4.2666,4.2641,4.2601,4.2589,4.2524,4.2526,4.2506,4.2447,4.2448,4.2422,4.2382,4.2355,4.2322,4.2315,4.2267,4.2296,4.221,4.2213,4.2186,4.2161,4.2151
Train accuracy: 2.1,1.9,2.0,2.5,2.7,3.3,2.9,2.9,2.8,2.9,2.8,2.8,2.6,2.7,2.6,2.6,2.6,2.6,2.6,2.5,2.5,2.6,2.6,2.6,2.6,2.5,2.6,2.6,2.5,2.6,2.6,2.6,2.6,2.5,2.5,2.5,2.4,2.5,2.5,2.6,2.6,2.6,2.6,2.7,2.6,2.8,2.8,2.7,2.8,2.7
Test accuracy: 1.9,1.6,1.6,2.0,2.2,2.1,2.4,2.4,2.5,2.3,2.6,2.4,2.4,2.5,2.5,2.6,2.7,2.7,2.7,2.7,2.6,2.8,2.7,2.7,2.6,2.8,2.4,2.5,2.5,2.5,2.4,2.4,2.4,2.2,2.1,2.3,2.3,2.2,2.1,2.0,2.1,2.0,2.2,2.2,2.1,2.0,2.3,2.4,2.3,2.4
Rank: 5,6,6,6,6,6,7,7,7,7,7,7,7,7,8,8,8,8,8,8,8,8,8,8,8,8,8,8,8,8,8,9,9,9,9,9,9,9,9,9,9,9,9,9,9,9,9,9,9,9
Seed 4/10
Train loss: 4.6305,4.5666,4.5256,4.4938,4.4665,4.4463,4.4267,4.4093,4.3939,4.3796,4.3662,4.353,4.3412,4.3301,4.3201,4.3121,4.3002,4.2916,4.2827,4.2749,4.2671,4.26,4.2521,4.2453,4.2385,4.2323,4.226,4.2194,4.2134,4.2075,4.2023,4.1966,4.1911,4.1865,4.1811,4.1765,4.1716,4.1676,4.1633,4.1585,4.1536,4.1499,4.1461,4.1418,4.1388,4.1353,4.1306,4.1273,4.1231,4.1195
Test loss: 4.6314,4.5741,4.5381,4.5109,4.4876,4.4708,4.4552,4.4402,4.4273,4.4165,4.4034,4.3915,4.382,4.3734,4.3655,4.3582,4.3492,4.341,4.3347,4.3276,4.3218,4.3157,4.311,4.3051,4.2979,4.2934,4.2891,4.2836,4.2782,4.2735,4.2685,4.2655,4.2624,4.2592,4.2539,4.2495,4.2476,4.2447,4.2421,4.2394,4.2365,4.2323,4.2293,4.2265,4.2262,4.2242,4.2201,4.2163,4.2147,4.2122
Train accuracy: 1.4,1.7,1.7,1.8,2.3,2.7,2.6,2.7,2.7,2.7,2.8,2.8,2.7,2.9,2.4,2.5,2.4,2.6,2.3,2.6,2.3,2.4,2.6,2.5,2.6,2.6,2.5,2.6,2.7,2.6,2.5,2.5,2.6,2.6,2.5,2.7,2.6,2.5,2.7,2.7,2.7,2.7,2.6,2.5,2.6,2.5,2.5,2.5,2.5,2.5
Test accuracy: 1.3,1.5,1.4,1.4,1.7,1.9,2.1,2.2,2.3,2.2,2.3,2.2,2.2,2.2,1.8,2.0,1.8,2.0,1.9,2.0,1.9,2.0,1.9,2.2,2.1,2.2,2.1,2.2,2.2,1.7,1.8,1.8,2.0,2.1,1.9,2.3,2.1,2.3,2.1,2.3,2.3,2.1,2.3,2.1,2.3,2.3,2.5,2.2,2.3,2.3
Rank: 5,5,6,6,6,6,6,6,7,7,7,7,7,7,7,7,7,7,7,7,7,7,7,7,7,8,8,8,8,8,8,8,8,8,8,8,8,8,8,8,8,8,8,8,8,8,8,8,9,9
Seed 5/10
Train loss: 4.6247,4.5654,4.5271,4.495,4.4687,4.4448,4.4241,4.4044,4.3869,4.3704,4.3546,4.3402,4.327,4.3143,4.3023,4.2911,4.2825,4.2717,4.2618,4.2528,4.2453,4.2374,4.2288,4.2209,4.2157,4.2074,4.2005,4.1937,4.1874,4.1826,4.1761,4.1702,4.1652,4.1595,4.1544,4.15,4.1448,4.1402,4.1352,4.1308,4.1279,4.1223,4.1183,4.1147,4.1099,4.106,4.1025,4.0985,4.0944,4.0911
Test loss: 4.6318,4.5772,4.5422,4.5146,4.4909,4.4701,4.4534,4.4363,4.4224,4.409,4.3965,4.3835,4.3732,4.3633,4.3535,4.3459,4.3359,4.3282,4.322,4.3153,4.308,4.3051,4.2985,4.293,4.2845,4.2789,4.2749,4.2697,4.2665,4.2615,4.2577,4.2546,4.252,4.2487,4.2452,4.245,4.2357,4.2336,4.2323,4.2284,4.2317,4.2239,4.2235,4.223,4.2167,4.2147,4.2122,4.2103,4.2094,4.2097
Train accuracy: 0.6,0.7,1.5,1.8,1.8,1.8,1.9,2.0,2.1,1.9,2.2,2.2,2.2,2.1,2.2,2.3,2.3,2.2,2.3,2.3,2.4,2.3,2.2,2.2,2.3,2.3,2.3,2.2,2.2,2.3,2.3,2.3,2.4,2.1,2.3,2.2,2.3,2.3,2.3,2.3,2.2,2.2,2.2,2.1,2.5,2.5,2.5,2.5,2.1,2.1
Test accuracy: 0.8,0.7,1.6,1.6,2.0,2.2,2.1,2.1,2.1,2.1,2.2,2.1,2.1,2.1,2.2,2.0,2.2,2.0,2.0,2.0,2.1,2.2,2.3,2.2,2.4,2.4,2.5,2.5,2.2,2.1,2.3,2.3,2.0,1.7,1.7,2.0,1.8,1.9,2.1,2.3,2.5,2.1,2.4,2.6,2.3,2.4,2.7,2.6,1.8,2.1
Rank: 5,6,6,7,7,7,7,7,7,8,8,8,8,8,8,8,8,8,8,8,8,8,8,8,8,8,8,8,9,9,9,9,9,9,9,9,9,9,9,9,9,9,9,9,9,9,9,9,9,9
Seed 6/10
Train loss: 4.6127,4.5477,4.5085,4.4782,4.4526,4.4301,4.4093,4.3914,4.3741,4.3593,4.3446,4.3313,4.3193,4.3076,4.2965,4.2865,4.2767,4.2679,4.2597,4.2512,4.2441,4.2358,4.2287,4.2222,4.2155,4.2092,4.2042,4.197,4.1914,4.1858,4.181,4.175,4.1703,4.1657,4.1619,4.1564,4.1522,4.1485,4.1432,4.1391,4.1348,4.1313,4.1294,4.1235,4.1201,4.117,4.1127,4.1093,4.1053,4.1023
Test loss: 4.6159,4.5542,4.5217,4.4953,4.4737,4.4541,4.4368,4.4236,4.4103,4.3986,4.389,4.3791,4.3697,4.3618,4.3536,4.347,4.3389,4.3354,4.3281,4.3251,4.3181,4.3159,4.311,4.3057,4.3047,4.299,4.2941,4.2911,4.2885,4.2862,4.2804,4.2804,4.2769,4.2724,4.2695,4.2703,4.2705,4.2634,4.2658,4.2599,4.2581,4.2549,4.2524,4.2519,4.2537,4.2547,4.2499,4.2494,4.2435,4.2436
Train accuracy: 1.4,1.4,1.6,1.8,1.8,2.1,2.1,2.1,2.1,2.2,2.1,2.1,2.0,1.9,2.0,1.9,1.9,1.9,2.0,2.0,2.3,2.2,2.2,2.2,2.2,2.3,2.3,2.3,2.3,2.2,2.4,2.2,2.2,2.2,2.2,2.0,2.0,2.0,2.0,2.1,2.2,2.2,2.5,2.2,2.2,2.2,2.3,2.3,2.4,2.3
Test accuracy: 1.5,1.4,1.5,2.2,2.1,2.0,2.0,2.0,2.2,2.4,2.0,1.8,1.1,1.2,1.3,1.3,1.2,1.4,1.3,1.6,1.5,1.7,1.8,1.6,1.8,1.8,1.8,1.8,1.9,1.9,1.9,1.8,1.7,1.9,1.9,1.8,1.6,1.5,1.7,1.6,1.6,1.5,1.7,1.5,1.7,1.7,1.6,1.6,1.4,1.6
Rank: 5,6,6,6,6,6,6,7,7,7,7,7,7,7,7,8,8,8,8,8,8,8,8,8,8,8,8,8,8,8,8,8,8,8,8,9,9,9,9,9,9,9,9,9,9,9,9,9,9,9
Seed 7/10
Train loss: 4.6272,4.5687,4.5304,4.5024,4.4765,4.455,4.4368,4.4194,4.4031,4.3878,4.3741,4.3628,4.3488,4.3371,4.3256,4.3149,4.305,4.2945,4.2853,4.2767,4.2685,4.2606,4.2522,4.2444,4.2374,4.231,4.2243,4.2175,4.2109,4.2047,4.1994,4.1944,4.1883,4.1831,4.179,4.173,4.1687,4.163,4.1603,4.1545,4.1509,4.1463,4.1435,4.1385,4.1359,4.1323,4.1282,4.1251,4.1205,4.1178
Test loss: 4.6275,4.574,4.5422,4.5181,4.4968,4.4797,4.4644,4.4501,4.4372,4.4246,4.413,4.4036,4.3951,4.3849,4.377,4.3687,4.3638,4.3535,4.3461,4.3384,4.3291,4.3263,4.3204,4.3129,4.3078,4.3039,4.2987,4.2939,4.2881,4.2839,4.2797,4.2793,4.27,4.2657,4.2651,4.2608,4.254,4.2546,4.2513,4.2462,4.2472,4.2404,4.2422,4.2354,4.2341,4.2293,4.227,4.2217,4.223,4.2206
Train accuracy: 1.7,2.1,2.5,2.3,2.0,1.9,2.1,2.5,2.4,2.6,2.5,2.4,2.3,2.4,2.3,2.4,2.4,2.4,2.5,2.5,2.5,2.6,2.4,2.5,2.5,2.4,2.4,2.4,2.4,2.5,2.4,2.4,2.4,2.4,2.4,2.4,2.5,2.4,2.5,2.6,2.7,2.6,2.5,2.5,2.6,2.3,2.5,2.4,2.5,2.5
Test accuracy: 2.1,2.0,1.9,2.0,1.6,1.4,1.9,2.1,2.5,2.8,2.5,2.4,2.5,2.4,2.4,2.4,2.2,2.5,2.4,2.5,2.4,2.3,2.3,2.2,2.2,2.1,2.1,2.0,2.2,1.9,1.9,2.0,2.0,1.9,1.9,1.9,2.0,2.0,1.7,1.8,1.8,1.7,1.8,1.9,1.6,1.9,2.1,1.8,1.9,1.8
Rank: 5,6,6,6,6,7,7,7,7,7,7,7,8,8,8,8,8,8,8,8,8,8,8,8,8,8,8,8,8,8,8,8,8,8,9,9,9,9,9,9,9,9,9,9,9,9,9,9,9,9
Seed 8/10
Train loss: 4.6401,4.5747,4.5314,4.4961,4.4663,4.4382,4.4147,4.3929,4.3749,4.3565,4.341,4.3261,4.3122,4.2995,4.2875,4.2762,4.2651,4.2554,4.2451,4.2368,4.2283,4.2201,4.2121,4.2055,4.1981,4.1919,4.1843,4.1787,4.1729,4.1669,4.1606,4.1552,4.1501,4.1458,4.14,4.1352,4.1298,4.1251,4.1203,4.1155,4.1112,4.1064,4.1024,4.0984,4.0939,4.0894,4.0852,4.0813,4.0783,4.0744
Test loss: 4.6471,4.5917,4.554,4.5213,4.4941,4.471,4.4499,4.4328,4.4158,4.401,4.3907,4.3767,4.3653,4.3535,4.3429,4.3332,4.3266,4.3157,4.3073,4.3021,4.2964,4.2862,4.2822,4.2735,4.2668,4.2699,4.2617,4.2542,4.2492,4.2449,4.2426,4.2367,4.232,4.2349,4.2226,4.2268,4.2168,4.2128,4.2077,4.2082,4.2058,4.2012,4.1962,4.1932,4.1928,4.1934,4.1885,4.1846,4.1847,4.1775
Train accuracy: 1.1,2.1,2.3,2.3,2.2,2.2,2.4,2.7,2.6,2.5,2.4,2.3,2.4,2.3,2.4,2.4,2.3,2.4,2.3,2.3,2.3,2.4,2.3,2.4,2.3,2.1,2.2,2.5,2.4,2.3,2.3,2.3,2.3,2.2,2.4,2.1,2.5,2.4,2.5,2.5,2.5,2.4,2.5,2.5,2.5,2.6,2.6,2.7,2.4,2.8
Test accuracy: 1.5,2.1,2.5,2.4,2.3,2.3,2.7,2.8,2.5,2.3,2.4,2.2,2.2,2.0,2.0,2.0,1.8,1.8,1.8,1.7,1.7,1.7,1.7,1.7,1.7,1.7,1.8,1.8,1.9,1.7,2.1,2.1,2.1,1.9,2.1,1.7,2.0,2.0,2.0,2.3,2.1,2.0,1.8,1.8,2.2,2.2,2.1,2.3,2.0,2.4
Rank: 5,6,6,6,6,7,7,7,7,7,7,8,8,8,8,8,8,8,8,8,8,8,8,8,8,8,8,8,8,9,9,9,9,9,9,9,9,9,9,9,9,9,9,9,9,9,9,9,9,9
Seed 9/10
Train loss: 4.6682,4.6075,4.5649,4.5292,4.5015,4.478,4.455,4.4352,4.4191,4.4021,4.388,4.3735,4.3607,4.3495,4.3378,4.3257,4.3155,4.3067,4.296,4.2869,4.2794,4.2706,4.2627,4.2554,4.2471,4.2406,4.2336,4.2278,4.2207,4.2138,4.2082,4.2027,4.1968,4.1912,4.1861,4.1822,4.1762,4.1714,4.1665,4.1628,4.1585,4.1541,4.1493,4.145,4.1411,4.1367,4.1325,4.1294,4.125,4.1214
Test loss: 4.6754,4.6194,4.5819,4.5474,4.5237,4.5045,4.4827,4.464,4.4465,4.4342,4.4222,4.4103,4.4008,4.3917,4.3821,4.3704,4.3607,4.3524,4.3476,4.341,4.3382,4.3257,4.3192,4.3122,4.3082,4.3043,4.2991,4.2941,4.2883,4.2841,4.2768,4.2745,4.2707,4.2663,4.2645,4.2579,4.2563,4.2528,4.2511,4.2459,4.2426,4.2392,4.2417,4.237,4.2342,4.2307,4.2272,4.2249,4.2234,4.2203
Train accuracy: 2.1,2.0,2.0,3.0,2.5,2.3,2.2,2.4,2.4,2.2,2.2,2.3,2.3,2.3,2.2,2.3,2.4,2.3,2.2,2.2,2.1,2.3,2.2,2.5,2.3,2.1,2.0,2.1,2.2,2.1,2.2,2.2,2.1,2.1,2.0,2.2,2.3,2.0,2.1,2.1,2.3,2.1,2.3,2.2,2.3,2.3,2.4,2.3,2.3,2.6
Test accuracy: 2.2,2.1,2.1,2.6,2.3,2.3,2.7,2.7,2.6,2.5,2.5,2.6,2.5,2.7,2.5,2.4,2.5,2.5,2.6,2.2,2.3,2.1,2.1,2.4,2.3,1.9,1.8,2.0,1.9,1.5,2.2,2.3,1.8,1.8,2.1,2.3,2.2,2.6,2.3,2.5,2.3,2.4,2.1,2.0,2.3,2.2,2.2,2.1,2.1,2.4
Rank: 5,6,6,6,7,7,7,7,7,7,7,7,7,7,8,8,8,8,8,8,8,8,8,8,8,8,8,8,8,8,8,8,8,8,8,8,8,8,8,8,9,9,9,9,9,9,9,9,9,9
Seed 10/10
Train loss: 4.6421,4.5702,4.5227,4.4852,4.4536,4.4271,4.4053,4.3849,4.3665,4.3502,4.3369,4.3229,4.3111,4.2994,4.2893,4.2791,4.2697,4.2611,4.2525,4.2444,4.2374,4.2308,4.2237,4.2164,4.2106,4.2051,4.1991,4.194,4.1871,4.1819,4.1767,4.1711,4.1662,4.1618,4.1565,4.1525,4.1478,4.1435,4.1396,4.1346,4.1309,4.1267,4.1229,4.1195,4.1156,4.1114,4.108,4.1044,4.1008,4.0983
Test loss: 4.6413,4.5738,4.532,4.4976,4.4704,4.4461,4.426,4.4099,4.3951,4.3818,4.3733,4.3617,4.3529,4.3453,4.3357,4.3299,4.3229,4.3174,4.3122,4.3074,4.3015,4.2989,4.2941,4.2876,4.2833,4.2783,4.2769,4.2743,4.2729,4.2679,4.2644,4.262,4.2586,4.2564,4.2546,4.2545,4.2496,4.2485,4.2443,4.2432,4.2415,4.2403,4.2388,4.2367,4.2361,4.2318,4.2289,4.2305,4.2264,4.2236
Train accuracy: 2.0,2.0,2.5,2.7,2.5,2.4,2.5,2.4,2.2,2.4,2.4,2.5,2.5,2.4,2.5,2.5,2.5,2.6,2.5,2.5,2.6,2.5,2.6,2.6,2.5,2.6,2.5,2.3,2.4,2.5,2.5,2.6,2.6,2.6,2.6,2.6,2.6,2.7,2.7,2.6,2.7,2.7,2.7,2.6,2.7,2.8,2.7,2.6,2.7,2.8
Test accuracy: 2.0,2.0,2.3,2.7,2.6,2.6,2.6,2.8,2.7,3.3,2.7,2.7,2.7,2.9,2.7,2.4,2.6,2.7,2.6,2.4,2.2,2.4,2.2,2.0,2.2,2.0,2.0,2.0,2.0,1.9,2.1,2.1,2.1,2.2,2.2,2.2,2.3,2.2,2.1,2.1,2.1,2.1,2.1,2.2,2.1,2.2,2.3,2.2,2.2,2.3
Rank: 6,6,6,6,7,7,7,7,7,7,7,7,8,8,8,8,8,8,8,8,8,8,8,8,8,8,8,8,8,9,9,9,9,9,9,9,9,9,9,9,9,9,9,9,9,9,9,9,9,9
