Seed 1/10
Train loss: 4.7606,4.6602,4.6009,4.5566,4.52,4.4882,4.4615,4.435,4.4114,4.3897,4.3724,4.3531,4.3366,4.3217,4.3071,4.293,4.2809,4.27,4.2587,4.2479,4.2396,4.2332,4.2279,4.2156,4.2079,4.1989,4.1915,4.1854,4.1779,4.1727,4.1674,4.1604,4.1558,4.1491,4.1449,4.1402,4.1369,4.1321,4.1273,4.1237,4.1187,4.1161,4.1114,4.1083,4.1037,4.101,4.097,4.0932,4.089,4.0876
Test loss: 4.7577,4.6655,4.6161,4.5776,4.5467,4.5204,4.4991,4.4756,4.4559,4.4392,4.423,4.408,4.3964,4.3819,4.3707,4.3595,4.3519,4.3379,4.3295,4.3267,4.3213,4.3118,4.3089,4.3027,4.295,4.2924,4.2869,4.284,4.281,4.2727,4.2752,4.2734,4.2634,4.2654,4.2614,4.2593,4.2555,4.2516,4.2541,4.2519,4.2492,4.2533,4.2493,4.249,4.2502,4.2445,4.247,4.242,4.2424,4.2351
Train accuracy: 1.2,1.5,2.0,2.4,2.4,2.3,2.3,2.4,2.4,2.6,2.9,2.8,2.4,2.6,2.6,2.4,2.6,2.6,2.6,2.7,2.5,2.5,2.5,2.5,2.5,2.5,2.4,2.5,2.4,2.6,2.6,2.5,2.5,2.6,2.6,2.8,2.9,2.6,2.9,2.9,2.8,2.8,2.5,2.7,2.9,2.7,2.9,2.8,2.9,2.9
Test accuracy: 1.2,1.6,2.3,2.5,2.3,2.3,2.3,2.4,2.4,2.6,2.9,2.6,2.4,2.3,2.3,2.1,2.7,2.0,2.1,2.0,2.0,2.1,2.0,2.1,2.1,2.0,2.2,2.0,2.1,2.1,2.2,2.1,2.2,2.6,2.3,2.6,2.6,2.2,1.9,2.1,2.0,1.8,2.5,2.3,2.5,2.4,2.4,2.7,2.4,2.4
Rank: 5,6,6,6,6,7,7,7,7,7,7,7,8,8,8,8,8,8,8,8,8,8,8,8,8,8,8,8,9,9,9,9,9,9,9,9,9,9,9,9,9,9,9,9,9,9,9,9,9,9
Seed 2/10
Train loss: 4.7707,4.6776,4.6109,4.563,4.5238,4.4879,4.4583,4.4298,4.4061,4.3841,4.3639,4.3445,4.3279,4.3117,4.3,4.2855,4.2735,4.2617,4.2515,4.2424,4.2334,4.2248,4.2183,4.2088,4.2015,4.1951,4.1895,4.1841,4.1768,4.172,4.1667,4.1632,4.1558,4.1541,4.1472,4.1425,4.1369,4.1322,4.1285,4.1253,4.1204,4.117,4.1147,4.1109,4.1069,4.1027,4.0995,4.096,4.0942,4.093
Test loss: 4.7693,4.689,4.6334,4.5939,4.5589,4.5306,4.5022,4.4796,4.4587,4.4406,4.4238,4.4105,4.3942,4.3813,4.3689,4.3583,4.3494,4.34,4.3324,4.324,4.3206,4.3129,4.3032,4.2993,4.2942,4.2881,4.2841,4.2819,4.2765,4.2745,4.2705,4.2664,4.264,4.2694,4.2611,4.2552,4.2546,4.2542,4.2502,4.2515,4.247,4.245,4.2535,4.2465,4.2443,4.2431,4.2405,4.2442,4.2363,4.2299
Train accuracy: 1.8,1.9,2.1,2.1,2.1,2.1,2.0,2.1,2.1,2.1,2.0,1.9,1.9,2.0,2.1,2.0,2.1,2.1,2.0,2.1,2.0,2.0,2.2,2.2,2.2,2.2,2.3,2.1,2.3,2.2,2.1,2.2,2.1,2.2,2.0,2.1,2.1,2.2,2.4,2.2,2.3,2.4,2.4,2.8,2.5,2.5,2.3,2.4,2.4,2.6
Test accuracy: 1.7,1.8,1.8,2.3,2.2,2.1,2.2,2.0,2.2,2.1,1.7,1.9,2.0,2.0,2.1,1.9,2.1,2.3,2.1,2.0,2.1,2.1,2.0,1.8,2.1,2.1,2.0,2.0,1.8,1.7,2.1,1.9,1.8,1.6,1.5,1.7,1.7,1.8,1.7,1.7,1.5,1.7,2.0,1.7,1.5,1.7,1.6,1.6,1.8,2.2
Rank: 5,6,6,6,7,7,7,7,7,7,7,7,7,7,7,7,7,7,8,8,8,8,8,8,8,8,8,8,8,8,8,8,8,8,8,8,8,8,8,8,8,8,8,8,8,9,9,9,9,9
Seed 3/10
Train loss: 4.7496,4.6698,4.6154,4.5697,4.5362,4.4936,4.462,4.4331,4.4075,4.3854,4.3628,4.3464,4.3273,4.31,4.2952,4.2833,4.2695,4.2592,4.2467,4.2371,4.2277,4.221,4.2096,4.2023,4.1946,4.1887,4.1825,4.1738,4.1669,4.1616,4.1569,4.1537,4.145,4.1396,4.1349,4.1289,4.1247,4.1189,4.1148,4.1108,4.1101,4.1024,4.0986,4.0944,4.0907,4.0863,4.0835,4.0795,4.0776,4.0744
Test loss: 4.7642,4.6916,4.6415,4.6035,4.5711,4.5334,4.5077,4.4819,4.463,4.4447,4.4237,4.406,4.3946,4.3807,4.3705,4.3601,4.3482,4.344,4.3338,4.3313,4.3195,4.3226,4.3081,4.3038,4.2985,4.2926,4.2883,4.2876,4.2832,4.2806,4.2792,4.2731,4.2721,4.2652,4.2673,4.2631,4.2592,4.2616,4.2567,4.2593,4.2468,4.2485,4.2462,4.2486,4.2425,4.2472,4.239,4.2418,4.2361,4.2413
Train accuracy: 1.9,1.8,1.8,2.0,2.1,2.1,2.0,2.3,2.5,2.3,2.4,2.2,2.2,2.3,2.1,2.3,2.3,2.1,2.1,2.1,2.1,2.0,2.0,2.4,2.4,2.5,2.7,2.7,2.9,2.8,2.6,2.7,2.7,2.8,2.7,2.8,2.7,2.8,2.8,2.9,2.9,2.8,2.9,2.8,2.8,2.8,2.7,2.9,2.9,2.8
Test accuracy: 2.0,2.0,2.1,2.1,1.9,1.6,1.5,2.0,2.0,2.0,1.8,1.7,1.8,1.5,1.6,1.6,1.5,1.4,1.5,1.5,1.4,1.2,1.7,1.8,2.2,2.4,2.2,2.2,2.2,2.2,2.2,2.3,2.3,2.5,2.4,2.3,2.5,2.3,2.1,2.2,2.3,2.3,2.2,2.4,2.4,2.4,2.2,2.4,2.6,2.3
Rank: 6,6,7,7,7,7,7,7,7,7,7,7,7,7,7,8,8,8,8,8,8,8,8,8,8,8,8,8,8,8,8,8,9,9,9,9,9,9,9,9,9,9,9,9,9,9,9,9,9,9
Seed 4/10
Train loss: 4.7019,4.6263,4.5706,4.5298,4.4963,4.4707,4.4456,4.4239,4.403,4.3856,4.3683,4.3528,4.3382,4.3261,4.3138,4.3016,4.2905,4.2788,4.2693,4.2601,4.2514,4.2423,4.2356,4.2294,4.2209,4.2153,4.207,4.2015,4.1959,4.1895,4.1844,4.18,4.1758,4.1692,4.1646,4.1608,4.1554,4.151,4.147,4.142,4.1386,4.1356,4.1304,4.1271,4.1229,4.1186,4.1144,4.1111,4.1073,4.1055
Test loss: 4.699,4.6313,4.5793,4.5428,4.5117,4.4921,4.4673,4.4474,4.4307,4.4159,4.4036,4.3907,4.378,4.3701,4.361,4.3494,4.3416,4.3351,4.3275,4.3191,4.3159,4.3097,4.3051,4.3058,4.2966,4.2899,4.2866,4.2809,4.2774,4.2748,4.2747,4.268,4.2698,4.2617,4.2648,4.2567,4.259,4.2556,4.2509,4.251,4.2483,4.2413,4.2433,4.2387,4.2358,4.2387,4.2343,4.2334,4.2316,4.2299
Train accuracy: 1.2,1.4,1.7,1.9,2.3,2.6,2.5,2.5,2.6,2.5,2.4,2.5,2.4,2.4,2.3,2.4,2.3,2.2,2.3,2.2,2.2,2.2,2.0,2.4,2.3,2.5,2.3,2.2,2.3,2.2,2.2,2.4,2.2,2.3,2.3,2.3,2.3,2.4,2.3,2.4,2.4,2.4,2.5,2.5,2.7,2.5,2.8,2.7,2.7,2.7
Test accuracy: 1.2,1.4,2.0,2.2,2.2,2.0,2.0,2.1,2.3,2.3,2.2,2.1,1.9,2.4,2.1,2.3,2.1,2.0,2.0,2.1,2.0,2.0,1.8,2.1,2.0,2.0,2.0,2.1,2.0,2.1,1.9,1.9,1.8,1.8,1.7,1.9,1.7,1.8,2.4,2.2,2.3,2.3,2.4,2.1,2.1,2.1,2.4,2.5,2.7,2.5
Rank: 5,6,6,6,6,6,6,6,6,6,7,7,7,7,7,7,7,7,7,7,7,7,7,7,7,7,7,7,8,8,8,8,8,8,8,8,8,8,8,8,8,8,8,8,8,9,9,9,9,9
Seed 5/10
Train loss: 4.7388,4.6456,4.5914,4.5503,4.516,4.4855,4.4602,4.4332,4.4103,4.3896,4.3732,4.3502,4.3338,4.3174,4.3044,4.289,4.2763,4.265,4.2534,4.2417,4.2325,4.2261,4.215,4.2065,4.2001,4.1933,4.1866,4.1801,4.1728,4.1667,4.1623,4.1562,4.1526,4.1454,4.1414,4.1359,4.134,4.1285,4.1239,4.1219,4.1167,4.1133,4.1092,4.1053,4.1015,4.0978,4.0959,4.0913,4.0886,4.0869
Test loss: 4.7433,4.6518,4.6044,4.5687,4.5405,4.5149,4.4938,4.4751,4.4581,4.4394,4.4282,4.4083,4.3952,4.3813,4.3686,4.3568,4.3511,4.3382,4.3342,4.3257,4.3156,4.3096,4.3041,4.2996,4.297,4.2892,4.2932,4.2805,4.2826,4.2766,4.2779,4.2684,4.2652,4.2652,4.2684,4.2662,4.2582,4.255,4.2595,4.2513,4.2553,4.2506,4.2507,4.2508,4.2524,4.2546,4.2539,4.2484,4.2477,4.2533
Train accuracy: 1.8,1.6,1.8,1.8,2.0,2.3,2.1,2.0,2.1,2.2,2.1,2.1,2.0,2.0,2.1,2.0,2.0,2.2,2.2,2.2,2.1,2.3,2.2,2.3,2.2,2.4,2.4,2.4,2.2,2.4,2.3,2.2,2.4,2.2,2.2,2.4,2.3,2.2,2.4,2.3,2.4,2.6,2.4,2.7,2.8,2.8,2.8,2.8,2.7,2.8
Test accuracy: 1.6,1.2,1.1,1.3,1.5,1.4,1.6,1.8,1.9,2.2,1.7,2.1,2.4,2.3,2.4,2.3,2.7,2.7,2.1,2.0,1.8,2.2,2.0,2.0,2.1,2.0,2.3,2.4,1.9,1.9,2.1,2.0,2.2,2.2,2.3,2.6,2.1,2.3,2.5,2.0,2.1,2.1,2.3,1.6,2.2,2.1,2.3,1.8,1.9,1.9
Rank: 5,6,6,6,6,6,6,7,7,7,7,7,7,7,7,7,7,7,7,7,7,7,7,7,8,8,8,8,8,8,8,8,8,8,8,8,8,8,8,8,8,8,8,8,8,8,8,8,9,9
Seed 6/10
Train loss: 4.7969,4.7138,4.6568,4.6092,4.5715,4.5377,4.5081,4.4836,4.459,4.4363,4.4157,4.3985,4.3822,4.3632,4.3484,4.3343,4.319,4.3086,4.2947,4.2825,4.2715,4.2618,4.2515,4.243,4.2344,4.2264,4.2197,4.211,4.2043,4.1987,4.1917,4.1862,4.1795,4.174,4.1684,4.1637,4.158,4.1545,4.1516,4.1457,4.1409,4.1366,4.1327,4.1289,4.1268,4.1225,4.1202,4.1149,4.1129,4.1098
Test loss: 4.8043,4.7247,4.6704,4.6284,4.5929,4.5631,4.5337,4.514,4.4893,4.4708,4.4517,4.435,4.4217,4.4027,4.3922,4.375,4.3625,4.3533,4.3403,4.3311,4.3224,4.3126,4.3071,4.2999,4.2897,4.2869,4.2803,4.2781,4.2691,4.2642,4.2601,4.2549,4.2506,4.2519,4.2434,4.2403,4.2384,4.2346,4.232,4.2286,4.2242,4.2244,4.2206,4.2161,4.2172,4.2143,4.2138,4.2131,4.2055,4.2039
Train accuracy: 2.1,1.9,2.1,2.3,2.7,2.6,2.5,2.6,2.6,2.5,2.7,2.6,2.5,2.5,2.5,2.5,2.5,2.7,2.6,2.6,2.5,2.6,2.6,2.8,2.6,2.6,2.5,2.4,2.4,2.4,2.4,2.6,2.5,2.5,2.6,2.4,2.4,2.4,2.5,2.5,2.6,2.5,2.5,2.6,2.6,2.5,2.3,2.5,2.5,2.6
Test accuracy: 1.8,1.7,1.8,2.2,2.3,2.9,2.1,2.5,2.4,2.0,2.3,2.7,2.4,2.5,2.1,2.6,2.5,2.4,2.6,2.4,2.6,2.1,2.6,2.4,2.3,2.4,2.4,2.4,2.3,2.5,2.5,2.6,2.6,2.0,2.6,2.2,2.3,2.1,2.0,2.3,2.5,2.2,2.0,1.6,2.2,1.9,1.8,2.0,1.9,2.1
Rank: 5,6,6,6,7,7,7,7,7,7,7,7,7,7,7,8,8,8,8,8,8,8,8,8,8,8,8,8,8,8,8,8,8,8,8,8,8,8,8,8,8,8,8,8,8,8,8,8,8,8
Seed 7/10
Train loss: 4.8118,4.7327,4.6782,4.6339,4.5975,4.5667,4.5373,4.5115,4.4902,4.4665,4.4471,4.4279,4.4111,4.3928,4.3803,4.3631,4.3498,4.3361,4.3239,4.3122,4.3023,4.2904,4.2808,4.2706,4.2624,4.2542,4.2446,4.2401,4.2292,4.2202,4.2125,4.2055,4.1986,4.1948,4.186,4.1791,4.1724,4.1685,4.1611,4.1569,4.152,4.1492,4.1409,4.1362,4.1313,4.1267,4.1233,4.118,4.1164,4.1106
Test loss: 4.8206,4.7448,4.6946,4.6538,4.6201,4.5936,4.5659,4.5447,4.5281,4.5099,4.4894,4.4748,4.463,4.4449,4.4343,4.4208,4.4139,4.3986,4.392,4.3817,4.3763,4.3616,4.3527,4.3519,4.3462,4.3382,4.3279,4.3276,4.3194,4.3119,4.305,4.3003,4.2951,4.287,4.2853,4.2772,4.2759,4.2762,4.2672,4.2632,4.2573,4.2464,4.2521,4.2456,4.2384,4.2391,4.2374,4.2392,4.2308,4.2269
Train accuracy: 1.8,1.9,1.9,1.9,1.9,1.9,1.8,2.0,2.3,2.3,2.3,2.3,2.2,2.3,2.3,2.3,2.3,2.2,2.3,2.3,2.3,2.2,2.3,2.2,2.2,2.2,2.2,2.1,2.2,2.2,2.2,2.2,2.2,2.5,2.2,2.3,2.4,2.1,2.2,2.4,2.5,2.4,2.5,2.5,2.4,2.5,2.6,2.4,2.4,2.5
Test accuracy: 1.9,1.9,1.9,1.8,1.9,2.0,1.9,2.1,2.8,2.6,2.8,2.6,2.4,2.3,2.2,2.2,2.2,2.3,2.3,2.3,2.2,2.2,2.3,2.3,2.3,2.2,2.3,2.2,2.3,2.3,2.3,2.5,2.3,2.6,2.4,2.6,2.4,2.6,2.5,2.8,3.1,3.1,2.6,2.8,2.6,2.9,3.1,2.8,2.8,2.7
Rank: 5,6,6,6,6,7,7,7,7,7,7,7,7,7,8,8,8,8,8,8,8,8,8,8,8,8,8,8,8,8,8,8,8,9,9,9,9,9,9,9,9,9,9,9,9,9,9,9,9,9
Seed 8/10
Train loss: 4.7856,4.6988,4.6448,4.6002,4.5642,4.5319,4.5035,4.477,4.4529,4.4307,4.4102,4.3914,4.3735,4.3591,4.3449,4.3279,4.3133,4.3061,4.2888,4.2798,4.2661,4.2548,4.2477,4.2373,4.2294,4.2202,4.2112,4.2043,4.1969,4.1901,4.184,4.1783,4.1726,4.1672,4.1628,4.1596,4.1573,4.1494,4.1451,4.14,4.1356,4.1378,4.1275,4.1268,4.1213,4.1171,4.1141,4.1095,4.1059,4.102
Test loss: 4.8026,4.7197,4.6692,4.6295,4.5979,4.5678,4.5433,4.5189,4.4976,4.477,4.4585,4.4427,4.4284,4.415,4.4042,4.3914,4.3771,4.3713,4.3586,4.3497,4.3401,4.3315,4.3248,4.32,4.311,4.3026,4.2969,4.2926,4.2883,4.2827,4.279,4.2739,4.268,4.2653,4.2623,4.2591,4.2571,4.2545,4.254,4.2482,4.2463,4.2528,4.2396,4.2382,4.242,4.2339,4.2331,4.2343,4.2295,4.2334
Train accuracy: 1.9,2.0,2.0,2.0,2.2,2.3,2.2,2.1,2.2,2.4,2.3,2.4,2.3,2.3,2.3,2.4,2.3,2.4,2.3,2.3,2.2,2.1,2.1,2.1,1.9,2.0,2.0,2.1,2.2,2.1,2.0,2.1,2.2,2.2,2.3,2.5,2.1,2.1,2.1,2.1,2.1,2.0,2.3,2.2,2.3,2.2,2.3,2.4,2.4,2.4
Test accuracy: 2.0,2.0,1.9,2.0,2.0,1.9,1.8,1.5,1.8,1.8,1.6,1.5,1.8,1.9,2.0,1.8,1.8,1.7,1.8,2.0,2.0,1.5,1.3,1.6,1.6,1.6,1.5,1.3,1.5,1.5,1.3,1.5,1.6,1.5,1.4,1.6,1.4,1.5,1.4,1.5,1.6,1.7,1.9,1.4,1.5,1.7,1.6,1.7,1.7,1.7
Rank: 5,5,6,6,6,6,6,7,7,7,7,7,7,7,7,7,7,7,8,8,8,8,8,8,8,8,8,8,8,8,8,8,8,8,8,8,8,8,8,8,8,8,8,9,9,9,9,9,9,9
Seed 9/10
Train loss: 4.7926,4.697,4.6369,4.5891,4.5503,4.5137,4.4842,4.4566,4.4328,4.4098,4.3901,4.3715,4.3546,4.339,4.3232,4.3104,4.3034,4.2853,4.275,4.2634,4.2538,4.2446,4.2353,4.2264,4.2207,4.2108,4.2048,4.1962,4.1892,4.1824,4.1774,4.1705,4.1656,4.161,4.1523,4.147,4.1418,4.1384,4.1316,4.1279,4.1238,4.1172,4.1133,4.1084,4.1055,4.1007,4.0969,4.093,4.0891,4.0864
Test loss: 4.7999,4.7113,4.6608,4.6141,4.5784,4.5443,4.5178,4.4931,4.4662,4.4467,4.4291,4.4137,4.4002,4.3829,4.373,4.362,4.3514,4.3402,4.3301,4.3207,4.3138,4.3059,4.2998,4.2912,4.2841,4.2772,4.2724,4.2668,4.2605,4.2552,4.2487,4.2458,4.2414,4.2438,4.2318,4.228,4.226,4.2233,4.219,4.2159,4.2169,4.2111,4.21,4.2067,4.2063,4.2019,4.2013,4.1978,4.1956,4.1954
Train accuracy: 1.4,1.0,1.3,1.6,1.5,1.5,1.6,1.5,1.7,1.9,1.9,1.8,2.0,2.0,1.9,2.1,2.0,1.7,2.2,2.3,2.3,2.3,2.1,2.2,2.1,1.9,2.0,2.2,2.2,2.1,2.7,2.4,2.6,2.4,2.4,2.6,2.5,2.6,2.6,2.7,2.4,2.6,2.4,2.5,2.6,2.6,2.5,2.7,2.8,2.8
Test accuracy: 1.3,0.7,1.0,1.1,1.2,1.1,1.1,1.1,1.5,1.6,1.7,1.8,1.7,1.9,1.6,2.1,2.2,1.8,2.5,2.3,2.0,1.7,1.5,1.4,1.7,1.6,1.4,1.6,1.6,1.6,1.9,2.3,2.1,1.8,2.0,2.5,2.5,2.5,2.3,2.5,1.7,2.2,2.2,2.1,2.1,2.2,2.5,2.3,2.3,2.5
Rank: 5,5,6,6,6,6,6,6,6,6,7,7,7,7,7,7,7,7,7,7,7,7,7,7,7,7,7,8,8,8,8,8,8,8,8,8,8,8,8,8,9,9,9,9,9,9,9,9,9,9
Seed 10/10
Train loss: 4.6821,4.6004,4.5535,4.5195,4.4842,4.4576,4.434,4.4115,4.3908,4.3741,4.359,4.3415,4.3269,4.3132,4.3005,4.2894,4.2781,4.2675,4.2587,4.249,4.2393,4.2323,4.2228,4.2164,4.2076,4.2023,4.1944,4.1878,4.1812,4.1754,4.1695,4.164,4.1588,4.1553,4.1492,4.1433,4.141,4.1355,4.1282,4.1256,4.1198,4.115,4.1117,4.1066,4.1031,4.0998,4.0955,4.0938,4.0889,4.0865
Test loss: 4.6804,4.6048,4.5631,4.5343,4.5021,4.4839,4.4627,4.4421,4.4266,4.4151,4.401,4.3871,4.3762,4.3686,4.3567,4.35,4.343,4.3314,4.3242,4.3156,4.3112,4.3055,4.3014,4.2909,4.2889,4.287,4.2792,4.2729,4.2697,4.2665,4.2597,4.2585,4.2529,4.2589,4.2523,4.2462,4.2422,4.2383,4.2385,4.2371,4.2334,4.2315,4.2271,4.2253,4.2248,4.2206,4.2229,4.2171,4.2157,4.2188
Train accuracy: 1.5,2.0,2.0,2.3,2.3,2.2,2.3,2.3,2.3,2.3,2.5,2.5,2.6,2.3,2.4,2.4,2.3,2.3,2.4,2.4,2.4,2.4,2.5,2.4,2.3,2.5,2.6,2.7,2.6,2.7,2.7,2.6,2.7,2.4,2.5,2.6,2.7,2.6,2.7,2.7,2.5,2.6,2.6,2.6,2.5,2.7,2.5,2.6,2.7,2.6
Test accuracy: 1.9,2.1,2.0,2.1,2.1,2.0,2.2,2.0,1.9,2.2,2.3,2.2,2.4,2.5,2.6,2.7,3.1,3.0,2.9,3.3,3.0,3.1,3.1,2.9,2.9,2.4,2.6,2.5,2.8,2.7,2.2,2.3,2.5,2.3,2.1,2.3,2.2,2.0,2.1,2.3,1.9,2.1,2.0,2.3,2.3,2.3,2.4,2.3,2.7,2.6
Rank: 5,6,6,6,6,7,7,7,7,7,7,7,7,7,7,7,7,7,8,8,8,8,8,8,8,8,8,8,8,8,8,8,8,8,8,8,8,8,9,9,9,9,9,9,9,9,9,9,9,9
