Seed 1/10
Train loss: 4.5747,4.4345,4.3462,4.2802,4.2261,4.1747,4.1311,4.0929,4.0574,4.0261,3.9968,3.9683,3.9425,3.9191,3.8975,3.8755,3.8596,3.8403,3.823,3.8051,3.7896,3.776,3.7614,3.7477,3.732,3.7178,3.7066,3.6935,3.682,3.669,3.6569,3.6436,3.6325,3.6211,3.6098,3.6005,3.589,3.5805,3.569,3.5607,3.5517,3.5398,3.5299,3.5215,3.5148,3.5043,3.4994,3.4897,3.4846,3.4739
Test loss: 4.5825,4.4502,4.3687,4.3122,4.2707,4.2254,4.1891,4.1619,4.1341,4.113,4.0935,4.0679,4.0507,4.0345,4.0189,4.0047,3.9868,3.9813,3.9663,3.9649,3.9549,3.9343,3.931,3.9284,3.9145,3.9044,3.903,3.8937,3.8813,3.8776,3.8684,3.869,3.8555,3.8569,3.8564,3.8416,3.8367,3.8249,3.8296,3.8283,3.814,3.8136,3.8193,3.8166,3.8147,3.8028,3.7944,3.7924,3.8046,3.7921
Train accuracy: 2.4,3.1,3.6,3.9,4.1,4.7,5.2,5.0,4.9,4.8,4.9,5.3,5.2,5.3,5.5,5.4,5.4,5.9,6.0,5.7,5.3,6.0,5.9,5.9,6.1,6.4,6.2,6.1,6.1,6.4,6.6,6.5,6.7,6.3,6.5,6.6,6.7,7.2,6.9,6.9,7.5,7.3,7.1,7.2,7.2,7.7,7.5,7.3,7.5,7.7
Test accuracy: 2.1,2.9,3.4,3.4,4.1,4.3,4.8,5.2,4.7,4.7,5.0,4.9,5.0,5.2,5.4,5.6,5.6,5.4,5.7,5.5,5.5,5.3,5.3,5.3,5.6,5.4,5.6,5.2,5.5,5.8,5.6,5.5,5.9,5.6,5.7,5.6,5.4,5.7,5.6,5.4,6.4,6.3,6.0,6.7,6.3,6.7,6.6,6.3,5.7,6.2
Rank: 16,18,19,20,23,24,25,25,26,27,28,29,30,30,30,31,32,33,33,34,35,35,36,36,37,37,38,38,38,40,40,40,40,40,41,42,42,42,43,44,44,45,45,46,47,47,47,47,48,49
Seed 2/10
Train loss: 4.5078,4.3633,4.269,4.1999,4.1422,4.0923,4.0484,4.0098,3.98,3.9482,3.9173,3.8936,3.8682,3.8453,3.8253,3.8048,3.7872,3.7691,3.7535,3.7362,3.7218,3.7064,3.6935,3.6788,3.6653,3.6533,3.6394,3.6262,3.615,3.6032,3.592,3.581,3.5709,3.5607,3.5519,3.5404,3.5306,3.5216,3.5119,3.5029,3.4941,3.485,3.4771,3.4683,3.4617,3.4535,3.4473,3.4379,3.4321,3.4254
Test loss: 4.5304,4.4048,4.3239,4.2647,4.2159,4.1732,4.1421,4.11,4.0823,4.0588,4.0353,4.0187,4.0007,3.9855,3.9708,3.9567,3.9442,3.9345,3.9213,3.9146,3.9052,3.8957,3.8887,3.882,3.872,3.8641,3.8602,3.8546,3.8491,3.844,3.8347,3.8324,3.8272,3.828,3.8152,3.8149,3.8094,3.8062,3.8083,3.804,3.7984,3.7945,3.7915,3.7887,3.7842,3.7822,3.7774,3.7744,3.7721,3.7759
Train accuracy: 2.4,2.2,3.2,3.8,4.7,5.1,6.1,5.9,5.3,4.8,5.2,5.1,5.2,5.4,5.5,5.6,6.0,6.1,6.4,6.1,6.3,6.5,6.3,6.8,6.7,6.6,6.8,6.8,6.9,7.0,7.1,7.2,7.4,7.4,7.5,7.5,7.6,7.5,7.9,7.9,7.8,8.1,7.9,7.8,7.8,8.2,8.6,8.5,8.5,8.1
Test accuracy: 2.1,2.4,3.2,3.6,4.2,4.8,5.7,5.1,4.0,3.8,4.1,4.1,4.0,4.2,5.0,4.6,4.9,5.2,5.6,5.6,5.4,5.7,5.1,5.4,5.8,5.1,5.9,5.9,6.0,6.4,6.1,6.1,6.1,6.2,6.3,6.2,5.8,5.8,5.9,5.8,6.0,6.5,6.5,6.2,6.4,6.5,6.4,6.6,6.5,6.5
Rank: 16,19,20,22,23,25,26,27,28,29,29,30,31,33,33,34,34,35,35,35,36,37,38,38,40,40,40,41,41,42,42,42,43,44,44,45,45,46,46,47,47,48,48,49,49,49,49,50,50,51
Seed 3/10
Train loss: 4.5248,4.3847,4.3016,4.2309,4.1755,4.1278,4.086,4.0501,4.0166,3.9885,3.9589,3.9338,3.9093,3.8874,3.8659,3.847,3.8284,3.8118,3.798,3.7799,3.7659,3.7491,3.7358,3.7223,3.7111,3.6976,3.6869,3.6747,3.6639,3.6527,3.6416,3.6344,3.6213,3.6115,3.6015,3.5915,3.586,3.5743,3.5649,3.5592,3.5504,3.5399,3.5306,3.5226,3.5142,3.509,3.5007,3.4924,3.4834,3.4767
Test loss: 4.5261,4.3997,4.3258,4.2677,4.2222,4.183,4.1494,4.1175,4.091,4.0693,4.048,4.0288,4.0113,3.9926,3.9766,3.9616,3.9533,3.9414,3.9225,3.9127,3.9122,3.8946,3.8895,3.8745,3.8698,3.8608,3.863,3.8482,3.838,3.8376,3.826,3.8257,3.8184,3.8131,3.8013,3.8002,3.7977,3.7907,3.7827,3.7777,3.7676,3.7734,3.7649,3.7609,3.7601,3.7591,3.7601,3.7594,3.7571,3.7549
Train accuracy: 2.2,3.6,3.6,3.5,3.8,4.3,4.6,4.8,4.8,4.9,4.8,4.9,5.0,4.7,4.9,4.8,4.7,4.8,5.0,5.2,4.8,5.2,5.3,5.6,5.1,5.4,5.3,5.6,5.4,5.4,5.4,5.3,5.6,5.7,6.1,5.9,6.3,6.0,6.1,6.3,6.7,6.6,6.9,7.1,7.0,7.0,7.3,7.3,7.1,7.6
Test accuracy: 2.6,3.9,4.2,3.4,3.6,3.9,4.5,4.8,4.6,4.7,4.8,4.9,5.2,4.8,4.6,4.3,4.8,4.6,4.9,4.9,4.5,4.7,4.7,4.7,5.2,5.1,4.6,5.1,4.6,5.0,4.7,5.4,4.8,4.9,5.8,5.3,6.2,5.9,5.5,5.9,6.2,5.8,6.7,6.5,6.3,6.7,6.8,6.9,6.1,6.7
Rank: 15,19,20,21,22,23,25,26,27,27,29,29,29,31,31,32,32,33,34,34,35,36,37,37,37,38,38,38,38,39,40,41,42,42,43,44,45,45,45,46,47,47,47,47,48,48,49,49,49,50
Seed 4/10
Train loss: 4.5427,4.3896,4.2997,4.2368,4.1848,4.1419,4.1022,4.0672,4.0341,4.0048,3.981,3.9508,3.929,3.906,3.8841,3.8645,3.8488,3.8319,3.8149,3.7973,3.783,3.7683,3.756,3.74,3.7299,3.716,3.7061,3.6928,3.6796,3.6686,3.6582,3.6476,3.6369,3.6272,3.6176,3.6074,3.597,3.5903,3.5805,3.5723,3.5625,3.5564,3.5475,3.5391,3.532,3.5236,3.5167,3.5117,3.5055,3.497
Test loss: 4.5449,4.4091,4.323,4.2685,4.2203,4.1859,4.1542,4.1234,4.0962,4.0783,4.0603,4.0393,4.0206,4.0101,3.99,3.9763,3.9595,3.9513,3.9429,3.9305,3.9187,3.9181,3.8993,3.8955,3.89,3.8752,3.8789,3.8738,3.8652,3.8555,3.8451,3.8417,3.8375,3.8283,3.8298,3.8198,3.8121,3.8089,3.8062,3.8135,3.8034,3.7993,3.7922,3.7869,3.7946,3.7908,3.7863,3.7751,3.782,3.7765
Train accuracy: 2.2,2.7,3.3,3.7,3.7,3.9,4.0,4.8,5.5,5.0,5.6,5.0,4.9,4.7,4.8,4.8,5.0,5.1,5.4,5.2,5.4,5.5,5.8,5.8,6.0,6.3,6.2,6.6,6.8,6.8,7.1,6.9,6.9,7.0,7.3,7.3,7.3,7.4,7.5,7.5,7.4,7.8,7.7,7.5,7.6,7.6,7.3,7.6,7.9,7.8
Test accuracy: 2.2,2.8,3.7,3.8,3.7,3.9,3.8,4.1,4.7,4.8,5.4,5.1,5.0,4.9,5.1,5.0,5.5,5.4,5.4,5.0,5.2,5.1,5.6,5.1,5.3,6.0,5.9,5.7,6.0,6.2,6.2,6.7,6.8,6.7,6.6,6.7,6.7,7.3,6.3,6.9,6.5,6.2,6.6,7.0,6.6,6.8,6.8,6.8,7.2,7.2
Rank: 15,19,21,23,24,25,25,27,28,28,28,31,31,31,32,32,33,33,34,35,35,36,36,37,37,38,38,39,39,40,40,41,41,41,42,42,43,43,43,44,45,45,46,47,47,48,48,48,49,50
Seed 5/10
Train loss: 4.4916,4.3533,4.2631,4.1954,4.1413,4.0979,4.0612,4.0257,3.9971,3.969,3.9452,3.9219,3.9035,3.8842,3.8617,3.8409,3.8243,3.8092,3.7923,3.7773,3.7611,3.7466,3.7336,3.7187,3.707,3.6954,3.6825,3.6719,3.6616,3.6518,3.6423,3.631,3.6202,3.6117,3.6054,3.5929,3.5866,3.5772,3.5685,3.5609,3.5521,3.543,3.5364,3.5271,3.5214,3.5132,3.5053,3.4988,3.4931,3.4861
Test loss: 4.5026,4.3763,4.2955,4.2369,4.1924,4.1563,4.1252,4.0998,4.0791,4.0554,4.037,4.0244,4.0061,3.9975,3.9795,3.9691,3.9555,3.95,3.9341,3.9239,3.9135,3.9045,3.8963,3.8885,3.8832,3.8797,3.8678,3.8576,3.8537,3.8549,3.8423,3.8396,3.8374,3.8317,3.8335,3.826,3.8294,3.8194,3.8169,3.8139,3.8065,3.8041,3.8037,3.7959,3.795,3.7907,3.7902,3.7869,3.7924,3.7841
Train accuracy: 2.3,2.9,4.1,4.8,4.7,4.3,4.5,4.3,4.2,4.5,4.7,5.0,4.8,4.8,4.9,5.2,5.2,5.0,5.3,5.5,5.3,5.5,5.9,5.8,5.9,6.1,5.9,6.0,6.1,6.4,6.3,6.2,6.4,6.7,6.6,6.7,6.7,7.0,7.2,6.9,7.4,7.6,7.4,8.0,7.8,8.0,7.7,8.3,7.8,8.1
Test accuracy: 2.2,3.4,4.1,5.4,5.7,4.5,4.4,4.1,4.3,4.8,5.1,5.3,5.3,5.7,5.0,5.4,5.4,5.5,5.7,5.6,5.6,5.7,5.8,5.7,5.8,5.6,5.7,5.5,5.8,5.8,5.1,6.0,6.0,5.9,5.3,5.6,5.4,5.8,6.5,6.1,6.1,6.7,6.9,7.6,7.3,7.1,7.3,7.5,8.3,7.8
Rank: 15,18,21,21,22,23,25,26,26,26,27,30,30,30,30,30,31,33,33,33,34,34,35,35,36,37,38,38,39,40,40,41,42,42,42,42,43,43,44,44,44,44,45,45,45,46,47,47,47,47
Seed 6/10
Train loss: 4.5381,4.3985,4.3047,4.2326,4.1693,4.1173,4.0723,4.0329,4.0005,3.967,3.9378,3.9093,3.8837,3.8606,3.8385,3.8164,3.7958,3.7768,3.7573,3.7407,3.7255,3.7098,3.6943,3.6798,3.6679,3.6539,3.6403,3.6281,3.616,3.604,3.5931,3.5819,3.5712,3.5594,3.5483,3.5422,3.5315,3.5212,3.5106,3.5039,3.493,3.4852,3.4787,3.4684,3.4622,3.4533,3.4455,3.4386,3.4326,3.4257
Test loss: 4.5584,4.432,4.3506,4.2867,4.2316,4.1862,4.1467,4.1132,4.0808,4.0559,4.0314,4.0089,3.9932,3.977,3.9628,3.9358,3.9261,3.9123,3.8981,3.8892,3.8779,3.8665,3.8609,3.8526,3.8424,3.8331,3.8308,3.8171,3.8117,3.8062,3.8055,3.7992,3.7887,3.7891,3.7816,3.7812,3.7734,3.7672,3.7688,3.7704,3.7615,3.7562,3.7494,3.7512,3.7473,3.7473,3.7429,3.7436,3.745,3.7416
Train accuracy: 3.0,3.0,3.6,3.7,3.6,4.8,5.3,5.4,5.6,5.5,5.6,5.8,6.2,6.1,6.3,6.4,6.2,6.2,6.1,6.1,6.2,6.3,6.5,6.2,6.6,6.5,6.6,6.5,6.5,6.7,6.7,6.8,6.8,7.3,7.0,7.0,6.7,7.0,7.0,7.2,7.2,7.2,7.5,7.6,7.8,7.7,7.7,8.1,8.2,7.9
Test accuracy: 3.0,3.0,3.1,3.3,2.9,4.5,4.5,5.2,5.6,6.1,6.1,5.9,6.0,5.7,5.5,6.5,5.7,6.0,5.5,5.2,5.8,5.7,5.8,5.6,6.1,5.7,5.8,6.3,6.3,5.9,5.5,6.0,5.9,5.5,5.7,5.8,5.6,5.7,5.5,6.1,6.3,5.8,6.0,6.2,6.0,6.2,6.1,6.5,6.8,7.0
Rank: 15,17,19,21,23,25,26,26,26,28,29,31,31,31,32,33,34,35,35,35,36,37,38,38,38,38,39,39,41,41,42,42,42,43,44,44,44,45,45,46,47,47,47,48,49,49,49,49,51,51
Seed 7/10
Train loss: 4.5126,4.3784,4.2887,4.2211,4.1639,4.1177,4.0748,4.0388,4.006,3.972,3.9434,3.9177,3.8926,3.8691,3.849,3.826,3.8057,3.7874,3.7682,3.7511,3.735,3.7188,3.7053,3.6874,3.6734,3.6578,3.6441,3.6307,3.6189,3.6049,3.5929,3.5808,3.5692,3.5595,3.5502,3.5369,3.5266,3.5173,3.5056,3.4969,3.4867,3.4804,3.47,3.4604,3.4532,3.4443,3.4348,3.4296,3.4198,3.4124
Test loss: 4.5101,4.3943,4.3193,4.258,4.2113,4.1724,4.1352,4.1042,4.0832,4.0525,4.0322,4.006,3.9897,3.9744,3.9506,3.9364,3.9252,3.9092,3.8945,3.8866,3.8688,3.8579,3.8401,3.8319,3.8302,3.8176,3.8007,3.7992,3.7851,3.7813,3.7673,3.7679,3.7565,3.7541,3.7421,3.7388,3.7292,3.729,3.719,3.7081,3.7132,3.6942,3.6974,3.6947,3.6907,3.6775,3.6714,3.6712,3.6613,3.6541
Train accuracy: 2.5,2.7,3.6,4.1,4.0,4.0,4.1,4.3,4.7,4.9,4.9,5.5,5.5,5.6,5.5,5.7,5.9,5.9,6.0,6.2,6.1,6.2,6.3,6.5,6.3,6.3,6.3,6.2,6.4,6.6,6.7,6.9,6.5,6.5,6.5,6.6,6.8,6.7,7.2,7.1,7.0,7.7,7.0,6.9,7.2,7.5,7.6,7.8,7.9,7.7
Test accuracy: 2.1,3.3,3.5,3.2,3.2,3.8,4.4,4.2,4.5,4.7,4.8,5.3,4.9,5.3,4.8,5.1,5.5,5.4,5.2,4.9,5.2,5.4,5.0,5.4,4.9,4.7,4.9,5.2,5.3,5.6,5.5,5.6,4.8,5.3,4.8,5.1,4.7,5.0,5.3,5.6,5.5,5.8,5.3,5.3,5.5,5.5,6.0,6.5,6.7,6.5
Rank: 15,19,19,21,23,24,26,26,27,28,30,30,30,31,31,32,34,35,36,37,37,38,38,39,39,40,40,41,42,42,44,44,45,46,46,46,46,47,47,48,48,49,49,51,51,51,52,52,53,53
Seed 8/10
Train loss: 4.5533,4.3885,4.2886,4.2146,4.1585,4.1094,4.0689,4.029,3.9963,3.9681,3.9406,3.9161,3.8919,3.8697,3.8502,3.8321,3.8127,3.7954,3.7792,3.7649,3.7503,3.7379,3.7234,3.7131,3.7002,3.6872,3.6756,3.6658,3.6549,3.6457,3.635,3.6243,3.6151,3.6067,3.5991,3.5902,3.5827,3.5738,3.5663,3.5578,3.5503,3.5445,3.5359,3.5288,3.5215,3.5161,3.509,3.5008,3.4932,3.4878
Test loss: 4.556,4.4056,4.32,4.2585,4.2125,4.1739,4.1444,4.1143,4.0895,4.0689,4.0494,4.0311,4.0119,3.9996,3.9825,3.9684,3.9593,3.9476,3.9373,3.9272,3.918,3.9061,3.8998,3.8948,3.8921,3.887,3.8807,3.874,3.8659,3.8619,3.853,3.855,3.8507,3.8406,3.8424,3.8335,3.8404,3.8297,3.8329,3.8238,3.8221,3.8234,3.8251,3.8138,3.813,3.8112,3.8185,3.8144,3.8121,3.8195
Train accuracy: 2.8,2.5,2.6,3.4,4.1,4.0,4.3,4.9,5.2,5.0,5.0,5.1,5.1,5.2,5.3,5.3,5.3,5.0,5.3,5.7,5.5,5.6,5.7,5.6,5.5,5.7,5.9,5.6,5.8,6.3,6.3,6.2,6.1,6.4,6.3,6.5,6.6,6.7,6.8,6.9,7.1,7.0,6.8,7.3,7.3,7.5,7.6,7.4,7.7,7.8
Test accuracy: 2.6,2.7,2.5,3.3,3.9,3.7,3.8,4.3,4.7,5.2,4.9,4.8,4.9,4.9,4.8,5.1,4.9,4.9,4.8,4.8,4.6,4.6,5.1,4.6,5.2,4.7,5.2,5.1,5.0,4.6,4.7,4.7,4.5,4.8,4.9,5.5,5.1,5.7,5.9,6.4,6.2,6.3,5.6,6.4,6.5,6.7,6.5,6.7,6.5,6.3
Rank: 15,19,20,21,23,24,26,26,27,28,29,29,29,29,30,31,32,32,32,32,33,33,34,34,35,35,36,37,37,38,38,39,39,40,41,41,41,41,42,43,44,44,45,46,46,46,47,47,48,49
Seed 9/10
Train loss: 4.5557,4.4273,4.3288,4.2551,4.1915,4.1361,4.0896,4.046,4.0091,3.9762,3.9463,3.9197,3.8952,3.8713,3.8493,3.829,3.8103,3.791,3.7742,3.7588,3.7431,3.7275,3.711,3.6956,3.6825,3.6685,3.6542,3.6441,3.6299,3.6172,3.6062,3.5938,3.5827,3.5728,3.5657,3.5545,3.5436,3.5333,3.5244,3.5175,3.5086,3.4992,3.4912,3.4828,3.4766,3.4667,3.46,3.4541,3.4474,3.4402
Test loss: 4.571,4.4467,4.3539,4.2869,4.2315,4.1829,4.1407,4.1019,4.0697,4.0414,4.021,3.9978,3.9755,3.9559,3.9417,3.9254,3.9069,3.8971,3.8858,3.8709,3.8595,3.8516,3.8366,3.8303,3.8195,3.8092,3.7999,3.7955,3.7847,3.7783,3.7736,3.765,3.7607,3.7546,3.7469,3.7404,3.7403,3.7315,3.7304,3.7201,3.7195,3.7118,3.7124,3.7132,3.7129,3.7014,3.691,3.6924,3.6847,3.6892
Train accuracy: 2.5,2.5,2.9,3.0,3.4,4.4,4.6,4.5,4.3,4.4,4.3,4.5,5.2,5.0,4.8,5.0,5.6,5.9,5.9,6.0,5.9,5.7,5.7,5.8,6.1,6.1,6.1,6.1,6.3,6.1,6.0,6.2,6.8,6.3,6.8,6.9,7.0,7.1,6.6,7.2,7.4,7.3,7.0,7.1,6.8,7.2,7.2,7.4,7.4,7.3
Test accuracy: 2.3,2.4,2.5,2.9,3.0,4.5,4.8,5.5,4.7,4.7,4.0,4.2,4.9,4.5,4.4,4.1,5.4,5.4,6.0,5.8,5.6,5.3,5.6,5.3,5.6,5.4,5.5,6.0,5.8,5.6,5.8,6.0,6.0,5.7,6.0,6.2,6.5,6.3,6.2,7.3,7.1,6.8,6.9,6.1,6.4,6.1,7.1,6.4,6.6,6.7
Rank: 15,18,20,20,21,23,25,25,26,27,28,28,29,30,31,32,32,33,33,34,34,34,34,35,36,36,37,38,38,39,40,41,41,42,42,42,43,43,44,44,44,44,45,46,46,46,47,48,48,49
Seed 10/10
Train loss: 4.5071,4.3716,4.286,4.219,4.1633,4.1146,4.0715,4.034,3.9995,3.968,3.9405,3.9166,3.8919,3.871,3.8496,3.8296,3.8106,3.7926,3.7757,3.7599,3.7452,3.7287,3.7156,3.702,3.6882,3.6748,3.664,3.6554,3.6412,3.6281,3.6158,3.6048,3.5953,3.5828,3.5743,3.5628,3.5527,3.5441,3.534,3.5251,3.5153,3.5054,3.497,3.4877,3.479,3.4708,3.4626,3.4522,3.4445,3.4359
Test loss: 4.5146,4.3876,4.3083,4.2472,4.1937,4.1517,4.1058,4.0715,4.041,4.0149,3.9937,3.973,3.9513,3.9321,3.9136,3.9037,3.8932,3.8767,3.8602,3.8503,3.8407,3.8266,3.818,3.8064,3.7972,3.788,3.7805,3.7742,3.766,3.7576,3.7506,3.7408,3.7371,3.7278,3.7207,3.7154,3.7057,3.7014,3.6966,3.6887,3.6872,3.6767,3.6768,3.6693,3.6594,3.6594,3.6601,3.6543,3.6462,3.6421
Train accuracy: 3.0,3.1,3.5,3.8,4.8,5.0,5.0,4.9,4.8,5.1,5.0,5.2,5.0,5.0,4.9,5.1,5.2,5.2,5.3,5.6,5.7,5.9,6.0,6.0,6.3,6.1,6.2,6.8,7.0,6.6,6.9,7.1,6.8,6.9,7.5,7.8,7.8,7.5,7.6,7.9,7.8,7.8,8.1,8.4,8.5,8.8,8.5,8.8,9.0,9.1
Test accuracy: 3.0,2.9,2.7,3.8,4.5,4.2,4.4,4.7,4.8,4.6,4.5,4.7,4.6,4.2,4.3,4.7,5.0,4.7,5.3,5.1,5.6,5.6,5.5,5.7,5.9,6.2,6.6,6.9,7.1,6.9,7.0,6.9,6.5,6.5,6.8,6.9,7.3,6.8,6.8,7.1,7.4,7.0,7.5,7.7,7.1,7.5,7.5,7.8,7.4,7.6
Rank: 15,17,20,21,21,22,22,25,26,26,27,27,28,29,29,31,31,32,32,32,34,34,34,36,36,37,38,38,38,39,39,39,41,41,41,43,43,43,44,45,46,46,47,47,47,48,49,50,49,50
