Seed 1/10
Train loss: 4.2182,3.9781,3.8065,3.6657,3.5422,3.4324,3.3288,3.2312,3.142,3.0574,2.9719,2.8948,2.8207,2.7496,2.6802,2.6162,2.5507,2.4874,2.426,2.3691,2.3121,2.2567,2.2054,2.159,2.1173,2.0812,2.0447,2.0139,1.9861,1.963,1.9361,1.9128,1.8888,1.8705,1.8558,1.835,1.8181,1.802,1.7855,1.7695,1.7573,1.7436,1.729,1.7172,1.7078,1.698,1.6845,1.6749,1.6641,1.6554
Test loss: 4.2416,4.0211,3.8663,3.7428,3.6301,3.5335,3.4488,3.3666,3.2861,3.2185,3.1522,3.0913,3.0375,2.9818,2.932,2.8843,2.8429,2.7959,2.7575,2.7169,2.6867,2.6563,2.6323,2.6149,2.6092,2.586,2.5945,2.6129,2.6546,2.5848,2.5887,2.5622,2.5817,2.6076,2.631,2.6288,2.6394,2.8375,2.7814,2.8291,2.8072,2.747,2.7921,2.8327,2.7746,2.637,2.6748,2.6589,2.6474,2.6915
Train accuracy: 6.9,9.7,10.8,12.2,14.0,15.1,16.7,18.2,19.5,20.8,22.7,24.4,26.3,27.5,29.9,32.0,33.4,35.2,36.6,38.1,39.2,40.2,42.3,43.5,44.3,45.1,46.8,47.7,49.0,49.4,51.3,51.5,52.4,53.2,53.6,54.7,54.8,54.9,56.0,57.1,57.2,58.1,58.9,59.6,59.3,59.8,61.4,61.2,61.7,61.6
Test accuracy: 6.8,9.6,10.1,11.8,12.8,14.0,15.5,16.3,17.8,17.9,19.7,20.1,22.3,23.7,25.4,27.0,27.7,29.9,30.2,31.2,32.1,33.2,35.0,35.4,36.0,36.2,36.6,36.9,37.6,37.9,39.3,38.9,39.5,38.8,38.8,39.3,39.2,38.7,39.8,39.2,39.5,39.2,40.5,40.9,40.0,40.4,40.7,40.5,40.6,40.7
Rank: 57,70,79,87,92,97,98,100,100,100,100,100,100,100,100,100,100,100,100,100,100,100,100,100,100,100,100,100,100,100,100,100,100,100,100,100,100,100,100,100,100,100,100,100,100,100,100,100,100,100
Seed 2/10
Train loss: 4.2188,3.9766,3.8135,3.6786,3.559,3.4495,3.3509,3.2584,3.1711,3.0873,3.0059,2.9286,2.8529,2.7812,2.7127,2.65,2.5862,2.5272,2.4697,2.4143,2.3617,2.3119,2.268,2.224,2.1822,2.1443,2.11,2.0826,2.0496,2.0215,1.9977,1.9728,1.9499,1.9343,1.912,1.8896,1.8734,1.8584,1.8394,1.8274,1.809,1.792,1.7796,1.7642,1.754,1.7395,1.7305,1.72,1.7068,1.6957
Test loss: 4.2373,4.0188,3.8707,3.7494,3.6453,3.549,3.4618,3.3809,3.3061,3.2327,3.1687,3.1034,3.043,2.9906,2.9373,2.8876,2.8475,2.8021,2.7628,2.7228,2.6897,2.6644,2.6411,2.6175,2.6021,2.5729,2.5536,2.5513,2.5379,2.524,2.5116,2.5114,2.5004,2.4979,2.4926,2.4904,2.4861,2.4956,2.5228,2.5225,2.507,2.4941,2.4887,2.4985,2.517,2.4969,2.5206,2.5017,2.4541,2.4759
Train accuracy: 4.0,5.8,10.3,13.5,15.7,17.5,19.9,21.8,24.1,26.0,27.6,29.1,31.1,32.4,34.2,36.0,37.0,38.0,39.6,40.5,41.9,42.2,42.7,43.9,45.2,45.8,46.7,48.1,48.7,49.9,50.9,51.5,52.9,52.8,53.3,54.2,55.3,55.0,55.6,56.5,56.2,57.1,57.4,58.1,58.5,58.3,58.9,59.8,59.5,60.5
Test accuracy: 3.4,5.5,8.9,12.3,14.5,15.3,18.2,20.1,21.8,23.5,24.7,26.0,26.4,28.5,29.3,31.5,31.0,33.1,33.8,33.9,35.7,35.9,36.1,36.9,36.8,37.5,38.6,39.4,39.2,41.8,41.3,41.5,42.3,42.0,41.8,41.8,42.5,42.8,42.8,44.1,43.1,43.7,43.8,43.6,43.9,43.1,44.4,44.4,43.3,44.9
Rank: 56,71,82,90,94,99,99,100,100,100,100,100,100,100,100,100,100,100,100,100,100,100,100,100,100,100,100,100,100,100,100,100,100,100,100,100,100,100,100,100,100,100,100,100,100,100,100,100,100,100
Seed 3/10
Train loss: 4.2007,3.9441,3.7616,3.6202,3.4914,3.379,3.2788,3.1868,3.1012,3.0214,2.943,2.8691,2.7981,2.7301,2.6614,2.5963,2.5327,2.4691,2.409,2.3523,2.3015,2.2526,2.2062,2.1647,2.1272,2.0929,2.0601,2.031,2.0005,1.9771,1.9519,1.9284,1.9086,1.8867,1.8682,1.8491,1.8318,1.8127,1.7942,1.7828,1.7687,1.7551,1.7388,1.7256,1.7151,1.7007,1.6919,1.6811,1.666,1.6551
Test loss: 4.2205,3.9818,3.8143,3.6849,3.5708,3.47,3.3835,3.3067,3.2363,3.1719,3.1062,3.0482,2.9903,2.9394,2.886,2.8363,2.7875,2.746,2.7019,2.6671,2.6275,2.5973,2.5675,2.5381,2.5209,2.5021,2.4861,2.4751,2.4672,2.477,2.4636,2.4742,2.4684,2.4655,2.4902,2.4948,2.4619,2.4674,2.5258,2.4688,2.5071,2.4518,2.5138,2.5466,2.6507,2.5716,2.6248,2.5961,2.6416,2.554
Train accuracy: 4.9,7.0,12.2,14.4,16.1,17.5,18.6,21.2,22.6,24.7,26.8,27.5,29.0,30.2,31.8,33.5,35.0,36.0,37.3,39.1,40.3,41.6,42.5,43.6,44.7,45.8,47.1,47.6,48.9,49.1,49.8,51.0,52.0,52.8,53.0,54.0,54.4,55.0,55.4,56.1,57.0,57.9,58.0,58.8,58.5,59.4,59.6,59.7,60.3,60.5
Test accuracy: 4.2,7.6,11.0,12.3,14.1,15.9,17.3,19.3,20.6,23.9,24.7,25.1,26.7,26.4,28.8,29.2,30.3,30.6,31.4,32.0,33.4,34.4,34.8,36.4,36.6,37.4,38.8,38.0,38.6,39.7,38.8,38.9,40.4,40.5,40.3,40.8,42.3,42.4,43.4,42.2,42.1,43.4,43.3,43.4,43.3,43.6,43.9,44.2,44.0,44.6
Rank: 58,73,82,89,93,98,100,100,100,100,100,100,100,100,100,100,100,100,100,100,100,100,100,100,100,100,100,100,100,100,100,100,100,100,100,100,100,100,100,100,100,100,100,100,100,100,100,100,100,100
Seed 4/10
Train loss: 4.2305,3.9961,3.8233,3.6771,3.5526,3.4359,3.3253,3.22,3.1206,3.0278,2.9424,2.8576,2.779,2.7064,2.6376,2.571,2.5092,2.4468,2.3903,2.3381,2.2834,2.2341,2.1857,2.1468,2.1048,2.0699,2.037,2.0064,1.9779,1.9511,1.9278,1.9036,1.8837,1.8638,1.8448,1.8235,1.806,1.7873,1.7736,1.7562,1.7419,1.7304,1.7102,1.699,1.6863,1.6773,1.6655,1.6543,1.6422,1.6311
Test loss: 4.2437,4.0233,3.8692,3.7351,3.6257,3.5199,3.4235,3.3328,3.2532,3.1765,3.1084,3.0379,2.9748,2.9225,2.8716,2.8249,2.7845,2.7407,2.7046,2.673,2.6402,2.6125,2.5891,2.5795,2.5508,2.5573,2.5259,2.5289,2.5319,2.5251,2.5252,2.5101,2.5217,2.4906,2.508,2.52,2.4966,2.5177,2.525,2.4968,2.5461,2.5472,2.5395,2.5626,2.5602,2.4864,2.4452,2.4675,2.5506,2.5297
Train accuracy: 5.5,10.0,11.9,13.8,15.2,16.8,18.8,20.4,22.0,24.1,25.4,27.7,29.3,30.2,31.6,32.7,34.4,35.3,36.9,38.5,39.9,40.8,42.7,43.8,45.1,45.3,46.7,48.0,48.9,49.7,50.3,51.0,51.6,51.6,53.4,53.9,54.7,55.6,55.5,56.4,56.8,57.5,58.8,59.2,59.4,59.1,59.5,60.1,60.5,61.2
Test accuracy: 5.8,8.9,9.7,10.9,12.8,14.5,16.9,17.6,18.7,20.6,22.2,24.5,25.5,25.8,26.9,28.2,28.5,30.7,31.4,31.2,33.6,33.7,35.2,34.8,36.5,36.7,37.9,38.1,38.7,39.1,39.8,40.1,40.7,40.8,41.1,41.6,41.4,42.0,43.2,42.9,42.2,42.7,42.8,43.3,43.4,43.3,44.2,43.7,44.2,43.6
Rank: 57,72,82,89,93,96,99,100,100,100,100,100,100,100,100,100,100,100,100,100,100,100,100,100,100,100,100,100,100,100,100,100,100,100,100,100,100,100,100,100,100,100,100,100,100,100,100,100,100,100
Seed 5/10
Train loss: 4.2192,3.9832,3.821,3.6908,3.5745,3.4688,3.3733,3.2851,3.1998,3.1206,3.0436,2.9689,2.8964,2.8268,2.7598,2.6949,2.6339,2.5777,2.522,2.4727,2.4261,2.3778,2.3331,2.2904,2.2488,2.2103,2.1725,2.1363,2.102,2.0701,2.0393,2.0131,1.9862,1.9639,1.9386,1.9176,1.8984,1.878,1.8553,1.8386,1.8204,1.8059,1.789,1.7746,1.7563,1.7425,1.7275,1.7178,1.7037,1.6915
Test loss: 4.2478,4.0329,3.887,3.7699,3.666,3.5761,3.4937,3.4177,3.3495,3.281,3.2169,3.1574,3.0951,3.0409,2.988,2.9377,2.8953,2.8526,2.8126,2.7776,2.7473,2.7209,2.6922,2.6714,2.6506,2.6282,2.6031,2.5862,2.5728,2.5655,2.5573,2.5599,2.5411,2.5395,2.5431,2.5251,2.5339,2.5174,2.5454,2.546,2.548,2.5324,2.5446,2.5865,2.5873,2.5778,2.5979,2.5044,2.5546,2.5649
Train accuracy: 4.5,9.3,11.5,14.1,15.8,17.5,19.0,20.3,21.5,22.4,23.5,24.8,25.3,27.0,27.6,28.9,29.8,31.3,32.9,33.7,35.7,36.5,37.7,39.2,40.9,41.9,43.3,43.5,44.9,46.2,47.2,47.1,48.7,48.7,49.2,50.2,51.2,51.8,52.6,52.2,53.3,54.2,55.5,55.4,56.1,56.7,57.8,57.4,57.9,58.1
Test accuracy: 4.5,9.3,10.7,13.3,14.0,16.0,17.8,18.6,19.9,20.9,21.3,23.4,23.9,25.7,25.8,26.7,27.5,28.9,30.7,30.7,31.7,31.5,32.5,34.1,34.8,35.6,36.3,37.3,37.1,37.8,38.2,38.6,38.9,37.9,38.3,39.9,40.5,40.7,40.5,41.0,41.0,41.1,41.6,41.8,41.6,42.1,42.3,43.0,43.1,42.6
Rank: 60,74,83,87,92,95,98,100,100,100,100,100,100,100,100,100,100,100,100,100,100,100,100,100,100,100,100,100,100,100,100,100,100,100,100,100,100,100,100,100,100,100,100,100,100,100,100,100,100,100
Seed 6/10
Train loss: 4.2707,4.0349,3.8639,3.7216,3.5958,3.479,3.37,3.266,3.1679,3.0742,2.9864,2.9027,2.8211,2.7472,2.6748,2.6027,2.5386,2.4754,2.4138,2.3598,2.3052,2.2517,2.2035,2.1576,2.113,2.0749,2.0352,2.0051,1.9742,1.9453,1.9242,1.9007,1.8751,1.8565,1.8377,1.8168,1.8024,1.7882,1.7728,1.758,1.7409,1.7319,1.718,1.7032,1.6942,1.6845,1.6732,1.6637,1.6527,1.6417
Test loss: 4.2925,4.073,3.9173,3.7916,3.6808,3.5771,3.4823,3.3929,3.3099,3.2362,3.1624,3.0933,3.0223,2.9608,2.9041,2.846,2.7935,2.7446,2.6998,2.6569,2.621,2.583,2.5532,2.5271,2.4958,2.4741,2.457,2.4368,2.4295,2.4167,2.4057,2.3991,2.3976,2.4025,2.4133,2.3823,2.39,2.3984,2.4493,2.4416,2.4805,2.4987,2.4386,2.3741,2.4088,2.3909,2.4486,2.3882,2.3726,2.3786
Train accuracy: 6.6,9.3,10.0,11.6,13.8,16.1,18.1,20.3,22.3,23.4,25.0,25.3,26.9,28.7,29.6,31.2,33.0,34.4,35.7,37.6,39.2,40.6,41.3,41.7,42.6,43.4,44.8,46.1,47.1,47.3,48.2,49.2,50.2,49.9,50.5,51.9,52.2,52.8,53.5,53.6,54.4,54.5,55.6,55.8,56.7,56.5,57.2,57.8,58.0,59.7
Test accuracy: 6.0,9.4,9.1,10.5,12.0,13.3,14.9,16.2,18.2,19.6,21.1,20.8,21.5,23.2,24.2,26.2,26.6,28.9,28.7,30.3,32.5,32.2,32.9,33.2,34.7,34.4,35.4,37.0,36.7,36.5,37.2,37.7,38.9,37.5,36.9,38.9,38.6,38.9,40.8,38.8,38.8,38.6,40.0,39.3,40.4,40.5,39.8,40.1,41.0,40.3
Rank: 54,68,77,87,93,97,99,100,100,100,100,100,100,100,100,100,100,100,100,100,100,100,100,100,100,100,100,100,100,100,100,100,100,100,100,100,100,100,100,100,100,100,100,100,100,100,100,100,100,100
Seed 7/10
Train loss: 4.2407,4.0044,3.8413,3.7041,3.5884,3.4758,3.3736,3.2811,3.1924,3.1056,3.0229,2.9428,2.8645,2.7915,2.7229,2.6564,2.5961,2.536,2.4798,2.4278,2.3786,2.33,2.2836,2.2383,2.1966,2.1589,2.1189,2.0834,2.0508,2.0222,1.9922,1.9661,1.9426,1.9208,1.9045,1.8809,1.8627,1.8467,1.8266,1.8114,1.7947,1.7796,1.7676,1.7563,1.7426,1.73,1.7207,1.7053,1.6954,1.688
Test loss: 4.2652,4.0359,3.8865,3.7645,3.6641,3.5653,3.4755,3.3961,3.3209,3.2497,3.1804,3.1142,3.0483,2.9909,2.9372,2.8848,2.8394,2.7988,2.7568,2.7235,2.6874,2.6587,2.6265,2.5986,2.5735,2.5571,2.5352,2.5205,2.512,2.496,2.4876,2.4789,2.4752,2.47,2.4655,2.4564,2.4532,2.4445,2.454,2.4434,2.4546,2.4586,2.4785,2.4451,2.4335,2.4513,2.4776,2.4675,2.4782,2.4684
Train accuracy: 6.4,9.3,10.8,12.3,13.1,14.4,15.9,17.2,18.7,20.0,21.7,23.4,25.3,27.2,28.5,30.3,31.2,33.3,35.1,36.4,38.3,39.8,41.1,42.5,44.1,44.9,46.1,47.5,48.2,48.6,49.6,50.1,51.3,52.0,52.7,53.7,54.3,54.5,55.8,54.8,55.5,56.7,56.7,57.6,56.8,57.5,58.7,58.8,60.1,60.1
Test accuracy: 5.7,8.9,10.9,12.9,13.2,14.6,15.8,16.8,18.3,19.1,20.4,21.5,23.0,23.6,24.9,26.9,27.6,28.3,29.6,31.5,32.7,33.5,34.8,35.6,37.3,39.0,38.8,39.4,41.5,40.1,41.0,41.5,41.5,42.5,41.7,42.5,42.3,43.1,43.8,42.6,42.8,43.1,43.0,43.5,44.0,44.7,43.8,43.2,43.9,44.7
Rank: 54,70,80,88,93,98,99,99,99,100,100,100,100,100,100,100,100,100,100,100,100,100,100,100,100,100,100,100,100,100,100,100,100,100,100,100,100,100,100,100,100,100,100,100,100,100,100,100,100,100
Seed 8/10
Train loss: 4.1887,3.9553,3.7893,3.6483,3.529,3.4174,3.3163,3.2209,3.1307,3.0449,2.9632,2.8853,2.8094,2.7365,2.6658,2.5958,2.53,2.4618,2.3998,2.3384,2.2792,2.2247,2.173,2.1251,2.0832,2.0484,2.0127,1.9813,1.9517,1.9286,1.9015,1.8808,1.8613,1.8369,1.8197,1.8033,1.7845,1.7725,1.7569,1.7411,1.7299,1.7162,1.7026,1.6872,1.6737,1.666,1.655,1.6438,1.6326,1.6221
Test loss: 4.2092,3.9954,3.8479,3.7194,3.6121,3.5162,3.4284,3.346,3.2678,3.1985,3.1278,3.0635,3.003,2.9462,2.8831,2.8298,2.7735,2.7213,2.672,2.6318,2.5861,2.5486,2.5143,2.4819,2.4627,2.441,2.4287,2.4084,2.3963,2.393,2.3841,2.3704,2.3757,2.3562,2.364,2.368,2.386,2.3524,2.3657,2.3428,2.3616,2.3693,2.3492,2.3847,2.3602,2.409,2.3634,2.3644,2.3309,2.343
Train accuracy: 5.2,8.0,10.6,13.7,16.1,17.6,18.6,20.4,21.2,22.2,23.8,24.9,26.7,28.3,30.0,31.4,32.8,34.7,36.0,36.9,38.8,39.9,40.8,42.9,44.2,44.7,46.3,47.0,48.5,48.9,50.1,50.7,51.7,52.6,53.7,54.3,55.0,55.3,56.2,56.4,57.3,57.6,59.0,59.1,59.4,59.9,60.5,60.8,60.9,61.4
Test accuracy: 5.7,8.0,9.9,12.0,15.8,17.2,18.3,19.2,19.3,19.8,21.2,22.6,23.4,24.7,25.7,26.6,27.6,29.0,30.7,31.8,32.3,32.9,33.2,36.3,35.6,37.0,37.0,37.3,38.8,38.9,39.4,39.4,40.3,41.4,41.1,42.0,41.8,42.7,42.2,42.2,43.3,42.9,44.1,44.2,44.2,44.3,44.8,44.6,44.8,44.9
Rank: 56,72,83,90,95,98,99,100,100,100,100,100,100,100,100,100,100,100,100,100,100,100,100,100,100,100,100,100,100,100,100,100,100,100,100,100,100,100,100,100,100,100,100,100,100,100,100,100,100,100
Seed 9/10
Train loss: 4.2561,4.0282,3.8595,3.7191,3.6002,3.493,3.3967,3.3067,3.2243,3.148,3.071,3.0021,2.9352,2.8686,2.8045,2.7443,2.6842,2.6253,2.5675,2.5145,2.465,2.4139,2.364,2.3171,2.2733,2.231,2.1933,2.1557,2.1193,2.0866,2.0574,2.0251,1.999,1.9732,1.9511,1.9289,1.9059,1.8871,1.8658,1.849,1.8314,1.8128,1.7991,1.7892,1.7696,1.7543,1.7455,1.7318,1.7151,1.7036
Test loss: 4.2674,4.061,3.9102,3.7864,3.6826,3.591,3.5092,3.4351,3.3668,3.3076,3.2406,3.1853,3.1337,3.0827,3.0354,2.9951,2.9427,2.9001,2.8631,2.8282,2.795,2.765,2.733,2.7042,2.6854,2.6618,2.6425,2.6298,2.6125,2.6006,2.5978,2.5768,2.5685,2.5774,2.574,2.55,2.5638,2.5404,2.5431,2.541,2.5426,2.5365,2.5575,2.5369,2.5672,2.5522,2.5235,2.5219,2.5305,2.5219
Train accuracy: 6.5,9.8,12.0,11.6,13.8,14.7,15.7,17.4,18.6,19.2,20.6,21.5,22.8,24.3,25.7,27.6,29.1,30.4,31.6,32.3,33.0,34.8,35.1,35.9,36.9,38.0,39.5,41.0,41.5,42.5,43.5,45.1,45.9,47.4,48.2,48.3,49.8,50.5,51.1,52.1,52.7,53.6,54.1,55.4,55.4,55.9,56.2,57.1,57.8,58.2
Test accuracy: 6.7,9.6,11.7,10.2,14.0,14.4,15.9,16.9,18.1,18.2,20.0,20.2,20.9,22.5,23.3,25.5,26.8,27.2,27.5,27.9,29.8,30.7,31.0,30.9,31.7,31.9,34.3,33.2,34.1,34.5,35.5,36.4,37.4,38.4,37.8,38.3,38.5,39.0,39.3,39.0,39.4,39.7,39.6,39.9,39.6,39.6,40.4,40.9,41.4,40.5
Rank: 53,68,77,85,89,94,97,98,99,99,100,100,100,100,100,100,100,100,100,100,100,100,100,100,100,100,100,100,100,100,100,100,100,100,100,100,100,100,100,100,100,100,100,100,100,100,100,100,100,100
Seed 10/10
Train loss: 4.2851,4.0609,3.891,3.7413,3.6091,3.4933,3.3814,3.2793,3.1831,3.0925,3.0056,2.9232,2.8463,2.7741,2.7032,2.6367,2.5727,2.5115,2.4559,2.3965,2.3416,2.2912,2.2421,2.1955,2.154,2.1143,2.0759,2.0447,2.0161,1.9859,1.9624,1.9347,1.9159,1.8921,1.8699,1.8527,1.834,1.8178,1.8038,1.7862,1.7744,1.7597,1.7448,1.7304,1.7187,1.7073,1.6948,1.685,1.6753,1.663
Test loss: 4.2995,4.0945,3.9438,3.8084,3.6878,3.5853,3.4886,3.3997,3.3166,3.2411,3.1674,3.0978,3.037,2.9813,2.9261,2.8793,2.8288,2.7883,2.7488,2.7103,2.6736,2.6405,2.6134,2.5884,2.5585,2.5401,2.5166,2.506,2.5041,2.5013,2.4925,2.506,2.4931,2.4984,2.5199,2.5192,2.5008,2.4968,2.5289,2.5321,2.5554,2.5406,2.5564,2.5603,2.5191,2.5793,2.6452,2.6842,2.688,2.7099
Train accuracy: 3.3,5.7,8.3,12.4,15.3,16.6,17.7,19.2,20.6,21.9,24.2,26.1,28.6,30.0,31.0,33.3,34.6,36.7,38.7,40.1,41.2,43.2,42.5,44.3,45.0,45.9,46.6,47.4,48.3,49.1,49.6,50.6,51.0,51.4,52.9,52.8,53.6,54.5,54.6,55.7,55.8,56.3,56.7,57.9,58.1,58.2,59.2,59.7,60.4,60.9
Test accuracy: 3.4,5.7,6.7,11.9,14.2,16.6,16.6,17.3,18.8,19.3,21.9,23.6,24.5,25.9,26.8,27.9,30.4,32.0,34.4,35.1,36.2,37.3,37.4,38.3,38.7,39.3,39.1,39.6,41.0,40.6,40.1,40.6,41.1,41.0,41.4,42.2,41.6,41.4,41.9,41.7,42.6,43.0,42.3,42.9,42.1,42.6,41.7,42.7,42.5,43.1
Rank: 53,68,79,89,94,98,100,100,100,100,100,100,100,100,100,100,100,100,100,100,100,100,100,100,100,100,100,100,100,100,100,100,100,100,100,100,100,100,100,100,100,100,100,100,100,100,100,100,100,100
