Seed 1/10
Train loss: 2.4906,1.2501,0.7715,0.5382,0.4014,0.322,0.2681,0.2305,0.1982,0.1731,0.1532,0.1367,0.122,0.1117,0.1014,0.0934,0.0863,0.0799,0.0752,0.0708,0.0664,0.0625,0.0592,0.0607,0.0568,0.054,0.0501,0.0477,0.046,0.0445,0.0429,0.0409,0.0394,0.0382,0.0371,0.036,0.0351,0.0342,0.0333,0.0326,0.0319,0.0313,0.0308,0.0302,0.0298,0.0294,0.0288,0.0284,0.0281,0.0277
Test loss: 2.5463,1.3646,0.9622,0.8013,0.7104,0.6693,0.6472,0.6349,0.6153,0.5952,0.6065,0.5941,0.5936,0.5959,0.5952,0.5919,0.5943,0.5902,0.5856,0.5917,0.5988,0.594,0.5986,0.599,0.6027,0.6011,0.6112,0.6132,0.6067,0.6136,0.6135,0.6127,0.6162,0.6165,0.6204,0.6204,0.6177,0.6231,0.6251,0.629,0.6351,0.6368,0.6414,0.6375,0.6432,0.6412,0.6448,0.6502,0.6498,0.6476
Train accuracy: 61.2,83.5,87.8,91.0,93.0,94.6,95.9,96.5,97.2,97.8,98.1,98.3,98.5,98.6,98.7,98.8,98.9,98.9,99.1,99.0,99.1,99.1,99.1,99.2,99.2,99.2,99.2,99.2,99.3,99.3,99.3,99.3,99.3,99.3,99.3,99.3,99.3,99.3,99.3,99.3,99.3,99.3,99.3,99.3,99.3,99.3,99.3,99.3,99.3,99.3
Test accuracy: 58.7,79.1,82.1,82.5,83.9,83.7,84.5,84.5,85.5,84.7,85.0,86.0,85.3,85.3,85.7,86.0,86.1,85.5,85.8,86.2,85.4,85.9,85.7,85.7,85.9,85.6,85.6,85.5,85.6,85.9,85.6,85.8,85.7,86.2,85.8,85.7,85.9,85.6,85.9,85.9,85.8,85.7,85.9,85.9,86.0,86.2,85.8,85.9,86.1,85.9
Rank: 100,100,100,100,100,100,100,100,100,100,100,100,100,100,100,100,100,100,100,100,100,100,100,100,100,100,100,100,100,100,100,100,100,100,100,100,100,100,100,100,100,100,100,100,100,100,100,100,100,100
Seed 2/10
Train loss: 2.3699,1.2229,0.7634,0.5356,0.4092,0.3238,0.2743,0.2349,0.2019,0.1804,0.1617,0.1443,0.1315,0.1221,0.1108,0.1003,0.092,0.0858,0.08,0.074,0.0692,0.0655,0.0619,0.0591,0.0567,0.0544,0.0522,0.0503,0.0483,0.0473,0.0454,0.044,0.0427,0.0417,0.0407,0.0396,0.0388,0.038,0.0373,0.0365,0.0357,0.0351,0.0344,0.0338,0.0333,0.0327,0.0323,0.0317,0.0313,0.0308
Test loss: 2.411,1.3161,0.9329,0.7737,0.6991,0.6471,0.6352,0.6174,0.599,0.5972,0.5913,0.5896,0.5862,0.5825,0.5913,0.5877,0.5847,0.5986,0.5932,0.5924,0.5976,0.6032,0.6038,0.6068,0.6074,0.6147,0.6119,0.6131,0.6198,0.623,0.6261,0.6268,0.6314,0.636,0.6312,0.635,0.6368,0.6448,0.6423,0.651,0.6478,0.6532,0.6553,0.6604,0.6636,0.6681,0.6715,0.669,0.6726,0.6782
Train accuracy: 66.5,82.4,87.4,89.9,92.5,94.5,95.5,96.4,96.8,97.4,97.6,98.0,98.2,98.3,98.3,98.6,98.6,98.7,98.7,98.8,98.9,98.9,98.9,99.0,99.0,99.0,99.0,99.1,99.1,99.1,99.1,99.1,99.2,99.1,99.1,99.1,99.1,99.2,99.2,99.2,99.2,99.2,99.2,99.2,99.2,99.2,99.2,99.2,99.2,99.2
Test accuracy: 65.1,77.9,82.0,83.1,83.9,84.4,84.7,85.0,85.4,85.5,85.2,85.1,84.9,85.2,85.1,85.5,85.3,85.1,85.0,84.6,84.9,85.0,84.6,84.6,84.4,84.6,84.3,84.6,84.5,84.3,84.7,84.6,84.6,84.2,84.8,84.4,84.9,84.6,84.9,84.7,84.8,84.4,84.6,84.8,84.7,84.9,84.4,84.5,84.3,84.6
Rank: 100,100,100,100,100,100,100,100,100,100,100,100,100,100,100,100,100,100,100,100,100,100,100,100,100,100,100,100,100,100,100,100,100,100,100,100,100,100,100,100,100,100,100,100,100,100,100,100,100,100
Seed 3/10
Train loss: 2.4269,1.235,0.7798,0.5415,0.399,0.3119,0.2561,0.2225,0.1904,0.1676,0.1484,0.1337,0.1175,0.1037,0.0934,0.085,0.0804,0.0733,0.0687,0.0644,0.0605,0.0569,0.0532,0.0506,0.0483,0.0466,0.0447,0.043,0.0414,0.04,0.0386,0.0374,0.0363,0.0352,0.0343,0.0334,0.0326,0.0318,0.031,0.0303,0.0297,0.0291,0.0285,0.0278,0.0272,0.0263,0.0257,0.0252,0.0247,0.0243
Test loss: 2.4908,1.3626,0.9783,0.8039,0.7078,0.6599,0.6245,0.6157,0.6061,0.593,0.5881,0.5802,0.5769,0.5726,0.5668,0.5698,0.5695,0.5737,0.5768,0.5786,0.5797,0.5823,0.5817,0.5868,0.5861,0.5914,0.5979,0.5996,0.6057,0.6037,0.61,0.613,0.6158,0.6191,0.6196,0.6252,0.6248,0.6318,0.6314,0.6354,0.6383,0.6418,0.6429,0.6444,0.6432,0.6461,0.649,0.6511,0.6543,0.6572
Train accuracy: 67.4,82.9,87.2,90.0,92.0,93.7,95.4,96.1,96.7,96.8,97.2,97.5,98.1,98.5,98.7,98.7,98.8,98.9,98.9,99.0,99.1,99.1,99.1,99.1,99.1,99.1,99.1,99.1,99.1,99.2,99.2,99.2,99.2,99.2,99.2,99.2,99.2,99.2,99.2,99.2,99.2,99.2,99.2,99.2,99.3,99.3,99.2,99.2,99.3,99.3
Test accuracy: 61.9,77.6,80.3,82.1,83.2,83.9,85.0,85.8,84.9,86.1,85.9,85.8,85.3,86.3,86.4,86.4,85.8,85.7,85.8,85.5,85.7,85.5,85.5,85.8,85.5,85.9,86.0,85.9,85.2,86.0,85.8,85.9,86.0,85.8,85.8,85.4,85.7,85.4,85.4,85.7,85.6,85.7,85.7,85.8,85.4,85.4,85.5,86.0,85.9,85.9
Rank: 100,100,100,100,100,100,100,100,100,100,100,100,100,100,100,100,100,100,100,100,100,100,100,100,100,100,100,100,100,100,100,100,100,100,100,100,100,100,100,100,100,100,100,100,100,100,100,100,100,100
Seed 4/10
Train loss: 2.5456,1.2218,0.7425,0.5222,0.4012,0.3193,0.2695,0.237,0.2043,0.1818,0.1649,0.1484,0.1359,0.1256,0.1166,0.1083,0.1021,0.0955,0.0878,0.0825,0.0783,0.0743,0.0703,0.062,0.0562,0.053,0.0505,0.0485,0.0467,0.0452,0.0435,0.0421,0.0405,0.0388,0.0374,0.0363,0.0351,0.0342,0.0332,0.0323,0.0315,0.031,0.03,0.0294,0.029,0.0286,0.0282,0.0277,0.0274,0.027
Test loss: 2.6184,1.3483,0.9437,0.788,0.7268,0.6842,0.6566,0.6547,0.6276,0.6239,0.6308,0.623,0.6234,0.618,0.619,0.6227,0.6227,0.623,0.6207,0.6235,0.6245,0.6278,0.629,0.6236,0.6325,0.633,0.6454,0.6386,0.6479,0.6483,0.65,0.6532,0.6554,0.6598,0.6602,0.6631,0.6644,0.6718,0.6716,0.6785,0.6775,0.6843,0.6847,0.6895,0.6911,0.6951,0.6949,0.6913,0.6971,0.7006
Train accuracy: 61.3,81.1,86.4,88.8,91.7,93.6,94.6,95.2,96.0,96.6,96.7,96.9,97.1,97.3,97.5,97.6,97.7,97.7,97.9,97.9,98.0,98.0,98.0,98.6,98.8,98.8,98.9,98.9,98.9,98.9,99.0,99.0,99.0,99.1,99.1,99.1,99.1,99.1,99.1,99.1,99.2,99.2,99.2,99.2,99.2,99.2,99.2,99.2,99.2,99.2
Test accuracy: 57.6,76.8,79.9,81.1,82.2,82.4,83.0,82.8,82.6,83.4,83.2,83.7,83.7,83.4,83.9,83.8,83.4,83.8,84.2,84.4,84.0,84.1,83.8,84.7,84.5,84.7,84.3,84.9,85.0,84.7,84.8,84.8,85.0,85.1,84.8,84.9,85.0,84.8,84.8,84.8,85.0,84.9,84.8,84.7,84.8,84.9,84.8,85.0,84.8,85.3
Rank: 100,100,100,100,100,100,100,100,100,100,100,100,100,100,100,100,100,100,100,100,100,100,100,100,100,100,100,100,100,100,100,100,100,100,100,100,100,100,100,100,100,100,100,100,100,100,100,100,100,100
Seed 5/10
Train loss: 2.4251,1.2234,0.7557,0.5177,0.3834,0.3047,0.2539,0.2149,0.1868,0.1615,0.1429,0.1269,0.1095,0.0997,0.0898,0.0827,0.0763,0.0713,0.0665,0.0627,0.0589,0.0555,0.0519,0.0491,0.0463,0.0442,0.0419,0.0404,0.0387,0.0373,0.036,0.0348,0.0336,0.0328,0.0318,0.0313,0.0304,0.0297,0.0291,0.0285,0.0281,0.0274,0.0269,0.0264,0.026,0.0256,0.0252,0.0249,0.0245,0.0239
Test loss: 2.4838,1.3405,0.9522,0.7827,0.6907,0.6635,0.6342,0.6232,0.6149,0.6031,0.5943,0.5918,0.5818,0.5885,0.5905,0.596,0.5963,0.6015,0.6062,0.5992,0.6182,0.6143,0.6161,0.6287,0.6278,0.6285,0.6322,0.6434,0.6445,0.6541,0.6515,0.6599,0.6653,0.6743,0.6724,0.6814,0.6836,0.6845,0.691,0.692,0.7051,0.6998,0.704,0.7082,0.7103,0.7152,0.7156,0.7188,0.7194,0.7198
Train accuracy: 63.8,81.7,87.2,90.6,93.1,95.4,96.3,97.0,97.6,98.2,98.4,98.4,98.6,98.5,98.7,98.9,99.0,98.9,99.1,99.1,99.1,99.2,99.2,99.2,99.3,99.3,99.3,99.4,99.4,99.4,99.4,99.4,99.4,99.4,99.4,99.4,99.4,99.4,99.4,99.4,99.4,99.5,99.5,99.4,99.5,99.5,99.5,99.4,99.5,99.5
Test accuracy: 60.4,77.8,81.6,82.6,84.0,84.0,84.1,84.9,84.0,84.4,85.0,84.8,85.1,85.7,85.7,85.6,85.5,85.5,85.8,85.5,85.2,85.2,85.2,84.4,85.1,85.1,85.0,85.2,85.5,85.1,84.9,85.1,84.7,85.1,84.8,84.6,84.4,84.5,84.4,84.7,85.0,84.8,84.6,84.6,84.7,84.8,84.7,84.5,84.8,84.6
Rank: 100,100,100,100,100,100,100,100,100,100,100,100,100,100,100,100,100,100,100,100,100,100,100,100,100,100,100,100,100,100,100,100,100,100,100,100,100,100,100,100,100,100,100,100,100,100,100,100,100,100
Seed 6/10
Train loss: 2.5447,1.2887,0.7987,0.5433,0.4089,0.3176,0.2665,0.2285,0.1999,0.1729,0.1538,0.1385,0.1245,0.1134,0.1049,0.0968,0.0887,0.0823,0.0757,0.0714,0.0665,0.0623,0.0596,0.0559,0.0537,0.0512,0.0484,0.046,0.0443,0.0427,0.0416,0.0402,0.039,0.0381,0.0369,0.0359,0.035,0.0342,0.0334,0.0327,0.032,0.0315,0.0309,0.0304,0.0299,0.0294,0.0289,0.0284,0.028,0.0275
Test loss: 2.5946,1.4032,0.9843,0.7972,0.7068,0.6528,0.6274,0.605,0.6003,0.5892,0.5801,0.5745,0.5701,0.562,0.5688,0.5648,0.5618,0.5656,0.5676,0.5762,0.5737,0.5702,0.5793,0.581,0.5855,0.588,0.5875,0.5946,0.5963,0.6078,0.6162,0.606,0.6075,0.6139,0.6153,0.6199,0.6202,0.6231,0.6256,0.6318,0.631,0.638,0.6409,0.6451,0.6528,0.6523,0.657,0.6527,0.659,0.6591
Train accuracy: 65.7,82.3,87.7,90.6,92.7,94.7,95.8,96.5,97.1,97.5,97.8,98.1,98.2,98.5,98.5,98.7,98.7,98.8,98.8,98.9,99.0,98.9,99.0,99.0,99.0,99.1,99.1,99.0,99.0,99.1,99.1,99.1,99.1,99.1,99.1,99.2,99.2,99.2,99.1,99.2,99.2,99.2,99.2,99.2,99.2,99.2,99.2,99.2,99.2,99.2
Test accuracy: 63.6,78.5,81.4,83.5,84.3,85.4,85.6,85.4,85.1,85.8,86.4,86.7,86.4,86.9,86.4,87.1,86.1,86.1,86.4,86.8,86.5,86.4,86.7,86.4,86.6,86.4,86.7,86.4,86.5,86.1,86.3,86.3,86.2,86.4,86.4,86.4,86.2,86.0,86.5,86.3,86.4,86.4,86.1,86.3,86.2,86.1,86.1,86.1,86.3,86.4
Rank: 100,100,100,100,100,100,100,100,100,100,100,100,100,100,100,100,100,100,100,100,100,100,100,100,100,100,100,100,100,100,100,100,100,100,100,100,100,100,100,100,100,100,100,100,100,100,100,100,100,100
Seed 7/10
Train loss: 2.5489,1.3006,0.7787,0.5503,0.4138,0.3319,0.278,0.2339,0.2001,0.1783,0.1564,0.1408,0.1279,0.1152,0.104,0.0959,0.0891,0.0833,0.0763,0.0719,0.0674,0.0623,0.0589,0.0555,0.0531,0.0507,0.048,0.0459,0.0435,0.0415,0.0402,0.0388,0.0373,0.0361,0.0352,0.0341,0.0332,0.0325,0.0319,0.0314,0.0306,0.0301,0.0293,0.0288,0.0283,0.0276,0.0271,0.0266,0.0261,0.0256
Test loss: 2.6141,1.4274,0.9828,0.7993,0.7171,0.6804,0.6636,0.631,0.6085,0.6047,0.5905,0.5953,0.5897,0.5966,0.5861,0.5825,0.5898,0.5968,0.5944,0.5975,0.6052,0.5968,0.6026,0.601,0.6049,0.606,0.6109,0.6158,0.616,0.6195,0.6218,0.6284,0.6246,0.6257,0.6318,0.631,0.6353,0.6383,0.6398,0.6483,0.6501,0.6515,0.6536,0.6548,0.6586,0.6602,0.6652,0.6707,0.6686,0.6734
Train accuracy: 61.1,81.7,86.4,89.8,92.4,94.5,95.6,96.3,97.0,97.3,97.7,97.9,98.3,98.4,98.5,98.6,98.8,98.8,98.9,99.0,99.0,99.1,99.1,99.1,99.2,99.2,99.3,99.3,99.4,99.4,99.4,99.4,99.4,99.4,99.4,99.4,99.4,99.4,99.4,99.4,99.4,99.4,99.4,99.5,99.4,99.5,99.4,99.5,99.5,99.5
Test accuracy: 59.1,76.6,80.6,82.9,83.6,83.7,84.1,84.0,84.9,84.9,85.1,85.3,84.9,84.9,85.2,85.2,85.2,84.9,84.6,84.9,85.3,84.9,85.2,84.9,85.2,85.1,85.2,85.0,85.0,85.0,84.8,85.1,85.0,85.3,85.2,85.0,85.4,85.2,85.2,85.3,85.2,85.2,85.4,85.4,85.3,85.3,85.5,85.6,85.5,85.2
Rank: 100,100,100,100,100,100,100,100,100,100,100,100,100,100,100,100,100,100,100,100,100,100,100,100,100,100,100,100,100,100,100,100,100,100,100,100,100,100,100,100,100,100,100,100,100,100,100,100,100,100
Seed 8/10
Train loss: 2.4349,1.2688,0.7877,0.5366,0.4028,0.3183,0.2679,0.2242,0.1886,0.166,0.1467,0.1305,0.1177,0.106,0.0988,0.0903,0.0845,0.0794,0.0751,0.0708,0.0667,0.0638,0.0605,0.0579,0.0554,0.0533,0.0516,0.0499,0.0484,0.0469,0.0455,0.0441,0.043,0.042,0.0408,0.0398,0.039,0.038,0.0371,0.0364,0.0357,0.0351,0.0343,0.0338,0.0332,0.0327,0.0324,0.0318,0.0315,0.0309
Test loss: 2.4851,1.391,0.983,0.7855,0.6913,0.6464,0.6196,0.5958,0.5774,0.5713,0.5672,0.5576,0.5551,0.5529,0.5612,0.5582,0.5612,0.5574,0.5565,0.5598,0.5554,0.5615,0.5615,0.5614,0.5672,0.5686,0.5668,0.5732,0.5744,0.5742,0.5746,0.5797,0.5863,0.5888,0.5903,0.592,0.5954,0.5951,0.5937,0.5963,0.6001,0.602,0.6075,0.6131,0.6096,0.6117,0.6164,0.6157,0.6206,0.6216
Train accuracy: 65.2,83.4,87.8,90.9,92.9,94.7,95.5,96.6,97.2,97.4,97.8,98.0,98.2,98.3,98.3,98.5,98.7,98.7,98.7,98.7,98.8,98.8,98.9,98.9,98.9,99.0,99.0,99.0,99.1,99.1,99.1,99.1,99.1,99.1,99.1,99.1,99.1,99.1,99.1,99.1,99.1,99.2,99.1,99.1,99.1,99.1,99.1,99.2,99.2,99.2
Test accuracy: 62.1,77.6,80.7,81.7,84.9,84.0,85.2,84.8,85.5,86.2,86.1,85.9,86.2,86.8,86.4,86.6,86.2,87.2,86.5,86.6,86.5,86.9,86.6,87.3,86.8,86.7,86.9,86.6,86.9,87.2,87.3,87.1,86.9,87.1,86.9,86.5,86.9,86.7,87.1,87.0,86.7,86.8,86.9,87.1,86.9,86.9,86.9,87.0,86.8,87.0
Rank: 100,100,100,100,100,100,100,100,100,100,100,100,100,100,100,100,100,100,100,100,100,100,100,100,100,100,100,100,100,100,100,100,100,100,100,100,100,100,100,100,100,100,100,100,100,100,100,100,100,100
Seed 9/10
Train loss: 2.4954,1.2833,0.8009,0.5507,0.4091,0.3303,0.2715,0.232,0.203,0.1815,0.1614,0.1457,0.1336,0.121,0.1116,0.1011,0.0948,0.0878,0.0821,0.077,0.073,0.0682,0.065,0.0622,0.0596,0.0572,0.0548,0.0527,0.0513,0.0494,0.0479,0.0462,0.0448,0.0437,0.0425,0.0414,0.0403,0.0394,0.0386,0.0378,0.0371,0.0364,0.0358,0.0353,0.0345,0.0341,0.0333,0.0327,0.0321,0.0315
Test loss: 2.5574,1.4012,0.9957,0.819,0.7284,0.6913,0.6471,0.624,0.6169,0.6155,0.6097,0.6038,0.6028,0.5995,0.5962,0.6026,0.5971,0.5995,0.6047,0.6016,0.6061,0.6141,0.6109,0.6185,0.615,0.6214,0.6234,0.628,0.6266,0.6284,0.634,0.6337,0.6419,0.6438,0.6441,0.6428,0.6541,0.6567,0.6523,0.6574,0.6612,0.6675,0.665,0.6707,0.6727,0.6766,0.6788,0.6702,0.6746,0.676
Train accuracy: 64.3,83.6,88.2,90.6,93.0,94.3,95.8,96.5,96.9,97.0,97.5,97.6,97.8,97.9,98.0,98.2,98.3,98.4,98.4,98.5,98.6,98.7,98.7,98.7,98.7,98.7,98.7,98.8,98.8,98.8,98.9,98.9,98.9,98.9,98.9,98.9,99.0,99.0,99.0,99.0,99.0,99.0,99.0,99.0,99.0,99.0,99.0,99.0,99.0,99.0
Test accuracy: 60.4,78.8,82.3,82.3,83.1,84.0,84.6,85.0,85.2,85.1,85.7,84.9,85.4,85.2,85.9,85.6,85.8,85.9,85.6,85.3,86.0,85.8,85.4,85.7,85.7,85.7,85.6,85.9,85.6,85.4,85.3,85.6,85.7,85.8,85.8,85.4,85.7,85.6,86.1,85.5,85.9,86.1,86.0,85.5,86.0,86.2,85.8,86.1,85.9,85.9
Rank: 100,100,100,100,100,100,100,100,100,100,100,100,100,100,100,100,100,100,100,100,100,100,100,100,100,100,100,100,100,100,100,100,100,100,100,100,100,100,100,100,100,100,100,100,100,100,100,100,100,100
Seed 10/10
Train loss: 2.4211,1.2243,0.7703,0.5372,0.4062,0.3248,0.2717,0.2305,0.2036,0.1816,0.1632,0.1469,0.1372,0.1256,0.1165,0.1076,0.1008,0.093,0.0844,0.0783,0.0744,0.0712,0.0677,0.0649,0.0606,0.0565,0.0528,0.0492,0.0444,0.0416,0.0395,0.0378,0.0365,0.0352,0.0338,0.0329,0.0317,0.0308,0.03,0.0291,0.0284,0.0279,0.0272,0.0266,0.0261,0.0255,0.0251,0.0247,0.0244,0.024
Test loss: 2.502,1.3659,0.985,0.8072,0.7319,0.6823,0.6493,0.6263,0.6188,0.6087,0.5998,0.5932,0.594,0.5814,0.588,0.5867,0.5857,0.5865,0.5877,0.5844,0.5845,0.5852,0.5945,0.5921,0.5972,0.5904,0.6011,0.5962,0.604,0.6038,0.6055,0.6039,0.6085,0.6146,0.6104,0.6184,0.619,0.6211,0.6218,0.6251,0.6262,0.6312,0.6294,0.6327,0.6368,0.6395,0.6366,0.6417,0.6445,0.646
Train accuracy: 67.1,83.5,87.8,90.9,93.5,95.0,96.3,97.1,97.3,97.5,98.0,98.3,98.6,98.8,98.8,99.0,99.1,99.0,99.2,99.3,99.3,99.3,99.3,99.3,99.2,99.3,99.3,99.3,99.3,99.3,99.4,99.4,99.3,99.3,99.4,99.4,99.4,99.4,99.4,99.4,99.4,99.4,99.4,99.4,99.4,99.5,99.5,99.4,99.4,99.5
Test accuracy: 64.0,78.7,82.4,83.1,83.7,84.5,85.9,85.9,85.1,85.7,86.2,85.8,85.1,86.5,86.0,86.8,86.6,87.0,86.6,87.1,86.6,86.9,86.7,87.0,86.4,86.8,86.1,86.5,86.2,86.3,86.1,86.5,86.3,86.4,86.3,86.2,86.4,86.2,86.2,86.6,86.4,86.0,86.3,86.2,86.2,86.4,86.2,86.3,86.2,86.2
Rank: 100,100,100,100,100,100,100,100,100,100,100,100,100,100,100,100,100,100,100,100,100,100,100,100,100,100,100,100,100,100,100,100,100,100,100,100,100,100,100,100,100,100,100,100,100,100,100,100,100,100
