Seed 1/10
Train loss: 4.334,4.0864,3.9087,3.7614,3.6303,3.5095,3.4007,3.2968,3.2023,3.1079,3.0185,2.934,2.8567,2.7805,2.7152,2.6526,2.5969,2.5445,2.4954,2.449,2.4057,2.3681,2.3349,2.2997,2.2676,2.2361,2.2047,2.1762,2.1511,2.1211,2.1031,2.0754,2.0497,2.0278,2.0096,1.9855,1.97,1.9479,1.9285,1.9237,1.9108,1.8857,1.8717,1.8582,1.8456,1.838,1.821,1.8001,1.7915,1.7823
Test loss: 4.3394,4.107,3.9381,3.8064,3.6904,3.5809,3.4837,3.3913,3.3072,3.2243,3.1475,3.0767,3.0139,2.9525,2.9057,2.8542,2.812,2.7657,2.7238,2.6846,2.6625,2.637,2.6125,2.5975,2.5802,2.5624,2.5309,2.5134,2.4931,2.4745,2.4675,2.4532,2.4297,2.419,2.4047,2.3962,2.3865,2.3697,2.3658,2.3575,2.3575,2.345,2.3424,2.3294,2.3474,2.3363,2.3321,2.3202,2.3152,2.3258
Train accuracy: 4.1,5.2,8.2,10.4,11.3,14.4,16.4,18.2,19.9,21.2,22.6,24.3,25.9,28.4,29.4,30.7,31.4,32.3,33.0,34.5,35.1,36.2,37.1,38.2,38.0,38.8,39.6,40.5,40.5,42.1,42.7,42.8,43.5,44.4,44.5,45.1,45.5,46.2,47.2,46.0,47.2,47.8,48.4,48.3,49.0,49.1,49.6,51.0,50.7,50.6
Test accuracy: 4.2,6.4,9.7,11.0,11.3,13.5,15.9,16.6,19.0,20.2,21.3,22.0,23.9,25.3,24.8,27.1,27.0,28.4,30.1,31.3,31.2,31.0,32.4,32.5,32.9,33.1,34.7,34.9,34.9,35.0,35.7,35.8,37.4,36.4,36.9,37.5,37.1,38.9,38.7,38.2,39.4,39.4,39.9,39.6,39.5,39.8,40.6,39.6,39.8,39.7
Rank: 82,90,95,96,99,100,100,100,100,100,100,100,100,100,100,100,100,100,100,100,100,100,100,100,100,100,100,100,100,100,100,100,100,100,100,100,100,100,100,100,100,100,100,100,100,100,100,100,100,100
Seed 2/10
Train loss: 4.3303,4.0925,3.9086,3.7518,3.6144,3.4912,3.3761,3.2667,3.1669,3.0705,2.9768,2.8942,2.8061,2.7323,2.6632,2.5964,2.537,2.479,2.4275,2.3821,2.3446,2.3052,2.263,2.2272,2.1938,2.1614,2.1325,2.1088,2.0818,2.0577,2.0285,2.0062,1.9841,1.9627,1.9513,1.9239,1.9065,1.8874,1.8718,1.8621,1.8399,1.825,1.8112,1.7982,1.785,1.7755,1.7656,1.7521,1.7402,1.7259
Test loss: 4.346,4.1153,3.9432,3.7989,3.6709,3.5605,3.4585,3.3623,3.2749,3.1941,3.1181,3.0513,2.9846,2.9295,2.8742,2.8152,2.7745,2.7223,2.6952,2.6587,2.6355,2.6142,2.586,2.5694,2.5476,2.5232,2.5109,2.5021,2.4842,2.4756,2.4591,2.4475,2.4423,2.4323,2.4355,2.417,2.4089,2.3979,2.3931,2.3911,2.379,2.3739,2.3711,2.3719,2.3648,2.3662,2.3761,2.3671,2.3644,2.3621
Train accuracy: 6.0,8.1,9.9,12.3,14.2,15.2,16.2,18.0,18.8,20.8,22.2,24.2,25.8,27.4,28.7,31.4,32.7,34.3,35.4,36.3,37.5,38.5,38.6,39.8,40.8,41.6,41.9,42.6,42.9,43.5,44.0,43.7,44.3,44.6,45.3,45.8,46.2,46.7,47.0,46.9,47.6,48.1,48.6,48.5,49.6,49.4,49.6,50.3,50.4,50.7
Test accuracy: 5.6,8.7,10.3,11.8,13.5,14.5,16.2,17.7,19.4,20.6,21.1,22.3,23.1,24.9,26.8,28.2,28.7,31.1,31.7,32.0,34.2,33.4,33.9,35.9,35.8,36.1,35.8,35.1,35.6,35.9,35.7,35.7,36.0,36.5,35.4,36.6,37.2,37.2,38.7,37.8,38.4,37.5,38.8,38.8,38.9,38.3,38.4,39.4,38.9,39.5
Rank: 91,93,96,98,100,100,100,100,100,100,100,100,100,100,100,100,100,100,100,100,100,100,100,100,100,100,100,100,100,100,100,100,100,100,100,100,100,100,100,100,100,100,100,100,100,100,100,100,100,100
Seed 3/10
Train loss: 4.3589,4.1435,3.9795,3.8473,3.7231,3.6057,3.4948,3.3954,3.303,3.2126,3.1251,3.0402,2.9591,2.8825,2.8097,2.7494,2.6842,2.6298,2.5799,2.5284,2.4945,2.4508,2.4161,2.3817,2.35,2.3205,2.2878,2.2674,2.2365,2.2118,2.1869,2.1653,2.1431,2.1239,2.1067,2.0821,2.0654,2.046,2.028,2.0127,1.9958,1.975,1.9663,1.9511,1.9366,1.9291,1.9079,1.8949,1.8813,1.8714
Test loss: 4.3574,4.1539,4.0014,3.8819,3.773,3.669,3.5673,3.4803,3.4016,3.3243,3.2559,3.1876,3.1205,3.0592,2.9996,2.9512,2.8936,2.8568,2.8217,2.7849,2.7625,2.7368,2.7203,2.6927,2.6762,2.6555,2.6378,2.6312,2.6107,2.5937,2.5819,2.5729,2.5602,2.5557,2.5459,2.5368,2.5153,2.5065,2.5035,2.4979,2.4925,2.4812,2.4844,2.4856,2.4791,2.4817,2.4693,2.466,2.455,2.4586
Train accuracy: 5.8,6.8,8.4,9.5,11.5,13.6,15.3,17.1,18.0,20.3,22.5,24.3,25.5,27.2,27.9,29.2,29.5,31.5,31.9,33.4,34.4,35.0,36.1,37.0,37.7,38.2,39.2,39.3,40.1,40.7,41.5,41.6,42.2,43.3,43.1,44.1,44.7,44.7,45.2,45.4,45.6,45.8,45.9,46.4,47.0,47.0,47.5,48.0,47.6,48.0
Test accuracy: 5.6,6.7,8.7,9.5,11.8,13.6,15.6,17.1,17.7,20.0,22.0,23.1,24.9,27.2,27.7,28.2,27.5,29.7,30.0,30.9,31.5,32.7,33.6,33.3,34.3,35.0,34.8,35.3,35.9,37.1,38.2,36.4,36.8,38.0,37.3,38.1,37.0,37.3,36.4,37.1,37.1,37.4,36.9,38.1,37.1,37.4,36.9,37.8,39.1,37.6
Rank: 94,96,97,99,99,100,100,100,100,100,100,100,100,100,100,100,100,100,100,100,100,100,100,100,100,100,100,100,100,100,100,100,100,100,100,100,100,100,100,100,100,100,100,100,100,100,100,100,100,100
Seed 4/10
Train loss: 4.221,3.9845,3.8094,3.6559,3.515,3.3847,3.2676,3.1565,3.0531,2.9563,2.8678,2.7888,2.7154,2.6513,2.5792,2.5222,2.4669,2.4251,2.3757,2.3296,2.2877,2.2486,2.2111,2.1786,2.1448,2.1108,2.084,2.0518,2.0236,2.0038,1.9754,1.9539,1.931,1.9096,1.8881,1.8666,1.8471,1.8248,1.8099,1.7964,1.7766,1.7617,1.7452,1.7339,1.7176,1.7036,1.6895,1.6751,1.6622,1.6479
Test loss: 4.2298,3.9961,3.8273,3.6826,3.552,3.4302,3.3255,3.2218,3.1283,3.0408,2.9599,2.8931,2.8316,2.7777,2.7206,2.6703,2.6344,2.5992,2.5695,2.5367,2.5065,2.484,2.4576,2.4356,2.4161,2.3935,2.377,2.3523,2.3359,2.3248,2.3071,2.3077,2.2894,2.2782,2.2641,2.2566,2.2456,2.2301,2.2269,2.2282,2.2046,2.2001,2.1908,2.2009,2.1891,2.1825,2.1771,2.1738,2.1777,2.16
Train accuracy: 4.7,7.6,9.5,12.2,15.3,18.5,19.5,20.7,22.7,24.1,25.5,28.0,28.8,29.9,30.9,32.7,33.5,34.3,35.4,36.9,37.8,38.2,39.0,39.7,40.7,42.1,42.9,43.7,44.1,45.2,45.3,45.6,46.5,47.2,47.2,47.9,49.2,49.9,50.0,50.1,50.6,51.3,51.2,51.8,51.2,52.0,52.4,52.7,53.6,53.8
Test accuracy: 4.4,7.3,9.8,12.5,14.8,16.9,19.1,19.7,19.8,22.0,23.2,24.9,26.1,27.3,28.4,29.3,30.3,31.3,31.1,32.6,32.8,32.9,33.9,33.2,34.3,34.1,33.5,36.2,35.3,36.8,37.6,38.0,37.9,37.8,38.5,38.4,39.5,39.7,40.3,39.7,40.0,40.6,41.0,41.4,41.2,40.9,42.0,41.5,40.4,42.5
Rank: 94,96,97,98,99,100,100,100,100,100,100,100,100,100,100,100,100,100,100,100,100,100,100,100,100,100,100,100,100,100,100,100,100,100,100,100,100,100,100,100,100,100,100,100,100,100,100,100,100,100
Seed 5/10
Train loss: 4.2726,4.0232,3.8337,3.6764,3.5392,3.4164,3.3004,3.1939,3.0958,3.0027,2.9187,2.8359,2.7636,2.6937,2.6326,2.572,2.5096,2.4579,2.4108,2.3609,2.3173,2.2724,2.2346,2.1976,2.1591,2.128,2.0965,2.0654,2.0386,2.019,1.9893,1.9669,1.9403,1.9246,1.9003,1.8975,1.8674,1.8483,1.8373,1.8183,1.8007,1.7859,1.7727,1.7548,1.7439,1.7337,1.7169,1.7056,1.6996,1.684
Test loss: 4.2821,4.049,3.8802,3.7345,3.61,3.5003,3.3961,3.3068,3.22,3.1369,3.0637,2.9875,2.926,2.8636,2.8165,2.7723,2.7148,2.6798,2.6425,2.5982,2.5654,2.5402,2.5017,2.4751,2.4493,2.4329,2.4092,2.3892,2.3764,2.3711,2.3486,2.3415,2.3233,2.3235,2.301,2.3135,2.2861,2.2802,2.2926,2.2804,2.2651,2.2596,2.2615,2.2496,2.2463,2.2483,2.246,2.2423,2.2414,2.2217
Train accuracy: 5.8,8.4,9.6,13.1,15.7,17.4,18.9,20.5,22.9,24.5,25.1,26.6,28.3,29.5,30.4,31.3,32.8,34.2,35.1,36.3,37.5,39.2,40.3,40.6,42.3,43.4,44.2,44.5,45.1,45.4,46.0,46.4,46.8,47.5,48.2,47.9,49.3,49.7,49.4,49.6,51.1,50.6,51.4,51.4,51.7,51.9,52.2,52.7,52.5,53.1
Test accuracy: 5.6,7.3,9.4,13.4,15.1,17.0,18.1,20.1,21.1,23.5,24.0,25.6,25.5,27.7,28.8,30.2,30.0,31.7,31.7,33.7,33.5,34.2,35.6,36.3,37.3,37.1,38.5,39.7,39.9,40.6,39.7,40.9,41.1,40.5,40.9,42.1,41.6,42.9,42.0,41.8,42.1,43.0,42.4,43.0,43.0,42.2,42.1,43.1,42.0,43.1
Rank: 92,96,97,100,100,100,100,100,100,100,100,100,100,100,100,100,100,100,100,100,100,100,100,100,100,100,100,100,100,100,100,100,100,100,100,100,100,100,100,100,100,100,100,100,100,100,100,100,100,100
Seed 6/10
Train loss: 4.2939,4.0549,3.8805,3.729,3.5952,3.4647,3.344,3.2294,3.1272,3.0206,2.9269,2.8293,2.7456,2.6718,2.6007,2.5379,2.4857,2.438,2.3835,2.3372,2.2991,2.2601,2.2302,2.1917,2.1629,2.1286,2.0978,2.0705,2.0471,2.0217,1.994,1.9697,1.949,1.928,1.907,1.8933,1.8704,1.8594,1.8376,1.8195,1.8096,1.7978,1.7846,1.7672,1.7598,1.7432,1.7264,1.714,1.7024,1.6932
Test loss: 4.3046,4.0802,3.9189,3.7769,3.6565,3.5387,3.4312,3.3265,3.2361,3.1454,3.0622,2.9806,2.9142,2.8503,2.7927,2.7498,2.7087,2.6818,2.642,2.6102,2.5825,2.5516,2.529,2.5079,2.4843,2.4558,2.4284,2.4108,2.3984,2.3797,2.3606,2.3518,2.3263,2.3119,2.2932,2.2842,2.2808,2.2681,2.2489,2.2362,2.2361,2.2268,2.2225,2.2126,2.2145,2.1949,2.1882,2.1794,2.1735,2.1718
Train accuracy: 4.2,7.3,9.2,10.8,11.7,13.5,15.6,18.5,20.5,23.1,25.5,27.1,29.0,30.9,32.5,34.5,35.3,35.9,37.1,38.0,38.5,39.1,40.8,40.9,41.4,43.2,43.6,43.7,44.8,45.2,46.0,46.5,47.0,46.8,47.9,48.2,49.0,49.0,50.0,50.2,50.0,50.4,50.6,51.0,50.8,52.1,52.2,52.4,52.4,52.5
Test accuracy: 4.6,7.7,10.3,11.6,11.9,13.7,15.8,18.2,21.1,22.4,25.0,27.5,27.8,28.6,29.8,31.0,32.6,32.7,33.8,33.5,33.0,34.4,35.4,34.7,34.9,36.2,36.4,36.5,36.9,37.7,37.5,39.0,40.1,38.9,39.8,38.8,40.2,40.6,41.0,40.8,42.0,41.0,42.3,41.4,42.3,42.9,43.5,43.5,42.4,43.1
Rank: 88,94,97,98,100,100,100,100,100,100,100,100,100,100,100,100,100,100,100,100,100,100,100,100,100,100,100,100,100,100,100,100,100,100,100,100,100,100,100,100,100,100,100,100,100,100,100,100,100,100
Seed 7/10
Train loss: 4.2458,4.0195,3.8506,3.7001,3.5641,3.438,3.3256,3.2199,3.1185,3.025,2.9334,2.8476,2.7665,2.6906,2.6149,2.5481,2.4776,2.4157,2.3586,2.3066,2.2631,2.2171,2.1786,2.1356,2.1031,2.064,2.0305,2.0042,1.9731,1.9502,1.9222,1.8961,1.875,1.8513,1.8316,1.8203,1.7995,1.7766,1.7602,1.7475,1.7325,1.7175,1.7013,1.6945,1.6757,1.6664,1.6565,1.6469,1.6301,1.6263
Test loss: 4.2618,4.0509,3.8982,3.7605,3.6385,3.5242,3.4239,3.3291,3.2451,3.1587,3.0764,3.001,2.9365,2.8736,2.808,2.7553,2.6981,2.6544,2.6094,2.5721,2.535,2.5041,2.4802,2.4512,2.4189,2.4118,2.3944,2.3781,2.366,2.3558,2.3373,2.3289,2.3194,2.3052,2.3066,2.2862,2.287,2.2766,2.2591,2.2568,2.2532,2.2478,2.2454,2.2438,2.2342,2.2403,2.2339,2.239,2.2275,2.2218
Train accuracy: 3.4,7.2,8.5,10.3,12.4,15.1,16.8,19.6,21.0,22.2,22.9,25.0,26.8,28.7,30.2,31.8,33.2,35.3,36.7,37.8,38.5,40.1,41.2,42.0,41.9,43.8,44.8,45.0,45.4,46.3,46.5,47.1,47.3,47.8,48.3,48.8,48.6,49.6,49.8,49.5,49.9,51.4,50.8,51.2,51.9,52.4,52.9,53.0,53.3,52.9
Test accuracy: 3.4,6.9,8.0,9.0,10.6,14.5,15.3,17.4,18.8,19.5,20.7,22.5,25.2,26.0,26.6,27.3,28.4,31.0,31.2,32.5,34.0,33.9,35.0,35.7,36.5,37.0,37.1,37.2,37.9,39.2,40.3,40.1,40.0,40.3,40.8,42.1,40.2,40.7,40.4,40.6,41.1,40.8,40.9,40.7,42.4,42.3,43.0,42.0,42.0,41.4
Rank: 95,96,97,98,98,99,100,100,100,100,100,100,100,100,100,100,100,100,100,100,100,100,100,100,100,100,100,100,100,100,100,100,100,100,100,100,100,100,100,100,100,100,100,100,100,100,100,100,100,100
Seed 8/10
Train loss: 4.291,4.0463,3.8616,3.708,3.5737,3.4521,3.338,3.2312,3.1287,3.0368,2.9562,2.8756,2.8042,2.7366,2.673,2.6162,2.5649,2.5137,2.4648,2.4219,2.3739,2.3321,2.2953,2.2559,2.2184,2.1816,2.1468,2.1183,2.0957,2.059,2.0321,2.0052,1.9807,1.958,1.9369,1.9146,1.8958,1.8774,1.8629,1.8419,1.8243,1.8116,1.7902,1.7781,1.7613,1.7474,1.7409,1.7234,1.7094,1.6991
Test loss: 4.3163,4.091,3.9202,3.7795,3.6606,3.5511,3.4476,3.3492,3.257,3.1791,3.1055,3.0371,2.9806,2.9255,2.8756,2.8215,2.7849,2.7413,2.7007,2.6658,2.6328,2.597,2.5632,2.547,2.5176,2.4918,2.4682,2.4468,2.4422,2.4159,2.4042,2.3853,2.3726,2.3512,2.339,2.326,2.3137,2.3085,2.303,2.2964,2.2813,2.2774,2.2626,2.2787,2.2755,2.2667,2.2682,2.2619,2.2448,2.2427
Train accuracy: 5.8,8.1,9.7,11.0,14.1,16.2,17.9,20.3,22.1,23.4,24.9,26.3,28.5,29.3,30.6,32.1,33.3,34.1,35.5,36.9,37.3,38.1,40.0,40.3,40.6,41.9,43.1,44.3,44.7,45.0,46.0,46.9,46.9,48.1,48.3,48.4,49.3,49.2,50.4,50.2,50.6,51.1,51.7,51.9,52.5,53.1,53.2,53.3,53.5,54.1
Test accuracy: 5.1,8.1,9.2,10.9,12.4,14.7,17.5,19.9,20.8,21.9,24.0,25.3,24.6,25.5,28.2,28.4,29.7,30.3,31.6,33.6,33.8,34.6,36.1,36.7,36.4,37.4,38.7,39.8,40.8,41.1,40.6,41.2,42.1,41.4,41.5,41.1,41.8,42.3,42.2,42.0,42.6,42.2,43.9,42.3,42.4,43.5,43.3,43.5,42.8,43.4
Rank: 92,95,98,98,99,99,100,100,100,100,100,100,100,100,100,100,100,100,100,100,100,100,100,100,100,100,100,100,100,100,100,100,100,100,100,100,100,100,100,100,100,100,100,100,100,100,100,100,100,100
Seed 9/10
Train loss: 4.3947,4.1654,3.9967,3.8552,3.7295,3.6142,3.5041,3.4014,3.2979,3.2021,3.1033,3.0083,2.9207,2.8323,2.7605,2.6842,2.619,2.5501,2.4884,2.4314,2.3766,2.3389,2.2788,2.2291,2.1875,2.1496,2.1118,2.0794,2.0495,2.0266,1.9976,1.9701,1.9441,1.9263,1.9049,1.8816,1.8679,1.8491,1.8367,1.8169,1.8002,1.7861,1.7666,1.756,1.7384,1.7271,1.7226,1.7064,1.6943,1.6885
Test loss: 4.4138,4.2074,4.0513,3.9228,3.808,3.7042,3.6076,3.5172,3.4288,3.3503,3.2631,3.1802,3.1071,3.0267,2.9709,2.9049,2.8493,2.796,2.747,2.7022,2.6541,2.623,2.5785,2.5442,2.5123,2.4851,2.4619,2.4353,2.4131,2.3949,2.383,2.3687,2.3495,2.3446,2.3296,2.3178,2.3153,2.3076,2.2984,2.3076,2.2988,2.2813,2.2734,2.278,2.2686,2.2704,2.2729,2.2599,2.2643,2.25
Train accuracy: 5.0,6.9,9.3,11.1,13.4,15.6,16.1,17.5,18.3,19.1,20.3,22.3,24.0,25.4,27.4,28.0,29.2,30.6,32.0,32.9,33.8,34.9,35.9,36.5,38.0,38.9,40.6,40.6,41.7,42.6,43.8,43.9,44.6,45.4,46.0,47.0,46.6,47.3,47.6,48.2,48.6,49.0,49.6,49.9,50.9,51.0,51.4,51.9,52.4,52.3
Test accuracy: 4.4,6.5,8.6,10.4,12.0,14.6,15.4,15.3,15.7,17.4,18.2,19.9,20.6,22.4,23.5,23.5,24.3,25.9,26.7,28.1,28.2,29.3,30.1,31.6,32.9,32.8,33.6,35.8,35.3,35.8,36.6,36.6,38.0,37.5,38.9,39.3,38.1,39.1,39.7,39.5,40.0,40.2,40.1,39.7,41.4,41.7,40.9,41.9,42.0,43.1
Rank: 92,95,96,98,99,100,100,100,100,100,100,100,100,100,100,100,100,100,100,100,100,100,100,100,100,100,100,100,100,100,100,100,100,100,100,100,100,100,100,100,100,100,100,100,100,100,100,100,100,100
Seed 10/10
Train loss: 4.2474,4.0203,3.8446,3.6877,3.5447,3.4211,3.3077,3.2005,3.0963,2.9984,2.9088,2.8242,2.7416,2.6679,2.601,2.5334,2.4753,2.4173,2.3647,2.3133,2.2665,2.2266,2.1842,2.1483,2.1205,2.0878,2.0554,2.0256,2.0033,1.9765,1.9554,1.9365,1.9137,1.8919,1.869,1.8554,1.8318,1.8169,1.8019,1.7905,1.774,1.7572,1.7421,1.7303,1.7187,1.7041,1.6967,1.6839,1.6685,1.6601
Test loss: 4.2572,4.0486,3.8823,3.7426,3.6143,3.4997,3.3994,3.3069,3.2067,3.1164,3.0373,2.968,2.898,2.838,2.777,2.7213,2.6781,2.6324,2.5934,2.5506,2.5118,2.4818,2.4525,2.4311,2.4106,2.3929,2.3687,2.3484,2.3349,2.3118,2.2972,2.2855,2.2757,2.2582,2.2477,2.2441,2.2305,2.2222,2.2137,2.2178,2.2056,2.1985,2.1976,2.1927,2.1868,2.1773,2.1697,2.1614,2.1576,2.1574
Train accuracy: 3.4,5.0,8.9,11.5,14.1,16.8,18.4,19.9,21.1,22.9,25.2,26.9,28.7,29.7,31.0,33.4,33.9,34.9,36.3,37.6,38.6,40.2,41.0,43.0,42.7,44.0,45.3,45.5,45.8,46.3,46.8,47.3,48.1,48.7,49.1,49.2,50.0,50.4,50.1,50.4,50.7,51.3,51.7,51.8,52.4,52.7,52.7,52.6,53.8,53.0
Test accuracy: 3.9,5.9,8.4,11.0,14.0,15.4,16.7,17.6,18.4,20.5,22.2,23.3,24.9,26.1,26.9,28.7,29.0,31.0,32.0,32.9,33.3,34.4,35.1,35.2,36.5,36.5,36.6,37.4,37.9,37.3,37.9,37.2,38.0,39.7,38.7,39.8,40.3,41.0,38.8,40.8,41.2,40.7,40.8,40.4,40.9,41.9,41.4,42.1,41.6,41.2
Rank: 94,97,97,98,99,100,100,100,100,100,100,100,100,100,100,100,100,100,100,100,100,100,100,100,100,100,100,100,100,100,100,100,100,100,100,100,100,100,100,100,100,100,100,100,100,100,100,100,100,100
