Seed 1/10
Train loss: 3.5975,2.5765,1.7621,1.2886,1.0334,0.8792,0.7675,0.6835,0.6197,0.5642,0.5177,0.477,0.4415,0.4109,0.3833,0.3553,0.3329,0.3113,0.2906,0.2748,0.2582,0.2435,0.2268,0.2125,0.201,0.1894,0.1782,0.1678,0.1583,0.149,0.1412,0.133,0.1252,0.1193,0.1126,0.1065,0.1,0.0942,0.0894,0.085,0.0807,0.0762,0.0725,0.0692,0.0655,0.0622,0.0589,0.0567,0.0535,0.0508
Test loss: 3.6189,2.6233,1.8319,1.389,1.1641,1.0392,0.9578,0.9009,0.8653,0.8385,0.8161,0.7993,0.7904,0.7747,0.7757,0.769,0.7591,0.7582,0.7509,0.7594,0.7571,0.7623,0.7567,0.758,0.7523,0.7639,0.7647,0.7706,0.7741,0.7732,0.7876,0.7836,0.7889,0.7918,0.799,0.7949,0.8029,0.8078,0.8102,0.8204,0.8228,0.8294,0.8365,0.8398,0.8454,0.8513,0.8536,0.8638,0.8662,0.8687
Train accuracy: 25.4,50.4,68.2,76.2,79.6,82.0,84.5,86.1,87.2,87.9,88.9,89.9,90.8,91.4,92.1,93.0,93.6,94.0,94.7,95.2,95.6,95.8,96.4,97.0,97.1,97.3,97.6,97.9,98.2,98.3,98.5,98.7,98.8,99.0,99.0,99.1,99.3,99.4,99.6,99.6,99.7,99.7,99.8,99.8,99.8,99.8,99.9,99.9,99.9,99.9
Test accuracy: 25.4,47.9,65.8,72.5,76.1,78.0,78.3,79.6,79.7,80.0,80.3,81.0,80.5,80.9,80.5,80.2,81.4,81.0,81.4,80.7,81.5,81.2,81.8,81.8,81.8,81.8,81.7,81.7,81.4,81.2,81.2,81.9,81.3,81.3,81.8,81.4,81.6,81.9,82.0,81.5,81.7,81.6,81.0,82.1,81.3,81.6,81.2,81.1,81.3,81.3
Rank: 100,100,100,100,100,100,100,100,100,100,100,100,100,100,100,100,100,100,100,100,100,100,100,100,100,100,100,100,100,100,100,100,100,100,100,100,100,100,100,100,100,100,100,100,100,100,100,100,100,100
Seed 2/10
Train loss: 3.5623,2.5844,1.8069,1.3268,1.0634,0.9027,0.79,0.7037,0.6372,0.58,0.5344,0.4916,0.456,0.4246,0.3935,0.3698,0.3434,0.3215,0.3021,0.2824,0.2655,0.2491,0.2336,0.2211,0.2073,0.1959,0.1845,0.1741,0.1657,0.1548,0.1471,0.1389,0.1301,0.1243,0.1173,0.1104,0.1071,0.1004,0.095,0.0898,0.085,0.0817,0.0765,0.0726,0.0691,0.0662,0.0636,0.0599,0.0572,0.0552
Test loss: 3.5999,2.6536,1.9071,1.4495,1.2133,1.0736,0.9808,0.9123,0.8761,0.8334,0.8081,0.7836,0.7705,0.755,0.7385,0.7352,0.7249,0.7181,0.7167,0.7095,0.7096,0.7101,0.7076,0.7067,0.7112,0.7143,0.711,0.7117,0.7181,0.7165,0.7222,0.7236,0.7274,0.7344,0.7347,0.7376,0.7457,0.7449,0.7547,0.7559,0.755,0.7667,0.7666,0.7703,0.7772,0.7789,0.785,0.7871,0.7953,0.8034
Train accuracy: 24.0,48.6,67.5,75.9,80.0,82.2,84.1,85.4,86.7,87.9,88.9,89.9,90.6,91.5,92.2,92.7,93.5,94.1,94.5,95.3,95.7,95.9,96.4,96.8,96.9,97.4,97.6,98.0,98.0,98.3,98.6,98.6,98.9,99.1,99.2,99.3,99.2,99.4,99.5,99.6,99.7,99.7,99.8,99.8,99.8,99.8,99.8,99.8,99.9,99.9
Test accuracy: 23.9,47.9,64.2,73.3,75.6,78.4,79.0,79.7,80.7,80.8,81.3,81.7,82.5,81.9,82.4,82.9,82.6,82.4,82.7,82.7,82.5,82.7,82.6,82.8,82.5,82.2,83.1,82.6,82.8,82.2,82.5,82.8,82.7,82.3,82.6,82.7,82.5,82.8,82.4,82.4,82.6,82.5,82.4,82.7,82.4,82.3,82.6,82.8,82.2,82.2
Rank: 100,100,100,100,100,100,100,100,100,100,100,100,100,100,100,100,100,100,100,100,100,100,100,100,100,100,100,100,100,100,100,100,100,100,100,100,100,100,100,100,100,100,100,100,100,100,100,100,100,100
Seed 3/10
Train loss: 3.4821,2.4713,1.7061,1.274,1.0295,0.8808,0.7755,0.6939,0.6271,0.575,0.5281,0.4894,0.4558,0.4263,0.3972,0.3694,0.3456,0.3261,0.3058,0.2859,0.2685,0.2527,0.238,0.2244,0.2111,0.1979,0.1878,0.1765,0.1661,0.1569,0.1486,0.1398,0.1328,0.1249,0.1186,0.1126,0.1065,0.1003,0.0953,0.0906,0.0856,0.0809,0.0777,0.073,0.0701,0.0659,0.0637,0.06,0.0573,0.0548
Test loss: 3.5198,2.5463,1.8117,1.4032,1.1889,1.0681,0.9885,0.9303,0.8888,0.8611,0.8367,0.819,0.8069,0.7954,0.7863,0.7768,0.7756,0.775,0.7744,0.7714,0.7696,0.7719,0.7721,0.773,0.7741,0.7795,0.7861,0.7876,0.7871,0.7951,0.7918,0.7985,0.8059,0.8101,0.8108,0.8162,0.8183,0.8247,0.8344,0.8386,0.8407,0.8414,0.8509,0.8549,0.8586,0.8649,0.8778,0.8749,0.8821,0.8875
Train accuracy: 27.3,54.6,70.7,77.2,80.8,82.9,84.1,85.8,87.1,88.0,89.5,89.7,90.9,91.1,91.9,92.8,93.4,93.6,94.4,94.8,95.4,95.6,96.0,96.6,96.8,97.3,97.5,97.8,98.1,98.3,98.6,98.7,98.8,99.1,99.1,99.3,99.4,99.5,99.6,99.6,99.7,99.8,99.8,99.8,99.7,99.8,99.7,99.9,99.9,99.9
Test accuracy: 25.7,52.5,67.4,73.0,75.7,76.0,77.2,77.3,78.2,78.8,80.0,79.6,80.0,80.2,80.4,80.8,80.8,80.5,80.0,80.4,80.9,80.4,80.6,80.9,79.8,80.9,80.0,80.2,80.2,80.1,79.9,80.2,79.8,80.5,80.4,80.1,80.3,79.8,80.2,80.3,80.2,80.3,79.7,80.3,79.8,80.0,79.0,80.2,80.1,80.2
Rank: 100,100,100,100,100,100,100,100,100,100,100,100,100,100,100,100,100,100,100,100,100,100,100,100,100,100,100,100,100,100,100,100,100,100,100,100,100,100,100,100,100,100,100,100,100,100,100,100,100,100
Seed 4/10
Train loss: 3.5922,2.6096,1.8127,1.3183,1.0505,0.8859,0.7769,0.6939,0.6283,0.572,0.5269,0.4849,0.4495,0.4168,0.3894,0.3622,0.3396,0.3179,0.2996,0.279,0.2635,0.2474,0.2309,0.2171,0.2063,0.193,0.1823,0.1715,0.1624,0.1527,0.1453,0.1377,0.13,0.1217,0.1164,0.1103,0.1044,0.099,0.0933,0.0893,0.0837,0.0797,0.076,0.0723,0.0686,0.0656,0.0625,0.0593,0.0566,0.0541
Test loss: 3.6287,2.6818,1.9118,1.4455,1.2076,1.0685,0.9876,0.9282,0.8916,0.8536,0.836,0.8124,0.803,0.7863,0.7809,0.7752,0.7687,0.7724,0.7657,0.7622,0.7652,0.7618,0.7641,0.7655,0.7707,0.7669,0.771,0.7729,0.7805,0.778,0.7803,0.7849,0.7915,0.7951,0.7951,0.8021,0.8021,0.8088,0.8136,0.8198,0.8189,0.8268,0.8329,0.8331,0.8374,0.8417,0.8479,0.8536,0.8609,0.8619
Train accuracy: 21.5,50.3,68.3,76.1,80.3,82.4,84.0,85.2,86.7,88.1,88.6,89.6,90.5,91.2,92.1,92.9,93.4,93.7,94.3,95.3,95.5,95.8,96.4,96.9,97.2,97.6,97.6,97.9,98.2,98.3,98.4,98.7,98.8,99.0,99.0,99.2,99.3,99.5,99.5,99.6,99.6,99.6,99.7,99.7,99.7,99.8,99.8,99.8,99.9,99.9
Test accuracy: 20.7,47.5,64.3,72.0,75.1,77.3,77.4,78.9,79.1,79.7,79.1,79.7,79.6,80.1,80.0,80.0,80.7,79.4,80.6,80.1,80.1,79.9,80.2,79.8,79.7,80.0,79.9,79.6,79.4,79.1,79.4,79.7,79.8,79.6,79.9,79.5,79.5,79.6,79.7,79.7,79.5,79.8,79.5,79.3,79.7,79.3,79.8,79.3,79.3,79.4
Rank: 100,100,100,100,100,100,100,100,100,100,100,100,100,100,100,100,100,100,100,100,100,100,100,100,100,100,100,100,100,100,100,100,100,100,100,100,100,100,100,100,100,100,100,100,100,100,100,100,100,100
Seed 5/10
Train loss: 3.522,2.5586,1.8177,1.3368,1.0591,0.892,0.7803,0.6933,0.6265,0.5713,0.5236,0.4813,0.4455,0.4143,0.3845,0.3601,0.3351,0.3121,0.2926,0.2743,0.2595,0.2427,0.2293,0.2138,0.2016,0.1901,0.1791,0.1694,0.1594,0.1512,0.1415,0.1349,0.1271,0.1204,0.114,0.1074,0.1014,0.0964,0.0919,0.087,0.0822,0.0777,0.0737,0.0701,0.0669,0.0636,0.0603,0.0584,0.0549,0.0532
Test loss: 3.555,2.6277,1.9217,1.467,1.2142,1.0823,0.9934,0.933,0.8885,0.8565,0.8313,0.8089,0.7929,0.7874,0.7734,0.7655,0.7566,0.7529,0.7522,0.7464,0.7496,0.7532,0.7496,0.7509,0.7437,0.7535,0.7487,0.758,0.7559,0.7603,0.7597,0.7655,0.7704,0.7771,0.7817,0.7812,0.7854,0.7855,0.7941,0.7985,0.8017,0.8026,0.8065,0.8138,0.8187,0.8208,0.8245,0.8329,0.8365,0.8389
Train accuracy: 24.0,49.8,67.7,75.5,80.3,82.7,84.4,86.2,87.0,88.1,89.0,89.9,90.9,91.5,92.7,93.0,93.8,94.3,94.9,95.2,95.5,95.9,96.2,96.8,97.3,97.5,97.9,98.1,98.3,98.7,98.8,99.0,98.9,99.1,99.2,99.3,99.4,99.5,99.5,99.7,99.7,99.7,99.8,99.8,99.9,99.9,99.9,99.9,99.9,99.9
Test accuracy: 22.9,47.5,63.2,70.4,74.1,76.4,77.7,77.9,80.0,79.9,79.8,80.5,81.1,80.4,81.0,80.8,80.1,82.1,81.4,81.3,81.1,81.0,81.7,81.2,82.0,81.8,82.1,81.5,82.2,81.7,82.0,82.0,82.1,82.0,82.0,82.2,82.2,82.4,82.0,82.1,82.7,82.3,82.4,82.6,81.8,82.5,82.2,82.4,82.4,82.1
Rank: 100,100,100,100,100,100,100,100,100,100,100,100,100,100,100,100,100,100,100,100,100,100,100,100,100,100,100,100,100,100,100,100,100,100,100,100,100,100,100,100,100,100,100,100,100,100,100,100,100,100
Seed 6/10
Train loss: 3.4689,2.4519,1.6862,1.2629,1.0248,0.8712,0.7634,0.6857,0.6185,0.5647,0.519,0.4807,0.4443,0.4111,0.3848,0.3591,0.3341,0.3133,0.2938,0.276,0.2592,0.2442,0.2303,0.2165,0.2041,0.1922,0.1819,0.1704,0.1616,0.1519,0.1441,0.1369,0.1281,0.1228,0.1145,0.1083,0.103,0.0975,0.0931,0.0884,0.0831,0.0786,0.0752,0.0713,0.0682,0.0646,0.0614,0.0584,0.0559,0.0531
Test loss: 3.4992,2.5087,1.7676,1.374,1.1607,1.0354,0.9515,0.9071,0.8596,0.8283,0.8092,0.7854,0.7727,0.7598,0.7557,0.7422,0.7384,0.7361,0.7297,0.7247,0.7275,0.7274,0.7268,0.7315,0.7243,0.7336,0.7316,0.7353,0.7359,0.7341,0.7416,0.7459,0.7393,0.7504,0.75,0.7508,0.7577,0.758,0.7622,0.7705,0.7739,0.7746,0.782,0.7856,0.7941,0.7913,0.8012,0.8037,0.8124,0.8144
Train accuracy: 25.3,55.7,70.6,77.6,80.6,82.9,84.8,85.9,87.6,88.2,89.2,90.1,90.8,91.4,92.1,92.8,93.2,93.7,94.2,94.7,95.3,95.5,96.1,96.3,96.8,97.2,97.4,98.1,98.0,98.2,98.6,99.0,99.0,99.1,99.1,99.3,99.5,99.5,99.5,99.6,99.7,99.7,99.7,99.8,99.8,99.8,99.9,100.0,99.9,99.9
Test accuracy: 23.8,52.7,67.0,73.8,76.2,77.3,78.7,78.5,79.9,80.1,80.4,80.9,80.4,80.3,80.6,81.7,80.9,81.0,81.4,80.8,81.4,81.0,81.2,81.2,81.4,80.8,81.0,81.0,81.4,80.9,81.0,81.3,80.9,80.9,80.7,81.2,80.3,81.3,81.2,80.8,80.8,81.1,80.4,80.3,80.6,80.6,80.5,80.2,80.1,80.2
Rank: 100,100,100,100,100,100,100,100,100,100,100,100,100,100,100,100,100,100,100,100,100,100,100,100,100,100,100,100,100,100,100,100,100,100,100,100,100,100,100,100,100,100,100,100,100,100,100,100,100,100
Seed 7/10
Train loss: 3.5132,2.5471,1.7927,1.3243,1.0686,0.9079,0.799,0.7133,0.644,0.5877,0.5409,0.4997,0.4615,0.4335,0.4023,0.3778,0.3541,0.3317,0.3098,0.2915,0.2729,0.2579,0.2442,0.2296,0.2162,0.2039,0.1927,0.1804,0.1707,0.1616,0.1527,0.1435,0.1356,0.131,0.1225,0.1159,0.1097,0.1036,0.0985,0.0923,0.0889,0.0833,0.0788,0.0746,0.0713,0.0677,0.0644,0.0628,0.0589,0.056
Test loss: 3.5683,2.6421,1.9223,1.4807,1.2434,1.1073,1.0206,0.9553,0.9069,0.8755,0.8489,0.834,0.8127,0.8063,0.7918,0.791,0.7833,0.7765,0.7713,0.7703,0.7719,0.7677,0.7667,0.7764,0.7747,0.7743,0.7751,0.7732,0.7821,0.7846,0.7894,0.7941,0.7962,0.8051,0.7982,0.8095,0.815,0.8155,0.8239,0.8222,0.8328,0.8386,0.8432,0.8478,0.8533,0.8579,0.8609,0.8696,0.872,0.8764
Train accuracy: 26.8,52.4,69.3,76.6,79.7,82.0,83.5,85.4,86.6,87.8,89.1,89.7,91.0,91.7,92.4,92.9,93.4,93.9,94.5,95.1,95.5,96.0,95.9,96.6,96.8,97.2,97.4,97.7,97.9,98.2,98.3,98.5,98.6,98.7,98.9,99.1,99.3,99.3,99.4,99.5,99.5,99.7,99.7,99.8,99.8,99.9,99.9,99.9,99.9,100.0
Test accuracy: 25.2,48.6,63.9,70.9,74.2,75.5,75.9,76.9,78.0,79.1,78.4,78.7,78.9,78.8,79.4,79.3,79.6,79.7,79.9,80.7,79.9,80.0,80.3,80.9,80.2,80.4,80.6,80.6,81.1,80.7,81.0,80.9,81.3,80.6,81.1,81.3,81.4,80.9,81.2,81.3,81.4,80.7,81.0,81.2,81.0,81.1,81.2,80.7,80.4,80.8
Rank: 100,100,100,100,100,100,100,100,100,100,100,100,100,100,100,100,100,100,100,100,100,100,100,100,100,100,100,100,100,100,100,100,100,100,100,100,100,100,100,100,100,100,100,100,100,100,100,100,100,100
Seed 8/10
Train loss: 3.5276,2.5298,1.7523,1.3075,1.0654,0.9143,0.8007,0.7135,0.6446,0.5891,0.5396,0.5014,0.4624,0.4294,0.4028,0.3754,0.3497,0.3298,0.309,0.2907,0.2735,0.2574,0.2427,0.2297,0.2164,0.2042,0.1932,0.1833,0.1726,0.1631,0.1546,0.1482,0.1398,0.1328,0.126,0.1186,0.1122,0.1059,0.1007,0.0951,0.0902,0.0858,0.0817,0.0784,0.074,0.0708,0.0667,0.0644,0.0605,0.0578
Test loss: 3.5416,2.5714,1.823,1.4112,1.2076,1.0883,1.006,0.9466,0.9085,0.8776,0.8498,0.8371,0.82,0.8098,0.8006,0.7929,0.7892,0.7888,0.7826,0.7793,0.7779,0.776,0.7771,0.777,0.7823,0.7868,0.7944,0.7951,0.7964,0.8014,0.8055,0.8117,0.8148,0.8175,0.8219,0.8301,0.8362,0.8374,0.845,0.8499,0.8574,0.863,0.8664,0.875,0.8784,0.8813,0.887,0.8934,0.8958,0.9033
Train accuracy: 25.1,55.1,68.7,75.6,79.3,81.3,83.1,85.1,86.2,87.6,88.6,89.6,90.8,91.8,92.2,93.1,93.7,94.1,94.6,95.1,95.1,95.9,96.2,96.6,96.9,97.4,97.4,97.5,97.8,97.9,98.2,98.2,98.5,98.8,98.8,99.0,99.2,99.3,99.3,99.5,99.5,99.6,99.6,99.7,99.8,99.8,99.8,99.8,99.9,99.9
Test accuracy: 24.7,53.0,65.9,71.5,74.9,77.2,77.4,78.8,78.7,79.0,78.5,78.8,79.5,79.2,79.4,79.4,79.0,79.1,79.1,79.4,79.8,79.8,79.7,79.6,79.5,79.5,79.0,79.3,78.9,79.6,79.5,79.2,80.0,80.0,79.5,79.3,79.5,79.3,79.9,79.8,79.3,79.7,79.1,79.5,79.3,79.3,79.3,79.5,79.6,79.9
Rank: 100,100,100,100,100,100,100,100,100,100,100,100,100,100,100,100,100,100,100,100,100,100,100,100,100,100,100,100,100,100,100,100,100,100,100,100,100,100,100,100,100,100,100,100,100,100,100,100,100,100
Seed 9/10
Train loss: 3.549,2.538,1.7914,1.3443,1.0857,0.9224,0.8078,0.723,0.6541,0.5976,0.5504,0.5065,0.4707,0.4382,0.4075,0.3801,0.3561,0.3339,0.3147,0.296,0.2782,0.2622,0.2464,0.2328,0.22,0.2078,0.196,0.1853,0.1751,0.1677,0.1569,0.1503,0.1402,0.1323,0.1269,0.1193,0.1127,0.1072,0.1025,0.0967,0.0915,0.0884,0.084,0.0786,0.0747,0.0715,0.068,0.0651,0.0614,0.0582
Test loss: 3.5864,2.6047,1.8765,1.4542,1.2189,1.0829,0.9916,0.9318,0.8924,0.8521,0.8284,0.8086,0.7867,0.7681,0.7567,0.748,0.7406,0.7353,0.7402,0.7295,0.7246,0.727,0.7279,0.7284,0.7292,0.7317,0.7384,0.7398,0.7474,0.7434,0.7477,0.7552,0.757,0.7575,0.7665,0.7681,0.7709,0.7721,0.7813,0.7839,0.7893,0.7988,0.8058,0.8061,0.8064,0.8202,0.821,0.8228,0.8276,0.831
Train accuracy: 30.2,52.2,69.6,76.4,79.5,82.1,83.6,85.1,86.4,87.5,88.4,89.6,90.3,91.0,92.0,92.8,93.3,93.9,94.2,94.7,95.2,95.7,95.9,96.3,96.6,97.0,97.4,97.6,98.1,97.9,98.3,98.5,98.7,98.8,98.8,99.0,99.3,99.3,99.4,99.5,99.6,99.6,99.6,99.8,99.8,99.8,99.8,99.9,99.9,99.9
Test accuracy: 30.1,49.4,64.3,71.5,74.7,75.9,77.5,78.4,78.6,79.5,80.4,80.8,80.6,81.9,81.8,81.9,81.9,82.3,81.5,83.2,83.2,82.7,82.8,82.4,82.2,82.0,82.2,82.3,82.4,82.3,82.3,82.6,82.2,82.3,82.2,81.6,82.2,81.8,82.0,81.4,81.8,81.4,81.4,81.9,81.3,81.6,81.7,81.4,81.2,81.9
Rank: 100,100,100,100,100,100,100,100,100,100,100,100,100,100,100,100,100,100,100,100,100,100,100,100,100,100,100,100,100,100,100,100,100,100,100,100,100,100,100,100,100,100,100,100,100,100,100,100,100,100
Seed 10/10
Train loss: 3.5979,2.6277,1.8299,1.3258,1.0562,0.8926,0.7816,0.699,0.6335,0.5816,0.5337,0.4915,0.4581,0.4273,0.3971,0.3723,0.3475,0.3278,0.3072,0.289,0.2721,0.2542,0.2403,0.2274,0.213,0.2019,0.1915,0.1803,0.1698,0.161,0.1522,0.1438,0.1362,0.1293,0.1221,0.115,0.1101,0.1044,0.1011,0.0943,0.0883,0.0836,0.0803,0.0761,0.0721,0.0691,0.0657,0.0624,0.0597,0.0569
Test loss: 3.6397,2.7058,1.939,1.4673,1.2253,1.0863,1.0063,0.9492,0.9081,0.8804,0.8552,0.8308,0.8165,0.8066,0.7953,0.7895,0.7834,0.7887,0.7814,0.7715,0.7772,0.7695,0.7722,0.7712,0.7757,0.777,0.7799,0.783,0.7842,0.7914,0.7932,0.7981,0.8015,0.8054,0.8146,0.8139,0.8196,0.8256,0.8345,0.8339,0.8379,0.8416,0.8486,0.8516,0.8555,0.8627,0.8693,0.8681,0.8762,0.8818
Train accuracy: 25.4,49.9,67.6,75.9,79.9,81.7,84.1,85.4,86.7,87.9,89.0,89.8,90.4,91.2,92.1,92.5,93.3,93.9,94.2,94.9,95.6,95.9,96.3,96.6,97.0,97.1,97.5,97.9,98.1,98.2,98.4,98.8,98.8,99.1,99.2,99.2,99.4,99.5,99.6,99.7,99.7,99.7,99.7,99.8,99.8,99.8,99.8,99.8,99.9,99.9
Test accuracy: 24.2,47.4,65.0,71.3,75.8,77.5,78.7,79.6,79.2,78.8,79.4,80.4,79.5,80.2,79.9,80.4,80.0,79.6,79.7,79.9,79.9,80.9,79.9,81.3,80.9,79.6,80.3,80.0,79.8,79.5,79.2,79.7,79.6,79.4,79.3,79.8,79.5,79.9,79.6,79.4,79.0,79.2,79.2,79.5,80.0,79.5,79.5,79.6,79.8,79.7
Rank: 100,100,100,100,100,100,100,100,100,100,100,100,100,100,100,100,100,100,100,100,100,100,100,100,100,100,100,100,100,100,100,100,100,100,100,100,100,100,100,100,100,100,100,100,100,100,100,100,100,100
