Seed 1/10
Train loss: 3.4282,2.3691,1.6784,1.3104,1.0969,0.9469,0.8351,0.7514,0.6831,0.6271,0.5797,0.5382,0.5044,0.4724,0.4449,0.419,0.3967,0.3754,0.3561,0.3391,0.323,0.3071,0.2927,0.2784,0.268,0.2566,0.2457,0.2366,0.2274,0.2197,0.2129,0.2059,0.1993,0.1934,0.188,0.181,0.1751,0.17,0.1652,0.1609,0.1568,0.1519,0.1482,0.1443,0.1407,0.1374,0.1346,0.131,0.1279,0.125
Test loss: 3.4669,2.4391,1.7703,1.4356,1.254,1.1339,1.0519,0.9903,0.947,0.906,0.8775,0.8547,0.8355,0.8183,0.8089,0.7934,0.7795,0.7766,0.7672,0.7639,0.7636,0.752,0.7482,0.7443,0.7402,0.7424,0.7382,0.7384,0.7383,0.7373,0.7378,0.7381,0.7395,0.7408,0.7414,0.7415,0.743,0.7434,0.7458,0.7504,0.7519,0.7544,0.7568,0.76,0.7593,0.7641,0.7664,0.7715,0.7711,0.7718
Train accuracy: 32.9,61.7,76.6,80.8,82.5,85.2,86.7,87.5,88.8,89.5,90.4,91.0,91.5,91.8,92.4,92.5,93.1,93.3,93.6,93.7,94.2,94.3,94.6,94.7,94.7,94.8,94.9,95.1,95.2,95.2,95.4,95.6,95.5,95.7,95.7,95.9,95.9,96.1,96.2,96.3,96.3,96.4,96.5,96.6,96.7,96.7,96.7,96.8,96.8,96.9
Test accuracy: 31.6,58.3,71.6,74.8,76.7,77.1,78.0,79.0,79.3,80.1,80.2,80.4,80.3,80.6,80.6,81.2,81.1,80.1,80.5,80.3,80.7,81.1,80.3,81.0,81.2,80.7,80.8,80.3,81.1,81.1,81.4,80.6,81.0,80.5,80.6,80.6,80.7,80.9,80.5,80.9,80.8,81.0,80.9,81.0,81.0,80.7,81.5,80.7,80.9,80.7
Rank: 100,100,100,100,100,100,100,100,100,100,100,100,100,100,100,100,100,100,100,100,100,100,100,100,100,100,100,100,100,100,100,100,100,100,100,100,100,100,100,100,100,100,100,100,100,100,100,100,100,100
Seed 2/10
Train loss: 3.4548,2.3807,1.6786,1.3068,1.0925,0.9474,0.8391,0.7543,0.6888,0.6296,0.5823,0.5424,0.508,0.4774,0.4485,0.4251,0.4033,0.3844,0.3675,0.3519,0.337,0.3231,0.3094,0.2973,0.2852,0.274,0.2652,0.2552,0.2469,0.2381,0.2306,0.2231,0.2166,0.2098,0.2027,0.1964,0.1909,0.1855,0.18,0.1753,0.1712,0.1668,0.1633,0.1585,0.1536,0.1492,0.1453,0.1411,0.1372,0.1334
Test loss: 3.4997,2.4653,1.8041,1.4713,1.2936,1.1865,1.1097,1.0526,1.0077,0.9679,0.9383,0.9163,0.8942,0.8809,0.8653,0.8549,0.8435,0.834,0.829,0.8238,0.8164,0.8161,0.8111,0.8111,0.8115,0.8078,0.8088,0.811,0.811,0.8105,0.8088,0.8137,0.8136,0.8166,0.8169,0.8165,0.817,0.8229,0.8255,0.8258,0.829,0.8287,0.831,0.833,0.8372,0.8376,0.8362,0.8433,0.8441,0.8476
Train accuracy: 34.1,64.3,75.6,81.1,82.8,85.0,86.3,87.9,88.5,89.8,90.1,91.0,91.6,92.2,92.5,92.9,93.1,93.7,93.7,93.9,94.0,94.3,94.3,94.5,94.7,94.8,94.9,95.0,95.1,95.2,95.4,95.4,95.7,95.8,96.0,96.1,96.2,96.1,96.2,96.4,96.5,96.5,96.5,96.6,96.5,96.5,96.6,96.6,96.7,96.6
Test accuracy: 31.1,60.9,71.9,74.9,77.2,77.6,76.5,78.8,78.2,78.6,78.4,79.4,78.9,79.2,79.1,79.4,79.5,79.6,79.4,79.0,79.9,79.4,79.5,80.0,79.9,79.6,80.0,79.7,80.0,79.7,79.8,79.7,80.5,80.4,80.6,80.4,81.3,80.0,80.5,80.7,80.6,80.7,79.9,80.3,80.0,80.5,80.4,80.0,80.2,80.5
Rank: 100,100,100,100,100,100,100,100,100,100,100,100,100,100,100,100,100,100,100,100,100,100,100,100,100,100,100,100,100,100,100,100,100,100,100,100,100,100,100,100,100,100,100,100,100,100,100,100,100,100
Seed 3/10
Train loss: 3.4802,2.3913,1.7237,1.3662,1.1433,0.9889,0.8729,0.7826,0.7141,0.6538,0.6046,0.5623,0.5257,0.4941,0.4647,0.4384,0.413,0.3915,0.3714,0.3542,0.3364,0.3213,0.306,0.2924,0.2787,0.267,0.2548,0.2449,0.2354,0.2266,0.2175,0.209,0.2004,0.1935,0.1868,0.1809,0.1755,0.1705,0.1659,0.1612,0.1565,0.1522,0.1483,0.1443,0.1412,0.1378,0.1348,0.1317,0.1291,0.1263
Test loss: 3.4957,2.4501,1.8213,1.5074,1.3256,1.2058,1.1162,1.0518,1.0044,0.9622,0.9307,0.9035,0.8784,0.8653,0.8482,0.8325,0.8228,0.8112,0.8024,0.7947,0.793,0.7871,0.7768,0.7769,0.775,0.7681,0.7682,0.7693,0.7669,0.764,0.7646,0.7654,0.7676,0.77,0.7704,0.7715,0.7707,0.7767,0.7796,0.7794,0.783,0.78,0.7865,0.7894,0.7915,0.7927,0.7988,0.8003,0.7963,0.8021
Train accuracy: 34.6,65.4,76.5,80.8,83.6,85.4,86.7,87.9,88.5,89.2,90.1,90.7,91.1,91.8,92.3,92.6,92.7,93.1,93.5,93.9,94.1,94.4,94.7,94.9,95.0,95.3,95.5,95.6,95.7,95.8,95.9,96.0,96.0,96.1,96.1,96.2,96.3,96.3,96.5,96.5,96.6,96.7,96.6,96.6,96.6,96.7,96.7,96.8,96.8,96.8
Test accuracy: 35.7,61.3,70.2,73.8,74.7,77.2,77.3,78.9,78.6,79.7,79.5,80.7,80.5,80.2,80.3,80.5,80.5,81.0,81.3,81.2,80.9,81.1,81.7,81.7,81.0,80.9,81.7,81.5,81.7,81.4,82.2,81.7,81.6,81.2,81.3,81.7,81.9,81.7,81.3,81.9,81.3,81.7,81.4,81.5,81.4,81.4,81.7,81.7,82.0,81.7
Rank: 100,100,100,100,100,100,100,100,100,100,100,100,100,100,100,100,100,100,100,100,100,100,100,100,100,100,100,100,100,100,100,100,100,100,100,100,100,100,100,100,100,100,100,100,100,100,100,100,100,100
Seed 4/10
Train loss: 3.542,2.503,1.7535,1.345,1.1114,0.9559,0.8402,0.7514,0.6816,0.6215,0.5704,0.5291,0.4926,0.4613,0.4336,0.4092,0.387,0.3681,0.3506,0.3345,0.3201,0.3074,0.2954,0.284,0.2726,0.2617,0.2512,0.2415,0.2326,0.2237,0.2154,0.2081,0.202,0.1958,0.1902,0.1852,0.1804,0.1763,0.1721,0.1683,0.1631,0.1592,0.1561,0.1526,0.1495,0.1465,0.1438,0.1409,0.1379,0.1353
Test loss: 3.5755,2.5832,1.8685,1.4911,1.2976,1.176,1.0902,1.0217,0.973,0.936,0.8998,0.8826,0.8595,0.8424,0.8276,0.817,0.8073,0.7978,0.7958,0.7864,0.7812,0.7798,0.7756,0.7734,0.7699,0.7679,0.7645,0.7649,0.767,0.7687,0.7631,0.7625,0.7669,0.766,0.7651,0.7688,0.7672,0.7695,0.7711,0.7732,0.776,0.7742,0.7782,0.7823,0.7808,0.7824,0.7877,0.7895,0.7908,0.7952
Train accuracy: 29.8,58.7,72.8,79.0,81.6,83.2,85.2,86.7,87.5,88.3,89.5,89.7,90.9,91.6,91.7,92.1,92.8,92.9,93.0,93.5,93.7,93.8,94.0,94.2,94.4,94.4,94.7,94.8,95.0,95.1,95.2,95.1,95.2,95.3,95.4,95.5,95.5,95.5,95.7,95.7,95.8,95.8,95.9,95.9,95.9,95.9,96.1,96.2,96.2,96.3
Test accuracy: 29.7,55.5,69.3,74.5,75.9,75.4,76.9,79.1,78.5,78.5,79.4,79.0,79.6,79.2,79.3,79.9,80.5,80.7,81.0,80.8,80.8,80.6,80.8,80.5,80.9,80.5,80.4,80.6,81.0,80.3,80.8,80.8,81.0,80.6,81.1,80.9,81.2,81.2,80.9,81.2,81.5,81.7,81.7,81.7,81.7,81.9,81.6,81.9,81.7,81.8
Rank: 100,100,100,100,100,100,100,100,100,100,100,100,100,100,100,100,100,100,100,100,100,100,100,100,100,100,100,100,100,100,100,100,100,100,100,100,100,100,100,100,100,100,100,100,100,100,100,100,100,100
Seed 5/10
Train loss: 3.4319,2.4324,1.7295,1.3403,1.1133,0.9591,0.8464,0.7591,0.6913,0.6331,0.587,0.5473,0.5106,0.4795,0.4514,0.4289,0.4058,0.3877,0.3686,0.351,0.3355,0.3217,0.3076,0.2945,0.2833,0.2706,0.2594,0.2495,0.2406,0.2313,0.2228,0.2141,0.2065,0.1991,0.1928,0.1863,0.18,0.1746,0.1693,0.1638,0.1588,0.1539,0.149,0.1442,0.1401,0.1366,0.1333,0.1302,0.1271,0.1238
Test loss: 3.4576,2.495,1.8302,1.4824,1.2878,1.1654,1.0794,1.0138,0.9665,0.9271,0.9008,0.8752,0.8501,0.8338,0.8196,0.8063,0.7968,0.7846,0.778,0.7699,0.7646,0.758,0.7562,0.7503,0.748,0.7464,0.7455,0.7401,0.7419,0.7418,0.737,0.7393,0.7368,0.7374,0.7364,0.7369,0.7388,0.7397,0.7428,0.7443,0.7462,0.7465,0.7507,0.7502,0.752,0.7518,0.7526,0.7564,0.756,0.7573
Train accuracy: 31.4,60.8,76.1,81.0,83.4,84.7,86.3,87.1,87.8,89.2,89.9,90.5,91.0,91.7,91.9,92.4,92.9,93.1,93.4,93.8,94.2,94.2,94.6,94.5,94.7,95.0,95.0,95.2,95.4,95.4,95.4,95.7,95.8,95.9,95.9,96.1,96.3,96.5,96.5,96.6,96.5,96.6,96.9,97.0,97.1,97.2,97.3,97.2,97.3,97.4
Test accuracy: 29.9,57.8,71.6,75.2,77.1,78.4,79.4,79.7,80.7,80.4,80.7,80.2,81.5,81.1,80.7,81.3,81.2,81.4,81.7,82.1,81.6,82.2,82.1,82.0,82.4,82.3,82.1,82.3,81.9,82.3,81.8,82.1,82.3,82.3,82.3,82.7,82.1,81.9,82.2,82.4,82.1,82.1,82.1,82.6,82.7,82.2,82.1,81.7,82.7,82.8
Rank: 100,100,100,100,100,100,100,100,100,100,100,100,100,100,100,100,100,100,100,100,100,100,100,100,100,100,100,100,100,100,100,100,100,100,100,100,100,100,100,100,100,100,100,100,100,100,100,100,100,100
Seed 6/10
Train loss: 3.4515,2.3692,1.6535,1.2933,1.072,0.9269,0.8195,0.7348,0.668,0.6121,0.5668,0.5263,0.4905,0.4588,0.4312,0.4068,0.3851,0.3655,0.3478,0.3313,0.3148,0.3,0.2856,0.2747,0.262,0.2523,0.2435,0.2335,0.2244,0.2172,0.209,0.2023,0.196,0.19,0.1848,0.1794,0.1744,0.1688,0.1644,0.1591,0.1546,0.1506,0.1468,0.1433,0.1394,0.1358,0.1331,0.13,0.1271,0.1245
Test loss: 3.4913,2.4328,1.7449,1.4183,1.2275,1.1151,1.0304,0.9705,0.9283,0.8908,0.8608,0.8383,0.8185,0.7973,0.7865,0.7754,0.7636,0.7614,0.7542,0.748,0.7405,0.744,0.7323,0.7308,0.7279,0.7324,0.7335,0.7321,0.7336,0.73,0.7311,0.7308,0.7308,0.7299,0.7333,0.7318,0.7379,0.736,0.7376,0.7415,0.7413,0.745,0.7486,0.7529,0.7503,0.7523,0.7568,0.7576,0.7592,0.7619
Train accuracy: 32.3,62.8,77.2,80.4,83.9,85.2,86.8,87.6,88.5,89.4,90.3,90.8,91.7,92.1,92.5,93.2,93.4,93.9,94.1,94.3,94.6,94.8,95.2,95.4,95.6,95.8,95.8,96.1,96.0,96.1,96.4,96.6,96.5,96.5,96.5,96.7,96.7,96.8,96.8,97.0,97.0,97.0,97.0,97.1,97.2,97.1,97.2,97.3,97.3,97.3
Test accuracy: 32.2,58.6,73.3,76.0,78.2,78.5,79.8,80.1,79.8,79.8,80.8,80.0,80.3,80.8,80.3,80.6,80.6,80.7,80.8,80.7,81.3,79.7,81.4,80.9,81.5,81.0,81.3,80.8,80.8,80.8,80.7,81.0,80.7,81.1,80.9,80.9,80.8,80.8,80.9,81.1,80.9,81.0,81.0,80.8,80.9,81.2,81.3,81.1,81.2,81.0
Rank: 100,100,100,100,100,100,100,100,100,100,100,100,100,100,100,100,100,100,100,100,100,100,100,100,100,100,100,100,100,100,100,100,100,100,100,100,100,100,100,100,100,100,100,100,100,100,100,100,100,100
Seed 7/10
Train loss: 3.4789,2.5033,1.7713,1.3769,1.1409,0.9781,0.8604,0.7739,0.7032,0.6462,0.599,0.5581,0.5222,0.4919,0.4633,0.4376,0.4149,0.3938,0.3749,0.3558,0.3398,0.3263,0.3139,0.3001,0.2874,0.2764,0.2667,0.2577,0.2494,0.241,0.2334,0.2259,0.2188,0.211,0.2042,0.1977,0.1906,0.1861,0.1808,0.1764,0.1723,0.168,0.1642,0.1599,0.1563,0.153,0.15,0.1471,0.1444,0.1422
Test loss: 3.5226,2.5913,1.8959,1.5347,1.3358,1.2115,1.1251,1.066,1.0247,0.9816,0.9627,0.9297,0.9094,0.8964,0.8853,0.8725,0.8649,0.8561,0.85,0.8446,0.8389,0.8392,0.8364,0.8366,0.8344,0.8327,0.8332,0.8351,0.8327,0.8324,0.8353,0.8388,0.8374,0.838,0.8422,0.841,0.8404,0.8412,0.8422,0.8485,0.8466,0.852,0.8465,0.8504,0.8558,0.8571,0.8569,0.8591,0.8623,0.8647
Train accuracy: 34.6,59.6,78.1,81.7,83.8,86.2,87.3,88.3,88.8,89.6,90.4,91.1,91.4,91.8,91.9,92.7,92.8,93.0,93.3,93.8,93.8,93.9,94.2,94.3,94.3,94.5,94.6,94.7,94.8,95.0,95.1,95.4,95.3,95.4,95.7,95.7,95.8,95.7,95.8,96.0,95.9,96.0,95.9,95.9,96.2,96.2,96.1,96.1,96.1,96.2
Test accuracy: 32.8,55.7,71.6,76.2,76.9,77.0,78.7,78.8,78.8,79.5,80.2,80.6,79.9,79.7,80.1,80.4,80.6,80.7,81.0,80.7,80.7,79.8,80.5,81.1,79.8,80.6,80.0,79.9,80.4,80.7,79.7,80.1,80.0,80.4,80.1,80.3,80.6,80.5,79.7,80.4,80.3,80.9,80.3,80.2,80.3,80.2,80.9,80.3,80.1,80.9
Rank: 100,100,100,100,100,100,100,100,100,100,100,100,100,100,100,100,100,100,100,100,100,100,100,100,100,100,100,100,100,100,100,100,100,100,100,100,100,100,100,100,100,100,100,100,100,100,100,100,100,100
Seed 8/10
Train loss: 3.4212,2.3524,1.6748,1.3207,1.0997,0.951,0.8394,0.7512,0.6836,0.6276,0.5814,0.5407,0.5045,0.4735,0.4462,0.4214,0.3966,0.3749,0.3568,0.3383,0.3213,0.3058,0.2921,0.2786,0.2678,0.2564,0.2465,0.235,0.2262,0.217,0.2072,0.2,0.1918,0.185,0.1777,0.171,0.1656,0.1602,0.156,0.1516,0.1474,0.1438,0.1399,0.1366,0.1338,0.1308,0.1279,0.125,0.1223,0.1194
Test loss: 3.4556,2.4207,1.7794,1.455,1.2681,1.148,1.0645,1.0028,0.9617,0.9226,0.8982,0.8724,0.8487,0.8313,0.8205,0.8079,0.7939,0.7852,0.7789,0.7753,0.7666,0.7645,0.7622,0.7588,0.7596,0.7558,0.7555,0.757,0.7539,0.7548,0.753,0.7543,0.7531,0.7555,0.7546,0.754,0.7589,0.761,0.761,0.7634,0.7685,0.7699,0.7702,0.7711,0.7765,0.7763,0.777,0.7793,0.779,0.7837
Train accuracy: 34.2,62.0,76.6,81.3,83.2,84.8,86.1,87.9,88.4,89.6,90.2,91.2,91.6,91.8,92.2,92.5,93.2,93.3,93.4,93.7,94.1,94.3,94.5,94.7,94.9,95.0,95.1,95.3,95.3,95.4,95.6,95.6,95.8,96.0,96.0,96.2,96.2,96.2,96.3,96.4,96.5,96.4,96.4,96.6,96.5,96.6,96.7,96.7,96.8,96.8
Test accuracy: 33.1,59.2,71.4,75.3,76.8,78.4,79.0,78.9,79.9,80.6,80.2,79.5,80.3,80.5,80.8,80.7,80.3,81.0,81.3,81.3,81.2,81.3,81.6,81.8,81.5,81.6,81.2,81.2,81.8,81.3,81.3,81.7,81.4,81.5,81.9,82.3,82.2,81.9,82.6,81.7,82.0,81.8,81.9,81.8,81.7,82.0,81.5,81.8,82.1,82.3
Rank: 100,100,100,100,100,100,100,100,100,100,100,100,100,100,100,100,100,100,100,100,100,100,100,100,100,100,100,100,100,100,100,100,100,100,100,100,100,100,100,100,100,100,100,100,100,100,100,100,100,100
Seed 9/10
Train loss: 3.4334,2.3905,1.7035,1.3254,1.1019,0.9479,0.8389,0.7556,0.6888,0.6347,0.5888,0.5488,0.512,0.4821,0.4549,0.4292,0.4064,0.3859,0.3677,0.3502,0.3349,0.3195,0.3071,0.2938,0.2816,0.2699,0.2596,0.2503,0.2395,0.2313,0.2229,0.2143,0.2065,0.1991,0.1915,0.1848,0.1771,0.1712,0.1654,0.1603,0.1552,0.151,0.1467,0.1425,0.1382,0.1337,0.1299,0.1268,0.1235,0.1209
Test loss: 3.4652,2.4609,1.8099,1.4652,1.273,1.1477,1.0699,1.0099,0.9619,0.9317,0.9004,0.8767,0.8507,0.8384,0.8264,0.8164,0.8044,0.7975,0.7868,0.7823,0.778,0.7727,0.7671,0.7668,0.7673,0.767,0.7619,0.7608,0.7585,0.7571,0.7606,0.7571,0.7606,0.755,0.7608,0.7604,0.76,0.7625,0.7613,0.763,0.767,0.7663,0.7719,0.7726,0.7715,0.7764,0.7775,0.7783,0.779,0.7828
Train accuracy: 36.6,62.8,76.1,81.7,83.7,85.8,87.1,88.1,89.3,89.9,90.8,91.1,91.8,92.4,92.5,93.0,93.3,93.6,93.9,94.1,94.3,94.8,95.0,95.2,95.3,95.6,95.7,95.9,96.0,96.1,96.2,96.3,96.4,96.4,96.6,96.6,96.7,96.6,96.7,96.8,96.8,96.7,96.9,96.8,97.0,97.0,97.0,97.1,97.2,97.2
Test accuracy: 33.4,59.1,72.5,76.9,78.9,79.1,79.6,79.8,79.5,79.9,80.6,79.5,80.1,80.7,80.5,80.9,81.1,81.7,81.3,81.3,81.6,82.0,81.8,81.9,81.1,81.0,81.7,81.8,81.4,81.7,81.6,81.8,81.7,81.2,81.3,81.3,81.5,81.0,81.0,81.1,80.9,81.2,81.1,81.0,81.0,81.2,80.7,81.3,81.0,81.4
Rank: 100,100,100,100,100,100,100,100,100,100,100,100,100,100,100,100,100,100,100,100,100,100,100,100,100,100,100,100,100,100,100,100,100,100,100,100,100,100,100,100,100,100,100,100,100,100,100,100,100,100
Seed 10/10
Train loss: 3.5033,2.4534,1.6926,1.3141,1.0926,0.9441,0.834,0.7491,0.6809,0.626,0.5788,0.5399,0.5047,0.4745,0.4477,0.424,0.4019,0.3814,0.3625,0.3444,0.3294,0.3155,0.3036,0.2906,0.2788,0.2681,0.2585,0.2484,0.2395,0.2314,0.2234,0.2161,0.2097,0.2036,0.1975,0.1917,0.1858,0.181,0.1761,0.1712,0.1669,0.1633,0.1596,0.1562,0.152,0.1487,0.1454,0.1419,0.1373,0.1343
Test loss: 3.5279,2.5057,1.7781,1.4348,1.2494,1.131,1.055,0.9956,0.9479,0.9097,0.8801,0.8582,0.8407,0.8194,0.8091,0.7898,0.7846,0.7736,0.7642,0.7566,0.754,0.7463,0.7425,0.739,0.7343,0.7332,0.7265,0.7253,0.7303,0.7256,0.7244,0.7249,0.7283,0.7266,0.724,0.7231,0.7234,0.7259,0.7256,0.7258,0.7297,0.7316,0.7357,0.7345,0.733,0.7333,0.7352,0.7393,0.7404,0.7391
Train accuracy: 32.9,61.6,76.2,80.5,82.6,85.0,86.3,87.4,88.4,89.4,90.0,90.8,91.0,91.4,91.8,92.1,92.4,92.7,92.8,93.4,93.4,93.7,93.6,93.9,94.3,94.4,94.4,94.5,94.6,94.6,94.8,95.0,95.1,95.2,95.4,95.6,95.8,95.8,96.0,96.1,96.3,96.4,96.5,96.6,96.6,96.6,96.6,96.8,96.7,96.8
Test accuracy: 30.7,58.8,72.2,76.2,76.2,78.4,78.3,77.8,78.5,78.6,79.0,79.1,78.8,79.1,78.7,79.3,79.4,79.0,79.4,79.9,79.5,79.8,79.9,80.1,79.9,80.2,80.5,80.6,79.8,80.4,80.5,80.0,80.6,80.7,80.5,81.0,80.6,80.5,80.9,81.0,80.9,80.8,80.9,81.3,81.4,81.5,81.4,81.3,81.2,81.6
Rank: 100,100,100,100,100,100,100,100,100,100,100,100,100,100,100,100,100,100,100,100,100,100,100,100,100,100,100,100,100,100,100,100,100,100,100,100,100,100,100,100,100,100,100,100,100,100,100,100,100,100
