Seed 1/10
Train loss: 3.8591,3.3675,2.9435,2.556,2.214,1.9155,1.6675,1.4697,1.3133,1.1925,1.1059,1.0322,0.974,0.9264,0.8884,0.8505,0.8196,0.7886,0.7644,0.7455,0.7213,0.7015,0.6855,0.6679,0.652,0.6374,0.6229,0.6123,0.599,0.587,0.5787,0.5674,0.5579,0.5472,0.5401,0.5315,0.5228,0.5168,0.509,0.5012,0.4945,0.4897,0.4838,0.4777,0.473,0.4655,0.4606,0.4569,0.4524,0.4465
Test loss: 3.8817,3.4135,3.0119,2.6513,2.3415,2.077,1.872,1.7173,1.601,1.5244,1.4715,1.4267,1.399,1.3776,1.3649,1.3432,1.3319,1.3242,1.3097,1.3134,1.2983,1.2883,1.2944,1.2953,1.2949,1.2812,1.2792,1.2798,1.2875,1.2896,1.2911,1.2896,1.3104,1.2942,1.3055,1.3044,1.299,1.3089,1.3245,1.32,1.3291,1.3308,1.3361,1.3041,1.324,1.317,1.3296,1.3231,1.327,1.3334
Train accuracy: 11.3,23.2,37.3,48.3,56.5,63.1,67.1,69.9,72.6,75.0,76.4,78.0,80.0,81.0,81.8,82.8,83.4,84.2,84.8,85.4,85.6,86.3,85.9,86.7,87.1,87.4,87.9,87.7,88.3,88.5,88.4,88.5,88.8,88.9,89.2,89.0,89.1,89.4,89.7,89.8,89.7,89.8,90.0,90.0,90.2,90.1,90.2,90.6,90.5,90.5
Test accuracy: 10.1,22.2,33.8,45.0,51.6,57.2,60.7,62.8,64.5,67.9,68.3,69.8,69.2,71.2,71.0,71.9,72.0,72.5,71.9,72.3,72.9,72.7,73.0,73.1,73.0,72.5,72.8,73.2,73.4,73.4,72.6,73.2,73.0,72.8,73.2,72.8,73.5,73.3,73.1,72.9,72.3,72.9,72.2,72.3,72.4,72.7,72.8,72.1,72.6,72.1
Rank: 100,100,100,100,100,100,100,100,100,100,100,100,100,100,100,100,100,100,100,100,100,100,100,100,100,100,100,100,100,100,100,100,100,100,100,100,100,100,100,100,100,100,100,100,100,100,100,100,100,100
Seed 2/10
Train loss: 3.8209,3.3115,2.8717,2.4741,2.1338,1.8469,1.6142,1.4248,1.2728,1.1495,1.0612,0.9916,0.9405,0.8979,0.8609,0.826,0.7954,0.7702,0.751,0.7306,0.7116,0.6932,0.6763,0.6645,0.6481,0.6355,0.6227,0.61,0.5996,0.591,0.5807,0.5726,0.5638,0.5553,0.5459,0.5369,0.5291,0.5229,0.5152,0.5107,0.503,0.496,0.4906,0.4848,0.4787,0.4741,0.4702,0.4648,0.459,0.4556
Test loss: 3.8491,3.3631,2.9572,2.5943,2.2919,2.0488,1.8652,1.7247,1.6282,1.5564,1.5231,1.487,1.4616,1.4582,1.4387,1.4408,1.4239,1.4188,1.4133,1.4217,1.4032,1.4137,1.419,1.4123,1.4139,1.4086,1.3976,1.4207,1.4125,1.429,1.4407,1.4325,1.4435,1.422,1.4357,1.4429,1.4505,1.4435,1.4496,1.4479,1.4487,1.4703,1.4523,1.4922,1.4842,1.4759,1.4942,1.4676,1.4764,1.4786
Train accuracy: 13.8,25.7,37.4,49.2,59.3,65.2,68.3,71.4,72.9,75.1,77.3,78.0,79.8,80.8,81.6,82.6,83.0,84.0,84.6,85.2,85.1,85.3,86.1,86.3,86.8,86.9,87.5,87.7,88.0,88.4,88.4,88.6,88.9,89.0,89.1,89.4,89.7,89.7,90.0,90.1,90.2,90.4,90.3,90.6,90.7,91.0,90.8,90.9,91.2,91.4
Test accuracy: 13.0,26.9,34.4,47.0,55.7,59.5,61.8,62.5,64.1,66.2,67.6,67.8,67.3,68.5,69.4,69.7,70.4,70.5,70.5,70.3,70.5,70.2,70.7,70.7,71.0,70.4,71.4,70.8,70.8,70.9,70.4,70.6,71.6,71.1,71.5,71.1,71.3,71.6,71.3,70.4,71.1,70.5,70.9,70.6,70.8,71.1,71.3,70.9,71.2,70.5
Rank: 100,100,100,100,100,100,100,100,100,100,100,100,100,100,100,100,100,100,100,100,100,100,100,100,100,100,100,100,100,100,100,100,100,100,100,100,100,100,100,100,100,100,100,100,100,100,100,100,100,100
Seed 3/10
Train loss: 3.8873,3.4131,3.0116,2.6372,2.3042,2.0179,1.783,1.5895,1.4323,1.2954,1.1863,1.0965,1.031,0.9776,0.9338,0.8997,0.868,0.8395,0.816,0.7898,0.771,0.7527,0.7327,0.7156,0.7025,0.6912,0.6784,0.6684,0.6576,0.6466,0.635,0.626,0.6176,0.6113,0.6025,0.5924,0.5864,0.5774,0.5746,0.5672,0.5598,0.5548,0.5495,0.5458,0.5368,0.5318,0.5264,0.5212,0.5178,0.5132
Test loss: 3.916,3.4752,3.1077,2.7578,2.4492,2.1907,1.9861,1.8325,1.7135,1.622,1.5499,1.498,1.4573,1.435,1.4107,1.4047,1.3813,1.3805,1.3722,1.3755,1.3633,1.3631,1.3493,1.3459,1.348,1.3351,1.354,1.3596,1.3406,1.3365,1.3429,1.3395,1.3422,1.3486,1.3473,1.3441,1.3544,1.3488,1.3475,1.3598,1.3613,1.3713,1.3754,1.3633,1.3841,1.3719,1.369,1.3777,1.3789,1.3949
Train accuracy: 15.5,29.0,39.1,49.3,58.2,64.1,69.4,72.2,74.9,76.9,78.5,80.1,81.4,82.7,83.4,84.3,85.3,85.8,85.9,86.7,87.1,87.3,88.1,88.2,88.4,89.0,89.2,89.1,89.4,90.0,89.8,90.1,90.2,90.5,90.6,90.6,90.9,90.9,91.0,91.2,91.3,91.2,91.6,91.4,91.3,91.5,91.4,91.6,91.8,91.5
Test accuracy: 16.0,27.6,35.9,44.9,53.8,59.4,63.3,66.0,68.4,69.2,68.8,70.0,71.0,71.1,71.9,71.2,71.7,71.7,72.2,71.8,71.7,71.8,72.7,72.4,72.1,73.0,71.9,72.9,72.3,72.8,72.8,72.7,72.7,72.8,72.1,72.4,71.8,72.1,73.1,72.6,72.3,72.2,72.2,72.3,72.6,72.1,71.9,72.6,72.7,71.9
Rank: 100,100,100,100,100,100,100,100,100,100,100,100,100,100,100,100,100,100,100,100,100,100,100,100,100,100,100,100,100,100,100,100,100,100,100,100,100,100,100,100,100,100,100,100,100,100,100,100,100,100
Seed 4/10
Train loss: 3.8338,3.3273,2.9179,2.5519,2.2299,1.9512,1.7146,1.5171,1.3506,1.2108,1.0932,1.005,0.9424,0.8886,0.8441,0.811,0.7801,0.7503,0.7257,0.7057,0.685,0.6664,0.6474,0.6316,0.6178,0.6032,0.5899,0.5779,0.5665,0.5579,0.5481,0.5406,0.5322,0.5218,0.5132,0.5052,0.4982,0.4928,0.4862,0.4791,0.4745,0.4676,0.4612,0.456,0.4523,0.4462,0.4401,0.4358,0.4304,0.4268
Test loss: 3.871,3.392,3.0071,2.6703,2.3743,2.127,1.9283,1.7699,1.6491,1.5592,1.4803,1.4292,1.4097,1.3802,1.3424,1.3487,1.3404,1.3279,1.3086,1.3079,1.3071,1.3057,1.306,1.3175,1.3175,1.3172,1.3142,1.3151,1.3302,1.3284,1.3144,1.3296,1.3343,1.3351,1.3415,1.3477,1.3608,1.3764,1.3566,1.3761,1.3604,1.3624,1.3827,1.395,1.4034,1.3871,1.4081,1.3926,1.4056,1.4254
Train accuracy: 14.2,27.4,38.1,45.5,53.6,61.3,66.6,70.4,72.5,75.0,77.1,78.9,79.8,81.5,82.5,83.2,84.3,84.9,85.8,86.5,86.8,87.3,88.1,87.9,88.4,88.8,89.3,89.5,89.7,90.3,90.3,90.3,90.6,90.9,91.3,91.1,91.6,91.4,91.8,92.1,92.1,92.3,92.3,92.4,92.6,92.5,92.6,92.9,92.8,92.7
Test accuracy: 14.7,26.3,36.1,42.4,49.8,56.3,61.3,64.1,65.5,66.7,67.9,68.2,69.3,69.2,69.4,69.0,70.2,69.6,70.5,70.9,70.1,71.0,71.0,71.1,70.5,70.6,71.2,70.6,70.9,70.9,71.6,70.8,71.4,71.0,71.4,71.3,70.4,70.3,70.5,71.2,70.7,70.9,71.3,71.4,71.2,71.2,70.8,70.7,71.1,70.6
Rank: 100,100,100,100,100,100,100,100,100,100,100,100,100,100,100,100,100,100,100,100,100,100,100,100,100,100,100,100,100,100,100,100,100,100,100,100,100,100,100,100,100,100,100,100,100,100,100,100,100,100
Seed 5/10
Train loss: 3.7705,3.2502,2.811,2.4328,2.1202,1.8677,1.6609,1.4824,1.3338,1.2096,1.1098,1.0335,0.9768,0.9265,0.8906,0.8546,0.8197,0.7954,0.7714,0.7487,0.7293,0.7114,0.6942,0.6779,0.6649,0.654,0.6413,0.6299,0.6189,0.609,0.5978,0.5891,0.58,0.5705,0.5637,0.5562,0.5478,0.5419,0.534,0.5282,0.5216,0.5174,0.5098,0.5063,0.4993,0.4957,0.4901,0.4859,0.4803,0.479
Test loss: 3.7944,3.2969,2.8827,2.5321,2.2425,2.0205,1.8506,1.7087,1.6005,1.5235,1.4707,1.4276,1.4033,1.3858,1.3819,1.3602,1.3558,1.3416,1.3588,1.3397,1.3574,1.3353,1.3436,1.3444,1.3226,1.334,1.3281,1.3453,1.3449,1.3435,1.3532,1.3374,1.3693,1.3659,1.3458,1.3778,1.3749,1.368,1.384,1.3962,1.4197,1.4143,1.3993,1.4234,1.3983,1.4461,1.458,1.4603,1.4694,1.4604
Train accuracy: 12.1,27.0,42.9,51.8,60.2,64.9,67.8,71.4,73.2,75.3,76.6,78.8,79.8,80.6,81.8,82.9,84.0,84.2,85.3,86.0,86.5,86.7,87.2,88.0,88.2,88.2,88.7,88.4,88.9,89.1,89.2,89.4,89.6,89.8,90.1,90.3,90.2,90.4,90.4,91.1,91.2,91.2,91.1,91.4,91.6,91.6,91.8,91.8,91.9,92.1
Test accuracy: 11.1,23.4,39.8,49.4,56.0,59.8,62.4,65.0,65.9,66.4,67.5,68.6,69.1,69.0,69.1,69.3,70.3,70.0,70.3,70.1,70.7,71.9,70.9,71.7,71.7,71.1,70.6,71.3,72.3,71.6,71.9,72.3,72.8,72.7,72.7,72.3,72.3,72.0,72.6,72.3,72.3,72.2,72.1,72.8,72.4,71.7,71.8,72.3,72.0,71.7
Rank: 100,100,100,100,100,100,100,100,100,100,100,100,100,100,100,100,100,100,100,100,100,100,100,100,100,100,100,100,100,100,100,100,100,100,100,100,100,100,100,100,100,100,100,100,100,100,100,100,100,100
Seed 6/10
Train loss: 3.8527,3.3857,2.9985,2.6461,2.3195,2.0273,1.783,1.5792,1.4164,1.2816,1.1628,1.0712,0.9984,0.9428,0.8916,0.8489,0.8195,0.793,0.7666,0.7439,0.722,0.7063,0.6895,0.6769,0.6578,0.6449,0.6304,0.6206,0.6084,0.5988,0.5896,0.5791,0.5717,0.5633,0.5566,0.5476,0.5405,0.5345,0.5283,0.5232,0.5175,0.5106,0.5059,0.5006,0.495,0.4901,0.4847,0.4791,0.4753,0.4712
Test loss: 3.8809,3.4379,3.0726,2.745,2.4442,2.1803,1.9699,1.7983,1.6745,1.5804,1.5102,1.4647,1.4216,1.4046,1.3831,1.3863,1.3743,1.3796,1.3519,1.3581,1.3609,1.3568,1.3785,1.364,1.3603,1.371,1.3633,1.3809,1.3543,1.345,1.3434,1.3602,1.3702,1.3534,1.3749,1.3797,1.386,1.3647,1.387,1.3997,1.4247,1.3974,1.3914,1.4081,1.3929,1.4337,1.4262,1.4084,1.4149,1.4205
Train accuracy: 15.1,26.3,36.9,47.0,54.4,61.7,67.7,71.4,74.4,75.8,77.6,78.8,80.1,81.0,82.9,83.7,84.4,85.2,85.7,86.3,87.1,87.6,88.0,88.2,88.7,88.9,89.3,89.3,89.9,89.8,90.3,90.5,90.5,90.8,90.8,91.2,91.4,91.4,91.7,91.5,91.7,91.9,91.8,92.3,92.1,91.8,92.5,92.4,92.5,92.8
Test accuracy: 15.4,24.0,34.2,43.5,49.1,55.9,62.4,65.2,66.0,67.5,68.3,68.7,69.8,69.5,70.1,70.3,70.6,71.8,72.3,70.5,71.6,71.6,71.3,71.7,72.3,71.9,71.9,72.1,72.3,71.8,72.3,72.3,72.7,72.4,73.2,72.0,72.7,71.9,72.2,71.9,72.1,72.6,71.9,72.2,72.1,72.1,72.3,72.3,71.9,72.2
Rank: 100,100,100,100,100,100,100,100,100,100,100,100,100,100,100,100,100,100,100,100,100,100,100,100,100,100,100,100,100,100,100,100,100,100,100,100,100,100,100,100,100,100,100,100,100,100,100,100,100,100
Seed 7/10
Train loss: 3.8643,3.3787,2.9734,2.5898,2.2372,1.9335,1.6797,1.4698,1.3074,1.1843,1.0944,1.0205,0.9687,0.923,0.8863,0.8477,0.8186,0.7913,0.7634,0.743,0.7222,0.7045,0.6884,0.672,0.6596,0.6445,0.6324,0.6188,0.6074,0.5975,0.5877,0.5774,0.5675,0.5597,0.5514,0.5442,0.5358,0.5283,0.5215,0.5179,0.5112,0.5048,0.4971,0.491,0.4861,0.4787,0.4749,0.4696,0.4655,0.4599
Test loss: 3.8858,3.4213,3.0429,2.6856,2.3636,2.0986,1.8896,1.7286,1.6143,1.5381,1.4878,1.4486,1.4315,1.414,1.3911,1.3856,1.3781,1.3541,1.3505,1.3343,1.3319,1.3355,1.3322,1.3328,1.3346,1.3171,1.3231,1.3192,1.3328,1.3327,1.3404,1.3353,1.3321,1.3434,1.3332,1.3155,1.347,1.3353,1.3397,1.3461,1.3448,1.3565,1.3518,1.3595,1.3682,1.3655,1.3772,1.3735,1.3787,1.4087
Train accuracy: 15.8,25.3,37.2,47.9,56.1,61.4,66.0,69.1,72.0,74.0,76.4,78.3,79.6,80.8,82.5,83.0,83.2,84.4,84.8,85.3,85.7,86.1,86.7,86.8,87.5,87.7,87.9,88.4,88.4,88.6,88.8,89.0,89.1,89.4,89.5,90.1,89.8,90.1,90.3,90.1,90.8,90.6,90.7,90.9,91.2,91.1,90.9,91.2,91.0,91.5
Test accuracy: 15.2,25.5,34.8,44.1,50.7,58.7,63.0,65.1,67.1,68.0,69.1,69.7,69.5,70.3,70.6,70.5,70.3,70.8,70.6,70.8,70.0,70.6,71.1,70.3,71.3,70.4,71.3,70.7,71.3,71.0,71.8,70.9,70.8,71.2,71.6,71.4,71.2,70.9,70.9,70.5,71.3,71.6,71.5,71.2,71.7,71.4,71.1,71.7,71.4,71.7
Rank: 100,100,100,100,100,100,100,100,100,100,100,100,100,100,100,100,100,100,100,100,100,100,100,100,100,100,100,100,100,100,100,100,100,100,100,100,100,100,100,100,100,100,100,100,100,100,100,100,100,100
Seed 8/10
Train loss: 3.8874,3.39,2.9533,2.5527,2.206,1.926,1.698,1.5184,1.3678,1.2419,1.1327,1.0494,0.9896,0.9403,0.8943,0.8644,0.8359,0.809,0.7872,0.7671,0.7445,0.7257,0.7089,0.6961,0.6815,0.6684,0.655,0.6448,0.6329,0.6219,0.6115,0.6014,0.593,0.5861,0.5758,0.5685,0.563,0.554,0.5482,0.5404,0.5357,0.5296,0.5226,0.5187,0.5124,0.5077,0.5021,0.4975,0.4934,0.4884
Test loss: 3.9285,3.465,3.0606,2.6931,2.3819,2.1316,1.9467,1.8029,1.6942,1.6111,1.5488,1.5011,1.4763,1.455,1.4401,1.4358,1.4408,1.4364,1.4349,1.4251,1.4149,1.418,1.4206,1.43,1.4208,1.4398,1.4459,1.4485,1.465,1.466,1.4362,1.4328,1.4302,1.4512,1.4582,1.4544,1.4749,1.4609,1.4715,1.48,1.4881,1.4906,1.4809,1.4939,1.4966,1.4959,1.504,1.5036,1.5151,1.5016
Train accuracy: 11.9,26.6,40.7,53.4,60.0,66.2,69.2,71.9,74.4,75.6,77.1,79.3,80.0,81.6,82.4,82.9,83.8,84.3,84.9,86.0,86.1,86.2,86.8,87.0,87.3,88.0,88.1,88.6,88.4,88.6,88.9,89.3,89.5,89.4,89.8,90.2,89.9,90.1,90.5,90.6,90.6,90.7,90.9,90.9,90.9,91.0,91.2,91.3,91.4,91.4
Test accuracy: 11.7,24.7,37.9,48.6,56.0,62.1,64.0,65.6,66.5,68.2,67.6,69.0,69.7,69.8,70.6,70.7,70.3,71.0,71.1,71.4,71.3,71.5,70.6,70.8,70.9,71.9,71.0,71.8,71.4,71.9,71.4,71.7,71.6,72.1,71.1,71.9,71.7,71.1,71.0,71.7,71.4,71.6,71.1,71.5,71.8,71.3,71.9,71.7,71.4,71.2
Rank: 100,100,100,100,100,100,100,100,100,100,100,100,100,100,100,100,100,100,100,100,100,100,100,100,100,100,100,100,100,100,100,100,100,100,100,100,100,100,100,100,100,100,100,100,100,100,100,100,100,100
Seed 9/10
Train loss: 3.8737,3.3542,2.9336,2.5446,2.2117,1.9331,1.7034,1.5158,1.3595,1.2358,1.1414,1.0645,1.008,0.9614,0.9218,0.8838,0.8552,0.8248,0.8025,0.7787,0.7576,0.7412,0.7255,0.7083,0.6929,0.6777,0.6667,0.6519,0.6394,0.6295,0.6194,0.609,0.6013,0.593,0.5833,0.5759,0.5683,0.5605,0.5555,0.5477,0.5414,0.5345,0.5296,0.5246,0.5195,0.5156,0.5081,0.5022,0.4973,0.4933
Test loss: 3.899,3.4087,3.0179,2.6624,2.3616,2.118,1.9295,1.7886,1.6756,1.5921,1.5306,1.4845,1.4597,1.4413,1.4251,1.4111,1.406,1.4029,1.3848,1.3798,1.3781,1.3879,1.3742,1.3789,1.3803,1.3761,1.3735,1.3769,1.3842,1.3809,1.3877,1.3882,1.3891,1.4047,1.3878,1.3914,1.393,1.4049,1.4163,1.4075,1.4118,1.4165,1.4249,1.4268,1.4333,1.4386,1.4462,1.4549,1.4494,1.4686
Train accuracy: 14.7,29.7,37.7,46.7,57.0,62.8,65.9,69.1,72.0,74.4,75.3,77.7,78.8,79.4,80.5,81.2,82.9,83.3,83.1,84.5,85.1,85.2,86.0,86.4,86.6,87.1,87.0,87.4,87.7,88.1,87.9,88.7,88.6,88.8,89.1,89.1,89.1,89.6,89.9,89.6,89.9,90.1,90.1,90.1,90.4,90.2,90.5,90.6,90.6,90.4
Test accuracy: 15.0,29.1,36.0,43.1,50.5,56.1,58.6,60.8,62.9,64.7,65.9,67.1,67.6,67.7,69.5,69.3,68.2,68.8,68.9,69.7,69.9,70.1,70.4,70.3,70.3,70.1,70.0,70.7,69.9,70.7,70.2,70.8,70.5,70.9,71.0,70.4,70.3,70.9,71.0,71.3,70.5,70.7,70.5,70.5,71.1,71.1,71.0,70.9,71.6,71.1
Rank: 100,100,100,100,100,100,100,100,100,100,100,100,100,100,100,100,100,100,100,100,100,100,100,100,100,100,100,100,100,100,100,100,100,100,100,100,100,100,100,100,100,100,100,100,100,100,100,100,100,100
Seed 10/10
Train loss: 3.8314,3.3489,2.9374,2.5485,2.1973,1.8927,1.643,1.4428,1.2874,1.1718,1.0837,1.0209,0.9693,0.9276,0.8908,0.8621,0.8314,0.8071,0.7851,0.7642,0.7464,0.7287,0.7154,0.7009,0.687,0.6765,0.6633,0.6524,0.6437,0.6327,0.624,0.6169,0.6083,0.5982,0.5914,0.5837,0.5765,0.5697,0.563,0.5601,0.5519,0.5449,0.5397,0.5343,0.5289,0.5246,0.5189,0.5145,0.51,0.5056
Test loss: 3.8533,3.3936,3.0042,2.6374,2.3121,2.0372,1.8213,1.6603,1.5475,1.4704,1.4237,1.3944,1.3567,1.3458,1.3288,1.3162,1.3114,1.2952,1.2995,1.302,1.3074,1.2909,1.2942,1.3056,1.3237,1.3081,1.3008,1.2925,1.2814,1.3057,1.3106,1.2999,1.3067,1.3044,1.3178,1.3409,1.3369,1.3278,1.3002,1.338,1.3172,1.3257,1.3426,1.3244,1.3403,1.3306,1.3515,1.3547,1.3604,1.3857
Train accuracy: 14.6,26.4,39.2,50.3,60.2,65.8,69.9,72.9,74.8,77.0,78.6,79.9,81.0,81.7,82.7,84.5,84.7,86.0,86.2,87.0,87.2,87.8,87.7,88.2,88.5,88.7,88.7,89.2,89.3,89.8,89.9,90.1,89.8,90.5,90.4,90.7,91.2,91.1,91.0,91.4,91.4,91.7,91.3,91.9,91.8,92.1,92.0,92.2,92.4,92.3
Test accuracy: 13.1,24.6,34.4,46.4,56.0,62.7,65.4,67.0,69.9,70.0,70.2,71.1,71.1,71.7,72.3,72.4,72.9,73.6,73.7,73.4,73.7,74.1,74.1,73.9,74.7,74.5,74.5,74.3,74.0,73.5,74.0,74.4,73.9,74.2,74.0,73.8,74.3,74.4,74.3,73.7,74.2,74.1,74.2,74.5,74.5,74.1,75.2,73.8,74.0,73.4
Rank: 100,100,100,100,100,100,100,100,100,100,100,100,100,100,100,100,100,100,100,100,100,100,100,100,100,100,100,100,100,100,100,100,100,100,100,100,100,100,100,100,100,100,100,100,100,100,100,100,100,100
