Seed 1/10
Train loss: 2.6357,1.2269,0.705,0.4833,0.3674,0.2887,0.2287,0.1847,0.1527,0.1294,0.1049,0.0876,0.0741,0.0649,0.0568,0.0496,0.0433,0.039,0.0343,0.0318,0.0289,0.0259,0.0237,0.0216,0.0201,0.0188,0.0173,0.0163,0.0151,0.0141,0.0133,0.0126,0.0119,0.0113,0.0106,0.0101,0.0097,0.0091,0.0087,0.0083,0.0079,0.0075,0.0072,0.0069,0.0066,0.0064,0.0061,0.0058,0.0057,0.0054
Test loss: 2.6895,1.333,0.8654,0.7066,0.64,0.6096,0.5867,0.5769,0.5652,0.5564,0.5639,0.5525,0.5538,0.5581,0.5511,0.5577,0.5627,0.5617,0.5669,0.5769,0.5777,0.573,0.5741,0.576,0.5731,0.5759,0.5757,0.5791,0.5789,0.5834,0.5865,0.587,0.5898,0.5878,0.5916,0.59,0.5975,0.5946,0.5994,0.5995,0.6058,0.6028,0.6061,0.6085,0.6105,0.6102,0.6121,0.6139,0.6163,0.6182
Train accuracy: 55.3,80.0,85.9,90.6,93.0,94.9,96.6,97.6,98.1,98.8,99.4,99.7,99.9,99.9,99.9,100.0,100.0,100.0,100.0,100.0,100.0,100.0,100.0,100.0,100.0,100.0,100.0,100.0,100.0,100.0,100.0,100.0,100.0,100.0,100.0,100.0,100.0,100.0,100.0,100.0,100.0,100.0,100.0,100.0,100.0,100.0,100.0,100.0,100.0,100.0
Test accuracy: 52.5,76.3,81.2,83.7,83.5,85.2,86.3,86.3,86.3,85.7,85.9,86.6,86.4,85.8,86.0,86.0,86.2,86.2,86.1,85.6,85.2,85.9,86.5,85.8,86.6,86.6,86.3,86.2,86.4,86.5,86.7,86.3,86.4,86.6,86.2,86.3,86.4,86.3,86.7,86.7,86.5,86.7,86.7,86.5,86.3,87.1,86.7,86.9,86.4,86.8
Rank: 100,100,100,100,100,100,100,100,100,100,100,100,100,100,100,100,100,100,100,100,100,100,100,100,100,100,100,100,100,100,100,100,100,100,100,100,100,100,100,100,100,100,100,100,100,100,100,100,100,100
Seed 2/10
Train loss: 2.6039,1.2402,0.7221,0.497,0.363,0.2778,0.2173,0.1833,0.1444,0.1197,0.0981,0.0813,0.072,0.0606,0.0531,0.0462,0.0409,0.0367,0.033,0.0295,0.0272,0.0246,0.0227,0.0208,0.0193,0.0178,0.0166,0.0157,0.0145,0.0136,0.0128,0.0121,0.0113,0.0108,0.0101,0.0097,0.0092,0.0087,0.0083,0.008,0.0076,0.0072,0.0069,0.0066,0.0064,0.0061,0.0058,0.0056,0.0054,0.0052
Test loss: 2.669,1.383,0.9328,0.7897,0.7187,0.6792,0.6608,0.664,0.6514,0.6574,0.6384,0.6408,0.6568,0.6521,0.6519,0.659,0.6609,0.6547,0.6691,0.6715,0.6723,0.6775,0.6787,0.6821,0.6918,0.6883,0.6903,0.7005,0.7035,0.7047,0.7112,0.7111,0.7101,0.7171,0.7193,0.7215,0.7262,0.7256,0.7315,0.7322,0.7377,0.7381,0.7392,0.7474,0.747,0.752,0.7525,0.7564,0.7603,0.7602
Train accuracy: 53.2,80.1,86.0,90.3,93.1,95.3,96.6,97.8,98.7,99.1,99.4,99.7,99.8,99.9,100.0,100.0,100.0,100.0,100.0,100.0,100.0,100.0,100.0,100.0,100.0,100.0,100.0,100.0,100.0,100.0,100.0,100.0,100.0,100.0,100.0,100.0,100.0,100.0,100.0,100.0,100.0,100.0,100.0,100.0,100.0,100.0,100.0,100.0,100.0,100.0
Test accuracy: 49.7,74.9,80.3,81.1,81.8,83.8,84.2,83.7,84.0,83.9,84.8,84.8,83.9,84.5,84.4,84.9,84.3,85.5,84.7,84.9,84.9,85.0,85.1,85.4,84.9,85.6,85.5,85.1,85.3,85.4,85.0,85.2,85.4,85.3,85.1,85.3,85.5,85.1,85.4,85.2,85.3,85.1,85.4,85.5,85.4,85.5,85.1,85.4,85.4,85.3
Rank: 100,100,100,100,100,100,100,100,100,100,100,100,100,100,100,100,100,100,100,100,100,100,100,100,100,100,100,100,100,100,100,100,100,100,100,100,100,100,100,100,100,100,100,100,100,100,100,100,100,100
Seed 3/10
Train loss: 2.5861,1.2117,0.715,0.507,0.377,0.2953,0.2345,0.1888,0.1522,0.1252,0.105,0.0915,0.0775,0.0666,0.0579,0.0504,0.0452,0.0395,0.0352,0.0327,0.0292,0.0264,0.0244,0.0225,0.0209,0.0193,0.0178,0.0165,0.0157,0.0146,0.0137,0.0129,0.0123,0.0115,0.0109,0.0104,0.0099,0.0094,0.0089,0.0085,0.0081,0.0078,0.0074,0.0071,0.0068,0.0065,0.0063,0.006,0.0058,0.0056
Test loss: 2.6464,1.3289,0.9053,0.7664,0.7,0.6623,0.6326,0.6242,0.6136,0.6053,0.608,0.6072,0.606,0.6036,0.6089,0.6057,0.61,0.6065,0.6051,0.6121,0.6098,0.6139,0.6134,0.6168,0.6121,0.6186,0.6225,0.6231,0.6296,0.6292,0.6305,0.6371,0.6399,0.6386,0.642,0.645,0.6499,0.6461,0.6522,0.6518,0.6513,0.6575,0.6618,0.6629,0.6641,0.6635,0.6659,0.6686,0.6747,0.6728
Train accuracy: 55.1,80.4,86.0,89.6,92.7,94.8,96.4,97.6,98.5,99.3,99.6,99.6,99.8,99.8,99.9,100.0,100.0,100.0,100.0,100.0,100.0,100.0,100.0,100.0,100.0,100.0,100.0,100.0,100.0,100.0,100.0,100.0,100.0,100.0,100.0,100.0,100.0,100.0,100.0,100.0,100.0,100.0,100.0,100.0,100.0,100.0,100.0,100.0,100.0,100.0
Test accuracy: 53.6,76.3,81.1,81.4,83.5,84.3,84.4,84.5,84.3,84.3,85.3,84.6,85.4,84.9,85.2,85.1,85.3,84.9,85.3,85.7,85.7,85.7,85.3,85.4,85.9,85.9,85.7,85.6,85.7,85.9,85.6,85.6,85.5,85.5,85.2,85.7,85.5,85.6,85.4,85.4,85.5,85.5,85.4,85.5,85.6,85.8,85.6,85.4,85.6,85.8
Rank: 100,100,100,100,100,100,100,100,100,100,100,100,100,100,100,100,100,100,100,100,100,100,100,100,100,100,100,100,100,100,100,100,100,100,100,100,100,100,100,100,100,100,100,100,100,100,100,100,100,100
Seed 4/10
Train loss: 2.5503,1.2406,0.743,0.5177,0.3832,0.2976,0.2297,0.1921,0.155,0.1259,0.1064,0.087,0.0751,0.0679,0.0556,0.0506,0.0431,0.0392,0.0352,0.0322,0.029,0.0273,0.0248,0.0228,0.0205,0.0191,0.0178,0.0169,0.0157,0.015,0.0138,0.013,0.0124,0.0118,0.0109,0.0104,0.0099,0.0094,0.009,0.0085,0.0082,0.0079,0.0075,0.0071,0.0069,0.0066,0.0063,0.0061,0.0058,0.0056
Test loss: 2.6308,1.3827,0.959,0.7922,0.7038,0.6613,0.6359,0.6267,0.6351,0.6296,0.6362,0.6247,0.6315,0.6366,0.6285,0.6506,0.6323,0.6419,0.6433,0.6479,0.649,0.6598,0.6568,0.6607,0.6606,0.6601,0.6669,0.6664,0.674,0.6752,0.6736,0.678,0.6832,0.6844,0.6866,0.6893,0.6958,0.6948,0.6955,0.7032,0.7013,0.7066,0.7085,0.7092,0.7113,0.7175,0.7193,0.7181,0.7215,0.7228
Train accuracy: 56.2,80.6,85.6,89.3,92.3,94.1,96.1,97.1,98.3,99.0,99.2,99.6,99.8,99.7,99.9,99.9,99.9,100.0,100.0,100.0,100.0,100.0,100.0,100.0,100.0,100.0,100.0,100.0,100.0,100.0,100.0,100.0,100.0,100.0,100.0,100.0,100.0,100.0,100.0,100.0,100.0,100.0,100.0,100.0,100.0,100.0,100.0,100.0,100.0,100.0
Test accuracy: 52.7,76.5,80.3,83.1,83.7,84.1,84.5,84.1,83.5,84.4,83.9,84.2,84.3,84.0,84.6,84.2,84.8,84.5,84.5,85.2,84.5,84.3,84.5,84.5,84.9,84.8,84.4,85.0,84.9,85.0,84.8,84.8,84.7,85.1,84.9,85.0,84.6,84.8,84.9,84.8,84.8,84.9,84.7,84.9,85.0,84.9,85.0,85.1,85.0,84.9
Rank: 100,100,100,100,100,100,100,100,100,100,100,100,100,100,100,100,100,100,100,100,100,100,100,100,100,100,100,100,100,100,100,100,100,100,100,100,100,100,100,100,100,100,100,100,100,100,100,100,100,100
Seed 5/10
Train loss: 2.6562,1.2041,0.7014,0.5012,0.3692,0.2853,0.2334,0.1917,0.154,0.127,0.1077,0.0915,0.0762,0.066,0.0572,0.0507,0.0448,0.0397,0.0359,0.0323,0.0292,0.0264,0.0248,0.0226,0.0203,0.019,0.0176,0.0163,0.0153,0.0144,0.0135,0.0128,0.012,0.0114,0.0108,0.0102,0.0097,0.0093,0.0088,0.0084,0.0081,0.0077,0.0074,0.0071,0.0068,0.0065,0.0062,0.006,0.0057,0.0055
Test loss: 2.7268,1.3277,0.8919,0.7635,0.6829,0.6569,0.6425,0.6316,0.6254,0.6162,0.6069,0.6188,0.6204,0.6201,0.6196,0.6298,0.6209,0.6266,0.6268,0.6393,0.6427,0.6424,0.6577,0.651,0.6585,0.6608,0.6616,0.6654,0.6691,0.6704,0.674,0.6771,0.6779,0.6831,0.6859,0.6883,0.6943,0.6927,0.695,0.6999,0.7036,0.7037,0.7087,0.7094,0.7136,0.7158,0.7182,0.7221,0.7234,0.725
Train accuracy: 53.0,80.2,86.4,89.4,92.9,95.1,96.3,97.3,98.1,98.8,99.1,99.4,99.8,99.9,99.9,100.0,100.0,100.0,100.0,100.0,100.0,100.0,100.0,100.0,100.0,100.0,100.0,100.0,100.0,100.0,100.0,100.0,100.0,100.0,100.0,100.0,100.0,100.0,100.0,100.0,100.0,100.0,100.0,100.0,100.0,100.0,100.0,100.0,100.0,100.0
Test accuracy: 49.4,76.7,81.8,80.9,84.0,82.6,84.0,84.6,84.0,84.7,84.4,84.4,84.4,84.4,84.5,84.3,84.9,84.8,85.0,84.4,84.8,84.5,84.5,85.0,84.3,84.3,84.5,84.8,84.5,84.7,84.9,84.7,84.9,85.1,84.7,84.4,85.0,84.4,84.8,84.6,84.6,84.5,84.5,84.8,84.8,85.0,84.8,84.7,84.7,85.0
Rank: 100,100,100,100,100,100,100,100,100,100,100,100,100,100,100,100,100,100,100,100,100,100,100,100,100,100,100,100,100,100,100,100,100,100,100,100,100,100,100,100,100,100,100,100,100,100,100,100,100,100
Seed 6/10
Train loss: 2.5577,1.2096,0.7242,0.5257,0.397,0.3014,0.24,0.1925,0.1574,0.1297,0.1095,0.0914,0.0763,0.0688,0.0621,0.0511,0.0447,0.039,0.035,0.0332,0.03,0.0265,0.0243,0.0223,0.0206,0.0193,0.0181,0.0167,0.0156,0.0146,0.014,0.0129,0.0122,0.0115,0.0109,0.0104,0.0099,0.0094,0.0089,0.0086,0.0082,0.0079,0.0076,0.0072,0.0069,0.0066,0.0063,0.0061,0.0058,0.0056
Test loss: 2.6003,1.3025,0.8843,0.7528,0.6874,0.6338,0.6086,0.6046,0.5911,0.6007,0.5878,0.5952,0.5841,0.5953,0.6046,0.5924,0.5968,0.6028,0.6019,0.6069,0.6099,0.6154,0.6147,0.6165,0.6175,0.6157,0.6261,0.6229,0.6259,0.6267,0.6319,0.6323,0.6356,0.6363,0.6365,0.6402,0.6439,0.6425,0.6463,0.6482,0.6517,0.6544,0.6571,0.6595,0.6586,0.6615,0.6614,0.6652,0.6656,0.6672
Train accuracy: 56.1,79.4,86.0,88.5,91.9,94.4,96.0,97.3,98.1,99.0,99.3,99.6,99.8,99.7,99.8,99.9,100.0,100.0,100.0,100.0,100.0,100.0,100.0,100.0,100.0,100.0,100.0,100.0,100.0,100.0,100.0,100.0,100.0,100.0,100.0,100.0,100.0,100.0,100.0,100.0,100.0,100.0,100.0,100.0,100.0,100.0,100.0,100.0,100.0,100.0
Test accuracy: 53.2,76.7,81.6,81.8,83.2,84.8,84.7,85.4,85.5,84.6,84.7,85.1,84.8,84.7,84.2,84.7,84.3,85.1,84.9,84.9,85.2,85.2,85.1,85.0,85.2,85.3,85.0,85.3,85.2,85.4,85.7,85.7,85.7,85.6,85.4,85.4,85.5,85.4,85.5,85.4,85.4,85.5,85.4,85.7,85.6,85.5,85.4,85.6,85.7,85.5
Rank: 100,100,100,100,100,100,100,100,100,100,100,100,100,100,100,100,100,100,100,100,100,100,100,100,100,100,100,100,100,100,100,100,100,100,100,100,100,100,100,100,100,100,100,100,100,100,100,100,100,100
Seed 7/10
Train loss: 2.5231,1.2019,0.7182,0.4997,0.3797,0.3038,0.2343,0.1856,0.1528,0.1279,0.1093,0.0915,0.0811,0.0656,0.0584,0.0508,0.045,0.0397,0.0363,0.033,0.0299,0.0269,0.0251,0.023,0.021,0.0197,0.018,0.0168,0.0156,0.0146,0.0138,0.013,0.0123,0.0116,0.0109,0.0104,0.01,0.0094,0.009,0.0085,0.0081,0.0078,0.0074,0.0071,0.0068,0.0065,0.0063,0.006,0.0058,0.0056
Test loss: 2.5712,1.2928,0.8821,0.7246,0.6555,0.6401,0.6002,0.5809,0.5711,0.5731,0.5761,0.5651,0.578,0.5654,0.5679,0.5668,0.5637,0.569,0.5672,0.5699,0.5717,0.5724,0.5795,0.5773,0.5805,0.5844,0.5827,0.5822,0.5864,0.5867,0.5875,0.5917,0.5961,0.5996,0.5995,0.598,0.6027,0.6027,0.6051,0.6067,0.6077,0.6108,0.6105,0.6134,0.6151,0.6183,0.6187,0.6195,0.6234,0.6232
Train accuracy: 60.3,81.2,86.1,90.0,92.2,94.5,96.4,97.6,98.5,99.0,99.3,99.6,99.7,99.9,99.9,100.0,99.9,100.0,100.0,100.0,100.0,100.0,100.0,100.0,100.0,100.0,100.0,100.0,100.0,100.0,100.0,100.0,100.0,100.0,100.0,100.0,100.0,100.0,100.0,100.0,100.0,100.0,100.0,100.0,100.0,100.0,100.0,100.0,100.0,100.0
Test accuracy: 56.9,76.5,79.7,82.9,83.5,83.6,84.4,85.2,85.3,85.7,85.6,85.2,85.6,86.2,86.0,86.2,85.8,86.2,85.8,85.9,85.8,86.0,85.1,86.0,85.8,86.1,86.1,85.8,86.0,86.0,86.2,85.9,85.7,85.5,85.7,85.6,85.7,85.8,85.7,85.8,85.9,85.5,85.6,85.5,85.7,85.7,85.7,85.6,85.8,85.8
Rank: 100,100,100,100,100,100,100,100,100,100,100,100,100,100,100,100,100,100,100,100,100,100,100,100,100,100,100,100,100,100,100,100,100,100,100,100,100,100,100,100,100,100,100,100,100,100,100,100,100,100
Seed 8/10
Train loss: 2.5392,1.2124,0.7354,0.5145,0.3891,0.3047,0.2403,0.1991,0.1607,0.1321,0.1135,0.0927,0.0818,0.0712,0.0606,0.0528,0.0469,0.042,0.0387,0.0342,0.0308,0.0285,0.0258,0.0237,0.0218,0.0203,0.019,0.0177,0.0165,0.0154,0.0147,0.0137,0.0129,0.0122,0.0115,0.0109,0.0104,0.0099,0.0093,0.0089,0.0085,0.0082,0.0078,0.0074,0.0071,0.0068,0.0066,0.0063,0.006,0.0058
Test loss: 2.6119,1.342,0.9358,0.7674,0.7086,0.6672,0.6469,0.648,0.6481,0.6448,0.651,0.6337,0.6499,0.6481,0.6588,0.6449,0.6539,0.655,0.6574,0.6687,0.6698,0.6725,0.6761,0.6833,0.6813,0.6828,0.6883,0.687,0.6977,0.6928,0.7,0.6997,0.7039,0.7069,0.7093,0.7144,0.7207,0.7249,0.7248,0.7303,0.7352,0.7346,0.7355,0.7394,0.7419,0.7464,0.7494,0.7495,0.7525,0.7531
Train accuracy: 57.0,79.6,85.8,89.1,92.3,94.2,96.2,97.3,98.4,98.9,99.2,99.5,99.5,99.8,99.9,100.0,100.0,100.0,100.0,100.0,100.0,100.0,100.0,100.0,100.0,100.0,100.0,100.0,100.0,100.0,100.0,100.0,100.0,100.0,100.0,100.0,100.0,100.0,100.0,100.0,100.0,100.0,100.0,100.0,100.0,100.0,100.0,100.0,100.0,100.0
Test accuracy: 53.6,75.6,79.3,82.5,83.1,83.3,84.6,84.6,84.6,84.2,84.1,85.1,84.5,85.0,85.0,85.2,84.2,84.8,84.9,84.3,84.7,84.9,84.8,84.9,84.9,84.5,84.7,84.9,85.0,84.9,84.7,85.1,85.2,85.0,84.7,84.8,84.5,84.6,84.8,84.5,84.7,84.6,84.7,84.8,84.8,84.6,84.8,84.7,84.8,84.8
Rank: 100,100,100,100,100,100,100,100,100,100,100,100,100,100,100,100,100,100,100,100,100,100,100,100,100,100,100,100,100,100,100,100,100,100,100,100,100,100,100,100,100,100,100,100,100,100,100,100,100,100
Seed 9/10
Train loss: 2.5406,1.219,0.744,0.5279,0.3914,0.3051,0.2413,0.1918,0.1645,0.1332,0.108,0.0922,0.0792,0.0693,0.0577,0.0521,0.0458,0.0404,0.0363,0.0328,0.0295,0.027,0.0249,0.0229,0.021,0.0194,0.0181,0.017,0.016,0.0149,0.0139,0.0132,0.0124,0.0117,0.0111,0.0105,0.01,0.0095,0.0091,0.0086,0.0082,0.0079,0.0076,0.0072,0.0069,0.0066,0.0064,0.0061,0.0059,0.0056
Test loss: 2.5958,1.3351,0.9293,0.787,0.7033,0.6729,0.6395,0.6246,0.6367,0.6212,0.6078,0.6214,0.6173,0.6203,0.6202,0.6258,0.6268,0.6289,0.6314,0.6335,0.6331,0.636,0.6379,0.6421,0.64,0.6382,0.6456,0.6528,0.6511,0.6547,0.6533,0.6565,0.6615,0.664,0.6649,0.6631,0.6702,0.6713,0.6725,0.6728,0.6765,0.6766,0.6814,0.681,0.6843,0.686,0.6886,0.6883,0.6933,0.6932
Train accuracy: 54.5,80.1,85.7,89.1,91.9,94.5,95.6,97.2,98.1,98.7,99.2,99.7,99.9,99.9,100.0,99.9,100.0,100.0,100.0,100.0,100.0,100.0,100.0,100.0,100.0,100.0,100.0,100.0,100.0,100.0,100.0,100.0,100.0,100.0,100.0,100.0,100.0,100.0,100.0,100.0,100.0,100.0,100.0,100.0,100.0,100.0,100.0,100.0,100.0,100.0
Test accuracy: 52.0,75.8,79.5,82.4,83.8,83.8,84.1,84.5,84.2,84.2,85.0,84.6,84.6,84.4,84.9,84.9,84.5,85.0,84.9,84.8,85.2,85.1,85.0,85.2,85.1,85.4,85.1,84.9,85.0,85.3,85.5,85.4,85.7,85.4,85.4,85.5,85.6,85.6,85.6,85.7,85.5,85.4,85.4,85.6,85.7,85.6,85.4,85.8,85.7,86.0
Rank: 100,100,100,100,100,100,100,100,100,100,100,100,100,100,100,100,100,100,100,100,100,100,100,100,100,100,100,100,100,100,100,100,100,100,100,100,100,100,100,100,100,100,100,100,100,100,100,100,100,100
Seed 10/10
Train loss: 2.5508,1.2563,0.7537,0.5291,0.3845,0.2967,0.2366,0.1857,0.1515,0.1256,0.1024,0.0893,0.0745,0.0641,0.0563,0.0495,0.0434,0.041,0.0351,0.0322,0.0286,0.0263,0.024,0.022,0.0204,0.0189,0.0175,0.0165,0.0155,0.0144,0.0135,0.0127,0.0121,0.0114,0.0107,0.0102,0.0097,0.0092,0.0088,0.0084,0.008,0.0076,0.0073,0.007,0.0067,0.0065,0.0062,0.0059,0.0057,0.0055
Test loss: 2.6241,1.3957,0.955,0.7958,0.704,0.694,0.6596,0.6407,0.6365,0.6394,0.6366,0.6586,0.638,0.6449,0.6398,0.6539,0.6539,0.6567,0.661,0.6671,0.6673,0.6665,0.6688,0.6727,0.6742,0.6802,0.6838,0.6856,0.692,0.6898,0.6987,0.6971,0.7056,0.7096,0.708,0.7152,0.7157,0.7167,0.7182,0.7189,0.7276,0.729,0.7311,0.733,0.7367,0.7388,0.7417,0.7447,0.7452,0.7434
Train accuracy: 55.6,79.5,85.4,89.1,92.4,94.2,96.1,97.4,98.3,99.0,99.5,99.7,99.8,99.9,99.9,100.0,100.0,100.0,100.0,100.0,100.0,100.0,100.0,100.0,100.0,100.0,100.0,100.0,100.0,100.0,100.0,100.0,100.0,100.0,100.0,100.0,100.0,100.0,100.0,100.0,100.0,100.0,100.0,100.0,100.0,100.0,100.0,100.0,100.0,100.0
Test accuracy: 53.0,74.0,79.4,82.0,83.0,82.5,84.4,84.4,84.2,83.7,84.3,83.9,84.6,83.9,83.8,83.8,83.7,84.7,84.1,84.3,84.0,84.4,84.6,84.3,84.2,84.4,84.2,84.7,84.2,84.1,84.1,84.4,84.2,84.5,84.3,84.2,84.4,84.7,84.4,84.3,84.7,84.4,84.5,84.6,84.8,84.3,84.4,84.5,84.5,84.5
Rank: 100,100,100,100,100,100,100,100,100,100,100,100,100,100,100,100,100,100,100,100,100,100,100,100,100,100,100,100,100,100,100,100,100,100,100,100,100,100,100,100,100,100,100,100,100,100,100,100,100,100
