Seed 1/10
Train loss: 4.5177,4.3966,4.3201,4.2618,4.214,4.17,4.1326,4.0988,4.0686,4.0408,4.0145,3.9889,3.9655,3.9435,3.9234,3.9028,3.8874,3.8692,3.8531,3.8348,3.8205,3.8065,3.7919,3.778,3.7634,3.7501,3.7377,3.7243,3.7125,3.6995,3.6876,3.6744,3.6628,3.6508,3.6394,3.6294,3.6176,3.6075,3.5965,3.5883,3.5789,3.5674,3.5581,3.5492,3.5419,3.5321,3.5248,3.5163,3.5101,3.5003
Test loss: 4.5253,4.4096,4.3378,4.2864,4.2478,4.2083,4.1758,4.1502,4.1268,4.1067,4.0878,4.0646,4.0458,4.0306,4.0174,4.0013,3.9834,3.975,3.962,3.9577,3.9492,3.93,3.9256,3.9192,3.9075,3.8973,3.8947,3.8829,3.8713,3.8639,3.8549,3.8521,3.8401,3.8363,3.8339,3.8207,3.8174,3.8054,3.8072,3.8019,3.7883,3.7888,3.7871,3.7851,3.7824,3.7726,3.7637,3.762,3.7653,3.7563
Train accuracy: 2.6,3.2,3.4,3.8,4.0,4.7,5.2,5.1,5.0,4.9,4.9,5.0,5.0,5.2,5.3,5.2,5.2,5.6,5.7,5.6,5.6,5.8,5.9,6.0,6.1,5.9,6.2,6.0,5.8,6.3,6.7,6.6,6.6,6.6,6.8,6.8,7.1,7.0,7.0,7.1,7.5,7.5,7.4,7.4,7.4,7.8,7.4,7.5,7.4,8.3
Test accuracy: 2.7,2.9,3.5,3.8,4.2,4.6,5.1,4.8,4.6,4.7,4.6,4.7,5.7,5.1,5.2,5.5,5.8,5.5,5.5,5.4,5.0,6.2,5.6,5.7,5.9,6.1,5.8,5.8,6.0,5.9,6.1,5.9,6.2,5.6,5.8,5.9,6.2,5.9,6.5,6.0,6.3,6.3,6.6,6.2,6.2,7.4,6.8,7.2,6.5,7.6
Rank: 16,19,20,23,24,25,26,28,28,29,30,31,31,32,33,34,34,34,34,35,37,37,38,38,38,39,39,40,40,41,42,42,43,43,44,45,45,46,46,46,47,47,47,48,48,48,49,49,50,51
Seed 2/10
Train loss: 4.4693,4.345,4.2626,4.2015,4.1497,4.105,4.0654,4.0302,4.0011,3.9724,3.9441,3.9204,3.8972,3.875,3.8555,3.8357,3.818,3.8002,3.7848,3.7676,3.753,3.7375,3.7241,3.71,3.6962,3.6831,3.6691,3.6558,3.6438,3.6318,3.6201,3.6085,3.598,3.5874,3.5778,3.5659,3.5566,3.5474,3.5371,3.5278,3.519,3.5098,3.5016,3.4925,3.485,3.4762,3.4692,3.4603,3.4529,3.4471
Test loss: 4.4845,4.3734,4.3017,4.2492,4.205,4.1667,4.1384,4.1094,4.0837,4.0621,4.0394,4.0222,4.0056,3.9899,3.9735,3.9586,3.9458,3.9344,3.9211,3.912,3.9022,3.8897,3.8827,3.8734,3.863,3.8529,3.8477,3.8396,3.8326,3.825,3.816,3.8096,3.8049,3.8012,3.7896,3.7842,3.7804,3.7723,3.7707,3.7647,3.7585,3.7527,3.7511,3.746,3.7388,3.7327,3.7277,3.7248,3.7198,3.7188
Train accuracy: 2.3,2.3,3.2,3.5,4.2,5.0,5.3,5.3,4.9,4.5,4.7,4.8,4.9,5.2,5.2,5.3,5.6,5.9,6.1,6.1,6.3,6.4,6.4,6.6,6.3,6.6,6.5,6.8,6.7,7.0,6.9,7.1,7.2,7.1,7.3,7.4,7.8,7.4,7.8,7.7,7.9,8.1,8.0,7.6,8.0,8.6,8.9,9.0,8.9,9.1
Test accuracy: 1.8,2.2,3.2,3.3,3.5,5.2,4.8,4.5,4.0,3.5,3.7,4.1,4.0,4.2,4.5,4.3,4.8,5.3,5.2,5.1,5.3,5.6,5.3,5.7,5.6,5.7,5.4,5.6,5.9,6.0,6.1,6.2,5.9,5.9,6.2,5.7,5.9,5.6,5.7,5.7,6.1,6.2,6.5,6.6,6.4,6.6,6.7,6.5,6.3,6.7
Rank: 16,19,20,23,25,27,27,28,30,31,32,33,33,34,35,35,36,37,38,39,39,39,40,41,41,41,42,42,43,44,45,45,46,47,47,47,47,48,48,48,49,49,50,51,52,52,53,53,53,53
Seed 3/10
Train loss: 4.4799,4.3612,4.2884,4.227,4.179,4.1371,4.1002,4.0679,4.0375,4.0116,3.9852,3.9614,3.9379,3.9165,3.8958,3.8767,3.8581,3.8414,3.8267,3.8094,3.7957,3.7796,3.766,3.7524,3.7396,3.7263,3.7139,3.7018,3.6898,3.6779,3.6663,3.6572,3.6439,3.6327,3.6224,3.6118,3.6034,3.5928,3.5822,3.5733,3.5644,3.5553,3.5456,3.5369,3.5284,3.521,3.5133,3.504,3.4959,3.4884
Test loss: 4.4796,4.3693,4.3032,4.2516,4.2101,4.1748,4.1448,4.1166,4.0918,4.0714,4.0516,4.0331,4.0154,3.9983,3.9827,3.9665,3.9544,3.9415,3.9262,3.9162,3.9116,3.8944,3.8872,3.8737,3.866,3.8566,3.8516,3.8394,3.83,3.8274,3.8158,3.8137,3.7992,3.7934,3.7819,3.7814,3.7702,3.7598,3.7549,3.749,3.7433,3.7405,3.7311,3.7276,3.7238,3.7228,3.7173,3.7124,3.7129,3.7067
Train accuracy: 2.7,3.6,3.4,3.4,3.8,4.2,4.4,4.5,4.6,4.7,4.6,4.8,4.8,4.9,5.0,5.0,4.9,4.9,5.0,4.8,4.9,5.0,5.2,5.1,5.1,5.3,5.2,5.7,5.4,5.6,5.5,5.9,6.1,6.3,6.2,6.3,6.8,7.0,7.2,6.8,7.4,7.5,7.7,7.7,7.9,7.7,7.7,8.0,8.3,8.5
Test accuracy: 3.0,3.4,3.7,3.1,3.3,4.1,4.5,4.5,4.4,4.5,4.4,4.5,4.8,4.8,4.8,4.8,5.0,5.1,4.9,5.1,4.7,4.7,4.6,4.8,4.8,5.1,5.5,5.4,5.2,5.7,5.2,6.0,5.8,5.5,5.9,6.0,7.0,6.6,6.9,6.5,7.1,7.3,7.4,7.5,7.6,7.5,7.7,7.4,6.9,7.7
Rank: 15,19,20,23,24,26,26,27,28,29,29,31,31,32,33,34,35,35,36,36,37,37,38,38,39,39,39,40,41,43,43,44,44,45,46,46,47,48,48,49,49,50,51,51,52,52,52,53,53,54
Seed 4/10
Train loss: 4.4937,4.3587,4.2806,4.2255,4.1812,4.1438,4.1102,4.08,4.0514,4.0258,4.0044,3.9785,3.9582,3.9375,3.9184,3.9001,3.8837,3.8672,3.8519,3.8352,3.8209,3.8066,3.795,3.7791,3.768,3.755,3.7445,3.7312,3.7192,3.7077,3.6977,3.6863,3.6762,3.6666,3.6567,3.647,3.6376,3.6291,3.6203,3.6127,3.6022,3.5955,3.5857,3.5778,3.5702,3.5625,3.5548,3.5483,3.5417,3.5332
Test loss: 4.4946,4.3723,4.2971,4.2481,4.2065,4.1752,4.1479,4.1212,4.0959,4.0793,4.0616,4.0429,4.0251,4.0119,3.9945,3.9808,3.9649,3.955,3.9459,3.9339,3.923,3.9167,3.9008,3.8922,3.8864,3.8719,3.8716,3.8643,3.8542,3.8447,3.8355,3.8296,3.8245,3.8142,3.8132,3.8053,3.7984,3.792,3.788,3.7888,3.7802,3.7764,3.7713,3.7669,3.7648,3.762,3.7562,3.7486,3.751,3.7481
Train accuracy: 2.3,2.8,3.2,3.5,3.7,3.7,4.2,4.7,5.0,4.6,4.7,4.7,4.9,4.7,5.0,4.8,5.3,5.1,4.9,5.2,5.1,5.3,5.4,5.2,5.2,5.9,5.7,5.7,6.5,6.1,6.1,6.6,6.7,7.3,7.2,7.1,7.4,7.2,7.3,7.3,7.7,7.8,7.8,7.7,7.7,7.9,7.8,8.0,7.9,7.9
Test accuracy: 2.7,2.9,3.9,3.4,3.4,3.5,3.6,3.9,4.4,4.1,4.6,4.7,4.9,4.5,4.7,4.7,5.3,5.0,5.0,5.5,5.4,5.1,5.3,5.3,5.6,6.2,6.0,5.8,6.0,5.9,5.9,6.3,7.4,7.3,7.3,7.6,7.1,7.0,7.0,7.6,7.2,6.9,6.7,6.8,6.9,6.8,7.3,6.8,7.4,7.3
Rank: 15,19,22,23,24,25,26,28,29,30,32,32,32,33,33,34,34,36,36,37,38,38,38,39,40,40,40,41,42,42,42,43,43,44,45,45,45,46,46,47,48,48,48,48,49,49,50,51,51,51
Seed 5/10
Train loss: 4.4591,4.3398,4.2598,4.2015,4.1532,4.1144,4.0812,4.0506,4.0242,3.999,3.9768,3.9557,3.9365,3.9178,3.8985,3.8796,3.8637,3.8487,3.8316,3.8177,3.8025,3.7888,3.7756,3.762,3.7501,3.7381,3.7262,3.7151,3.7044,3.6952,3.6862,3.6736,3.6642,3.6552,3.6464,3.6352,3.629,3.62,3.61,3.6014,3.5934,3.5852,3.5775,3.5686,3.5613,3.5543,3.5458,3.5389,3.5323,3.525
Test loss: 4.4678,4.3577,4.2855,4.234,4.1923,4.1587,4.1305,4.1069,4.0864,4.0648,4.0475,4.0341,4.0165,4.0057,3.9893,3.9791,3.9651,3.9601,3.944,3.933,3.9228,3.9138,3.9038,3.8961,3.8885,3.8817,3.8718,3.8618,3.8558,3.8538,3.8424,3.8378,3.8329,3.8268,3.8256,3.8184,3.8188,3.8108,3.8069,3.8007,3.7943,3.7904,3.7888,3.7809,3.7762,3.7717,3.7703,3.7644,3.7672,3.7599
Train accuracy: 2.3,3.2,4.2,4.6,4.4,4.2,4.3,4.1,4.0,4.1,4.3,4.4,4.9,4.8,5.0,5.5,5.5,5.5,5.6,5.3,5.2,5.5,6.0,5.9,6.0,5.8,6.0,5.8,5.8,5.8,6.1,6.1,6.3,6.4,6.4,6.3,6.4,6.5,6.9,6.8,7.2,7.0,6.9,7.0,7.5,7.3,7.0,7.5,7.4,7.4
Test accuracy: 2.2,3.4,4.3,4.8,4.9,4.7,4.6,4.6,3.9,4.4,4.3,4.1,5.2,4.5,4.6,5.0,5.5,5.4,5.2,5.7,5.9,5.8,5.4,5.6,5.4,5.9,5.9,5.9,5.2,5.5,5.5,5.7,6.2,6.6,6.6,6.0,6.5,6.0,6.0,6.3,6.6,6.9,6.6,7.1,6.5,6.5,7.6,6.8,7.6,7.8
Rank: 15,18,20,22,24,25,26,26,28,29,30,31,31,31,32,33,33,33,33,34,35,35,37,37,38,39,39,40,40,40,40,42,42,42,42,43,44,44,44,45,45,45,46,46,46,47,48,48,48,48
Seed 6/10
Train loss: 4.4916,4.3706,4.2889,4.225,4.1701,4.1244,4.0844,4.0496,4.0198,3.9899,3.9631,3.9365,3.9126,3.8904,3.8679,3.8459,3.8259,3.8067,3.7869,3.7696,3.753,3.7373,3.7214,3.7062,3.6937,3.6776,3.6644,3.6511,3.6382,3.6255,3.6128,3.6011,3.5893,3.5772,3.5655,3.5569,3.546,3.5354,3.5249,3.5166,3.5051,3.4969,3.4892,3.4788,3.4717,3.4618,3.454,3.4475,3.4404,3.4313
Test loss: 4.5083,4.3968,4.3251,4.2682,4.2198,4.1798,4.1448,4.1146,4.0852,4.0618,4.0391,4.0165,4.0006,3.9827,3.9657,3.9397,3.9278,3.9119,3.8955,3.8855,3.8703,3.8582,3.851,3.8393,3.8289,3.818,3.8123,3.799,3.793,3.7837,3.779,3.7696,3.7614,3.7572,3.7469,3.7411,3.7353,3.7264,3.7257,3.7219,3.7131,3.7078,3.7004,3.6977,3.6906,3.6875,3.6795,3.6777,3.6821,3.6716
Train accuracy: 2.8,2.7,3.2,3.4,3.5,4.3,5.3,5.0,5.4,5.4,5.9,6.0,6.1,6.3,6.4,6.8,6.7,6.5,6.8,6.7,6.6,6.7,6.9,6.9,6.8,6.6,7.1,6.9,7.1,7.3,7.3,7.6,7.3,7.6,7.7,7.8,7.6,7.7,8.1,8.0,8.2,7.7,7.8,7.9,8.2,8.2,8.8,8.5,8.4,8.6
Test accuracy: 3.0,2.2,3.0,3.3,3.4,3.4,4.3,4.7,5.4,5.3,5.4,6.1,5.6,5.3,5.6,6.1,5.8,5.5,5.9,5.9,6.1,5.9,5.6,5.6,5.9,5.8,5.8,6.0,6.3,5.7,6.1,6.5,6.1,6.1,6.9,6.6,6.4,6.2,6.9,7.3,7.3,6.7,7.2,7.8,7.3,7.1,7.6,8.0,7.8,7.8
Rank: 15,17,19,22,24,25,26,27,29,30,31,32,33,33,35,35,36,37,38,38,38,38,39,40,40,40,42,42,43,44,44,44,45,45,45,46,46,47,47,48,49,49,49,50,50,51,51,51,52,53
Seed 7/10
Train loss: 4.4659,4.3522,4.2731,4.212,4.1609,4.1185,4.0811,4.0476,4.0165,3.9872,3.96,3.936,3.9123,3.8907,3.8709,3.8494,3.8306,3.8125,3.7944,3.7778,3.7622,3.7461,3.7321,3.7158,3.7011,3.6863,3.6724,3.6592,3.6462,3.6329,3.6212,3.6085,3.5969,3.5863,3.5764,3.5637,3.5535,3.5436,3.5326,3.5231,3.5127,3.5067,3.4953,3.486,3.4769,3.4688,3.4597,3.4545,3.4447,3.4368
Test loss: 4.4628,4.3621,4.2939,4.2387,4.1956,4.1584,4.1259,4.0973,4.0773,4.0485,4.0291,4.0051,3.9903,3.9762,3.9526,3.9383,3.9254,3.9123,3.8971,3.8883,3.874,3.8617,3.846,3.8346,3.8289,3.819,3.8034,3.7994,3.7823,3.7778,3.7664,3.762,3.7521,3.7515,3.7367,3.7338,3.7236,3.7211,3.7109,3.7016,3.7008,3.6875,3.6873,3.6828,3.6761,3.6676,3.6621,3.6599,3.6487,3.6433
Train accuracy: 2.6,3.3,3.8,4.3,3.6,3.7,3.9,4.3,4.7,5.1,5.3,5.3,5.7,5.7,5.5,5.5,5.6,5.6,5.9,6.0,6.1,6.3,6.4,6.3,6.6,6.2,6.3,6.3,6.4,6.7,6.5,6.8,6.4,6.6,6.8,6.6,7.0,7.2,7.4,7.3,7.4,7.9,7.6,7.0,7.1,7.5,7.7,7.5,8.1,7.9
Test accuracy: 2.7,3.7,3.5,3.6,3.5,3.8,4.3,4.3,4.7,4.9,4.9,5.2,5.5,5.3,5.7,5.5,5.9,5.6,5.4,5.8,5.5,5.8,5.7,5.7,5.3,5.3,5.3,5.5,5.3,5.4,5.5,5.4,5.0,5.2,5.2,5.2,5.3,6.2,6.2,6.6,6.3,6.6,6.3,5.8,6.3,6.8,6.5,6.8,6.4,7.0
Rank: 16,19,20,23,24,26,27,28,29,30,31,31,33,34,34,36,37,37,37,39,39,40,40,41,42,43,43,44,44,45,45,45,46,47,47,47,48,49,49,50,51,51,52,52,53,53,53,53,54,56
Seed 8/10
Train loss: 4.5026,4.3608,4.2774,4.2153,4.1665,4.1234,4.0871,4.0525,4.0226,3.9968,3.9713,3.9479,3.925,3.9039,3.8845,3.8663,3.8481,3.8304,3.8143,3.7997,3.7843,3.771,3.7569,3.747,3.7321,3.7198,3.7081,3.6973,3.6866,3.6768,3.6662,3.6561,3.6468,3.638,3.6298,3.6212,3.6141,3.6049,3.5968,3.5887,3.5814,3.5758,3.5674,3.5593,3.5524,3.5461,3.5397,3.5322,3.5251,3.5199
Test loss: 4.5046,4.3745,4.3021,4.2492,4.2084,4.1744,4.1462,4.1202,4.0967,4.078,4.0596,4.0401,4.0241,4.0106,3.994,3.9806,3.9704,3.9589,3.9476,3.937,3.9276,3.9143,3.9062,3.8997,3.894,3.8878,3.8812,3.8712,3.8637,3.858,3.8508,3.8478,3.8414,3.8332,3.8304,3.8236,3.8275,3.8141,3.8144,3.8077,3.8056,3.8013,3.7998,3.7924,3.7912,3.7885,3.7907,3.7855,3.7834,3.7863
Train accuracy: 3.1,2.3,2.4,3.1,3.9,3.9,4.1,4.6,5.1,5.2,5.1,5.0,5.0,4.9,5.2,5.1,5.2,5.4,5.7,5.8,5.8,5.9,5.7,5.6,5.8,5.7,6.1,6.1,5.9,6.2,6.1,6.1,6.3,6.0,6.1,6.1,6.2,6.5,6.6,6.2,6.4,6.8,6.7,6.7,7.0,7.0,7.2,7.2,7.3,7.6
Test accuracy: 2.7,2.1,2.3,3.1,3.4,3.5,4.0,4.5,4.7,4.7,4.5,4.9,4.9,5.1,5.1,4.9,5.0,4.9,5.5,5.3,4.9,4.7,4.6,4.7,4.7,4.6,4.7,5.2,5.5,4.7,5.2,4.7,4.9,5.0,4.9,5.5,5.6,6.1,6.3,6.2,6.4,6.5,6.2,6.3,6.6,6.6,6.5,6.4,6.8,6.8
Rank: 15,19,20,23,23,25,27,27,29,29,30,30,32,32,32,33,34,34,34,34,35,35,36,37,37,39,39,40,40,41,42,42,42,42,43,43,44,44,45,45,46,46,46,47,48,49,49,50,50,51
Seed 9/10
Train loss: 4.4973,4.3883,4.3096,4.2487,4.1959,4.1482,4.1073,4.0689,4.0346,4.0049,3.9773,3.9529,3.9299,3.9069,3.8868,3.8668,3.8485,3.8298,3.813,3.7966,3.7811,3.7652,3.7495,3.7346,3.7206,3.707,3.6934,3.6811,3.6689,3.6565,3.6459,3.6333,3.6222,3.6116,3.6028,3.5919,3.5821,3.5728,3.5616,3.5533,3.546,3.5344,3.5272,3.5175,3.5099,3.5013,3.4932,3.486,3.4784,3.4721
Test loss: 4.5087,4.4014,4.3265,4.2696,4.2229,4.1795,4.1437,4.1077,4.0781,4.0522,4.0309,4.0096,3.9886,3.9692,3.9552,3.937,3.9183,3.9061,3.8947,3.8791,3.8645,3.855,3.8425,3.8334,3.8221,3.8093,3.7994,3.7936,3.7805,3.7738,3.7659,3.756,3.753,3.744,3.7349,3.7275,3.7235,3.7156,3.7081,3.7005,3.6997,3.6911,3.6881,3.6865,3.6799,3.6724,3.6644,3.6635,3.6542,3.6527
Train accuracy: 2.3,2.4,2.9,3.3,3.7,4.7,4.3,4.4,4.2,4.2,4.9,4.7,5.3,5.3,4.9,5.7,6.0,5.9,5.9,5.7,5.8,5.7,5.6,5.6,5.8,5.8,6.0,6.2,6.1,6.0,6.1,6.2,6.6,6.3,6.7,7.0,6.6,6.8,6.7,6.9,6.8,7.2,6.9,7.1,6.8,7.3,7.2,7.3,7.7,7.3
Test accuracy: 1.9,2.3,2.8,3.4,3.3,4.9,4.7,5.3,4.5,4.0,4.4,3.9,4.5,4.2,4.5,5.5,5.8,5.5,5.8,5.3,5.6,5.5,5.3,5.2,5.5,5.7,5.8,5.8,5.8,6.0,6.0,6.7,6.9,6.4,6.5,6.7,6.7,6.4,6.7,6.7,6.3,6.7,6.8,6.8,6.5,7.0,7.1,6.7,7.0,7.1
Rank: 15,18,20,21,23,24,26,26,28,29,29,30,30,32,32,33,33,34,35,35,35,36,37,37,38,39,39,40,40,41,41,42,43,43,43,45,45,45,45,46,46,46,46,47,47,48,48,49,49,50
Seed 10/10
Train loss: 4.4677,4.3522,4.2793,4.2214,4.1735,4.1304,4.0921,4.058,4.0274,3.9988,3.9731,3.9497,3.9264,3.9062,3.8858,3.8664,3.8482,3.8319,3.8151,3.7998,3.7854,3.7701,3.757,3.7425,3.7295,3.7167,3.7064,3.6953,3.6823,3.6701,3.6587,3.6477,3.6376,3.6262,3.6165,3.6065,3.597,3.5874,3.5777,3.568,3.5588,3.5504,3.541,3.533,3.5229,3.5146,3.5067,3.4968,3.489,3.48
Test loss: 4.4726,4.3623,4.2938,4.2399,4.193,4.1554,4.1145,4.0839,4.0557,4.03,4.009,3.9883,3.9669,3.9485,3.9307,3.9187,3.9047,3.8904,3.8735,3.8632,3.8524,3.839,3.8287,3.8151,3.8048,3.7965,3.7904,3.7778,3.7689,3.759,3.7514,3.741,3.7364,3.7272,3.7194,3.714,3.7028,3.697,3.692,3.6851,3.6813,3.6726,3.6684,3.6643,3.6541,3.6504,3.6493,3.642,3.6346,3.6303
Train accuracy: 3.0,2.8,3.4,3.9,4.6,4.9,4.9,4.9,4.8,4.9,4.8,4.7,4.7,5.0,4.8,4.7,5.0,5.6,5.3,5.5,5.9,6.4,6.3,6.5,6.7,6.6,7.0,7.1,7.1,7.2,7.2,7.1,7.2,7.5,7.5,7.6,7.8,7.7,7.7,7.9,8.2,8.4,8.2,8.2,8.4,8.7,8.6,8.8,9.0,9.2
Test accuracy: 3.3,2.6,2.6,3.7,4.5,4.3,4.6,4.8,4.6,4.8,4.9,4.9,4.7,4.8,5.0,4.7,5.3,5.6,5.5,5.5,5.8,5.9,6.1,6.3,6.5,6.6,6.8,6.8,6.9,6.9,7.0,7.5,7.5,7.5,7.0,7.0,7.7,7.4,7.5,6.7,7.8,7.0,7.0,7.2,7.8,7.7,7.5,7.8,7.7,7.9
Rank: 15,18,20,21,21,24,25,25,27,28,29,29,31,32,32,32,33,34,34,34,35,36,36,36,37,38,40,41,41,42,42,42,43,43,43,44,44,45,45,45,46,46,47,48,48,49,49,49,50,50
