Seed 1/10
Train loss: 4.2967,4.0383,3.8647,3.7272,3.6093,3.5041,3.4103,3.3227,3.2379,3.1606,3.0866,3.0139,2.9469,2.8809,2.8196,2.7624,2.7102,2.66,2.6138,2.5708,2.529,2.4953,2.4577,2.4275,2.3928,2.3624,2.3363,2.313,2.2886,2.2615,2.241,2.2206,2.2017,2.1819,2.1603,2.1477,2.1308,2.1129,2.0947,2.0802,2.0702,2.0542,2.043,2.0288,2.0174,2.0073,1.9965,1.9854,1.9771,1.973
Test loss: 4.3083,4.0704,3.9196,3.7941,3.6897,3.5971,3.5191,3.4419,3.3719,3.3058,3.2444,3.1847,3.1336,3.0787,3.0302,2.9865,2.9416,2.9064,2.8734,2.8462,2.8168,2.7926,2.7696,2.7511,2.7257,2.7061,2.6901,2.6705,2.6635,2.6518,2.6362,2.632,2.6199,2.6099,2.6004,2.6028,2.5937,2.5861,2.5741,2.5663,2.5757,2.5532,2.553,2.5443,2.5414,2.5395,2.5389,2.5279,2.5267,2.5218
Train accuracy: 4.1,6.0,8.1,10.2,11.7,13.6,15.4,16.4,17.6,19.5,20.1,21.6,22.7,24.2,24.9,26.4,28.1,29.3,30.9,31.5,32.5,32.6,34.3,34.6,35.9,36.3,37.0,37.5,37.8,38.5,38.8,39.3,39.4,40.2,40.7,40.5,41.8,42.3,42.4,43.1,43.0,43.5,44.0,44.9,44.7,45.1,44.9,45.0,45.6,45.5
Test accuracy: 4.3,6.9,8.4,10.2,11.7,13.4,15.3,15.8,17.6,19.1,19.5,20.8,21.9,21.8,23.2,23.9,25.8,26.3,28.2,27.4,28.6,29.2,30.4,30.8,31.3,31.9,31.7,32.2,32.9,34.0,33.6,34.2,34.5,34.6,34.9,35.4,36.3,36.7,35.9,36.1,35.9,36.6,37.1,37.9,37.5,37.2,37.6,37.4,38.6,38.4
Rank: 55,68,80,89,95,98,100,100,100,100,100,100,100,100,100,100,100,100,100,100,100,100,100,100,100,100,100,100,100,100,100,100,100,100,100,100,100,100,100,100,100,100,100,100,100,100,100,100,100,100
Seed 2/10
Train loss: 4.2971,4.0406,3.8603,3.709,3.5772,3.4575,3.3496,3.2528,3.1598,3.0757,2.9957,2.9223,2.8516,2.7874,2.7276,2.671,2.6212,2.5729,2.5285,2.4873,2.4455,2.4092,2.3714,2.337,2.305,2.2746,2.2457,2.2176,2.1896,2.1685,2.1429,2.1217,2.1016,2.0803,2.0603,2.0459,2.0278,2.0098,1.9983,1.9802,1.9697,1.9569,1.949,1.9324,1.9232,1.9132,1.9001,1.8913,1.8821,1.8693
Test loss: 4.316,4.068,3.9002,3.761,3.6415,3.5375,3.4439,3.3598,3.2829,3.2086,3.146,3.0841,3.0303,2.9814,2.9326,2.8969,2.8662,2.829,2.8019,2.7787,2.7526,2.732,2.7116,2.6934,2.6813,2.6664,2.6506,2.6389,2.623,2.6137,2.6019,2.5969,2.5925,2.5856,2.5798,2.5742,2.5787,2.5713,2.5724,2.5682,2.5679,2.5652,2.5633,2.5526,2.5652,2.548,2.5528,2.5651,2.5577,2.5693
Train accuracy: 4.9,7.3,9.3,12.1,13.6,14.1,14.9,15.9,17.2,18.5,20.3,23.0,24.8,26.2,26.9,28.8,30.3,31.6,32.7,33.5,34.1,35.4,35.6,36.3,36.5,37.5,38.1,38.7,39.2,39.5,40.1,41.0,41.1,41.2,41.8,42.4,41.9,43.0,43.2,43.7,43.8,44.0,44.5,44.8,44.8,45.3,45.0,45.9,45.7,46.2
Test accuracy: 4.6,7.1,9.8,11.2,12.6,13.9,15.0,15.0,17.0,18.4,20.0,21.1,23.0,23.6,24.0,24.9,26.7,27.9,28.5,28.9,29.0,29.2,29.9,30.4,32.1,32.6,33.7,33.9,33.5,34.2,34.0,35.0,34.1,34.9,33.6,34.5,35.4,35.3,34.8,36.1,36.2,35.6,35.8,36.0,35.4,36.5,36.6,38.0,36.5,36.0
Rank: 58,70,82,89,94,98,100,100,100,100,100,100,100,100,100,100,100,100,100,100,100,100,100,100,100,100,100,100,100,100,100,100,100,100,100,100,100,100,100,100,100,100,100,100,100,100,100,100,100,100
Seed 3/10
Train loss: 4.3159,4.073,3.9114,3.7742,3.6583,3.5487,3.4571,3.3696,3.2915,3.2165,3.148,3.0809,3.019,2.9567,2.9007,2.8469,2.7891,2.743,2.6928,2.6432,2.5977,2.558,2.518,2.4843,2.4494,2.4206,2.3954,2.3639,2.3378,2.3175,2.2971,2.2723,2.2539,2.2338,2.2189,2.2043,2.1857,2.1712,2.1576,2.147,2.1304,2.1178,2.1059,2.0934,2.0838,2.0775,2.0653,2.052,2.05,2.042
Test loss: 4.3159,4.0929,3.9489,3.8301,3.7265,3.6322,3.5551,3.4818,3.4153,3.3554,3.2979,3.2486,3.1975,3.1502,3.1056,3.0632,3.0178,2.9895,2.946,2.9102,2.8835,2.8567,2.8276,2.8084,2.7825,2.7597,2.7471,2.7293,2.7155,2.7013,2.6902,2.6805,2.6811,2.668,2.6678,2.6675,2.6594,2.6549,2.6506,2.6533,2.6433,2.6423,2.6403,2.638,2.6376,2.6431,2.6415,2.6365,2.6406,2.6399
Train accuracy: 5.5,6.9,8.3,9.9,11.9,13.4,15.1,17.0,18.6,19.6,21.3,22.7,24.0,24.7,25.3,26.4,27.3,28.0,28.8,29.3,29.6,31.3,31.4,32.4,32.9,32.5,33.7,34.6,35.4,35.4,35.9,36.4,37.2,37.8,38.1,38.7,39.2,39.4,39.7,40.1,41.0,41.2,41.7,41.8,42.1,42.3,42.9,43.2,43.1,42.7
Test accuracy: 5.6,7.0,8.6,9.8,12.0,13.9,15.9,17.7,19.4,20.3,21.3,22.3,23.2,23.0,24.1,24.8,25.7,25.8,27.7,27.5,28.0,29.6,28.4,30.4,29.8,30.3,30.2,31.1,32.5,32.5,32.9,33.0,33.0,33.5,33.3,34.5,34.4,34.5,35.6,34.8,36.2,35.7,35.7,36.3,36.2,36.4,36.2,36.2,35.6,35.8
Rank: 56,68,76,85,88,92,96,97,98,99,100,100,100,100,100,100,100,100,100,100,100,100,100,100,100,100,100,100,100,100,100,100,100,100,100,100,100,100,100,100,100,100,100,100,100,100,100,100,100,100
Seed 4/10
Train loss: 4.1708,3.9357,3.7629,3.621,3.4991,3.3834,3.279,3.1837,3.0957,3.0149,2.9401,2.8705,2.8067,2.7475,2.6911,2.6371,2.5878,2.5377,2.4897,2.4494,2.4027,2.3641,2.3264,2.2916,2.2572,2.227,2.1943,2.1698,2.1424,2.1129,2.089,2.0668,2.0471,2.0288,2.0097,1.9935,1.9763,1.9595,1.944,1.9269,1.9172,1.9044,1.8931,1.877,1.8639,1.8648,1.847,1.835,1.8259,1.8148
Test loss: 4.1801,3.947,3.7879,3.6547,3.5423,3.4391,3.3427,3.2549,3.1787,3.1057,3.038,2.9812,2.9278,2.878,2.8332,2.7905,2.7556,2.7183,2.6816,2.6559,2.6204,2.5946,2.5639,2.5446,2.5204,2.5005,2.4817,2.4696,2.4477,2.4309,2.4216,2.4099,2.4023,2.3917,2.3778,2.3736,2.3676,2.3627,2.3528,2.3558,2.3555,2.3488,2.3416,2.34,2.3325,2.3366,2.3251,2.3231,2.3217,2.3156
Train accuracy: 5.4,7.4,9.5,13.4,14.8,16.5,17.6,18.8,19.6,21.0,22.9,24.0,25.7,27.0,28.5,29.9,31.1,32.2,33.3,33.6,34.9,35.2,36.1,37.2,37.7,38.7,39.3,40.3,41.0,42.4,43.5,43.9,43.8,44.6,45.4,46.3,46.1,46.7,47.4,48.0,48.5,48.8,48.6,49.5,49.8,49.7,49.9,50.1,50.3,51.0
Test accuracy: 4.9,7.9,9.9,14.0,14.7,15.5,16.1,18.3,18.4,19.4,21.5,22.0,24.6,25.1,25.4,27.4,27.7,28.2,29.0,29.6,30.6,30.6,30.7,31.3,31.5,32.3,32.5,32.9,34.8,34.2,35.8,35.9,36.3,36.4,36.6,37.8,38.3,37.9,38.7,38.4,39.3,38.9,39.5,39.6,40.0,40.5,41.0,40.9,41.5,40.5
Rank: 65,74,84,90,97,99,100,100,100,100,100,100,100,100,100,100,100,100,100,100,100,100,100,100,100,100,100,100,100,100,100,100,100,100,100,100,100,100,100,100,100,100,100,100,100,100,100,100,100,100
Seed 5/10
Train loss: 4.2483,3.9916,3.8082,3.6592,3.5288,3.4122,3.3067,3.2097,3.1207,3.0373,2.9611,2.8866,2.8191,2.7519,2.6891,2.6274,2.5753,2.5187,2.4696,2.4214,2.3782,2.339,2.3025,2.2676,2.237,2.2045,2.1758,2.149,2.128,2.1092,2.09,2.0699,2.0492,2.0357,2.0196,2.0103,1.9978,1.983,1.9679,1.9591,1.9482,1.9363,1.9253,1.9167,1.9067,1.8976,1.8887,1.8768,1.8692,1.8633
Test loss: 4.2638,4.0273,3.8622,3.7314,3.6163,3.5158,3.425,3.3395,3.2645,3.1914,3.1326,3.07,3.017,2.9567,2.9087,2.8575,2.8116,2.7672,2.7305,2.6904,2.6597,2.6264,2.5982,2.576,2.5549,2.5336,2.5183,2.5062,2.494,2.4866,2.4751,2.4652,2.4504,2.4571,2.441,2.4378,2.4384,2.4335,2.4307,2.4263,2.4207,2.4186,2.4181,2.4167,2.4164,2.4075,2.4148,2.4107,2.4116,2.4145
Train accuracy: 5.9,8.1,9.9,12.3,13.7,15.1,16.3,17.6,20.0,22.0,24.0,24.6,25.9,27.4,28.2,29.5,30.9,32.2,33.6,34.9,36.3,37.2,38.2,39.4,39.9,40.7,41.7,42.3,42.8,43.4,43.5,44.1,44.8,44.8,44.9,45.2,45.9,46.1,46.6,46.2,46.9,47.4,47.6,47.8,47.6,47.9,48.1,48.2,48.0,48.4
Test accuracy: 5.9,8.2,10.1,12.2,13.7,14.6,15.1,16.1,17.4,20.1,22.2,22.0,22.6,24.0,24.5,25.0,27.3,29.5,29.2,30.7,32.2,34.2,33.8,35.6,35.9,36.9,37.9,37.9,38.1,39.1,38.6,40.3,39.9,38.9,38.8,39.4,39.9,41.2,40.3,40.1,40.6,40.5,41.0,40.3,41.2,42.2,42.7,42.3,42.5,41.5
Rank: 63,73,82,89,95,98,99,100,100,100,100,100,100,100,100,100,100,100,100,100,100,100,100,100,100,100,100,100,100,100,100,100,100,100,100,100,100,100,100,100,100,100,100,100,100,100,100,100,100,100
Seed 6/10
Train loss: 4.2447,3.9945,3.8215,3.679,3.5583,3.4423,3.3425,3.2465,3.1583,3.0763,2.9984,2.9256,2.8558,2.7938,2.7399,2.6808,2.6268,2.576,2.5314,2.488,2.447,2.4118,2.3776,2.3422,2.306,2.2757,2.2491,2.2231,2.1964,2.1728,2.1493,2.1308,2.1111,2.0918,2.072,2.0596,2.0377,2.023,2.0104,1.9966,1.9864,1.9702,1.9589,1.9457,1.9327,1.9253,1.9147,1.9038,1.8931,1.8834
Test loss: 4.2616,4.031,3.8729,3.7445,3.6342,3.5366,3.4474,3.3671,3.291,3.2175,3.1507,3.0902,3.0333,2.986,2.9487,2.8972,2.8602,2.8227,2.783,2.7576,2.7314,2.7088,2.691,2.6665,2.6379,2.6167,2.6058,2.5873,2.5764,2.5622,2.5462,2.5319,2.5211,2.5142,2.506,2.5012,2.4831,2.4771,2.4689,2.4614,2.4662,2.4524,2.4484,2.4357,2.4277,2.4316,2.4234,2.4143,2.41,2.4077
Train accuracy: 4.7,7.2,9.6,11.0,11.8,13.5,15.3,18.1,21.1,22.3,23.2,24.4,25.6,27.5,27.8,28.7,30.1,31.7,32.8,33.4,34.7,34.9,35.8,36.6,37.7,38.4,39.0,39.5,40.2,40.9,41.1,41.7,42.2,42.8,43.0,44.4,44.4,44.6,45.3,45.3,45.6,46.2,46.7,46.9,46.9,47.6,47.7,48.2,48.3,48.7
Test accuracy: 4.6,7.7,10.9,11.5,11.5,12.7,15.4,18.3,20.8,22.7,23.1,22.1,24.5,25.3,26.0,27.6,27.9,29.6,30.0,31.0,31.0,30.5,32.4,32.8,33.5,33.9,33.2,33.1,33.7,34.1,35.9,35.2,35.8,35.8,37.1,35.1,37.5,37.4,37.8,37.0,37.0,38.1,39.1,39.6,38.6,38.8,38.6,38.6,38.9,38.9
Rank: 59,71,80,89,95,98,99,100,100,100,100,100,100,100,100,100,100,100,100,100,100,100,100,100,100,100,100,100,100,100,100,100,100,100,100,100,100,100,100,100,100,100,100,100,100,100,100,100,100,100
Seed 7/10
Train loss: 4.1991,3.9711,3.8023,3.6631,3.5405,3.4319,3.3318,3.238,3.1515,3.0668,2.9897,2.9117,2.8376,2.771,2.7053,2.6461,2.5889,2.5362,2.4878,2.4384,2.3936,2.3522,2.3094,2.2728,2.2421,2.2069,2.1768,2.1524,2.1205,2.0946,2.0725,2.0469,2.0223,2.0036,1.9849,1.9657,1.949,1.9333,1.9199,1.9048,1.8924,1.8776,1.867,1.857,1.8439,1.8341,1.8245,1.8209,1.8084,1.7995
Test loss: 4.2208,4.0122,3.8595,3.7331,3.6217,3.5286,3.4422,3.3615,3.2874,3.2145,3.1511,3.0813,3.021,2.9689,2.9151,2.8713,2.8255,2.7813,2.7448,2.7131,2.683,2.6512,2.6245,2.6032,2.5927,2.5746,2.5568,2.5383,2.5249,2.5089,2.5035,2.4899,2.4771,2.4706,2.469,2.4559,2.4554,2.4432,2.4444,2.4361,2.4278,2.4287,2.4222,2.4273,2.4263,2.4169,2.415,2.4215,2.4135,2.4134
Train accuracy: 3.7,6.8,8.6,10.0,12.2,14.9,16.7,18.6,19.5,20.5,22.1,23.3,26.1,27.1,28.5,30.1,30.5,31.6,33.0,33.7,35.0,36.7,38.0,38.9,38.9,39.5,40.1,39.8,41.6,41.9,42.3,43.0,43.7,44.1,43.8,44.4,45.0,45.4,45.4,46.0,46.3,46.6,47.2,47.2,47.6,47.9,48.4,48.6,48.5,49.0
Test accuracy: 3.9,5.8,6.6,8.1,10.7,13.6,16.1,17.7,17.8,19.1,19.6,21.8,24.8,25.2,26.0,26.7,27.7,27.9,28.8,29.7,29.9,32.1,33.9,34.7,32.7,33.5,34.0,33.6,34.6,35.0,35.3,35.4,37.2,38.2,37.7,38.5,39.0,39.4,39.1,39.3,39.4,39.8,40.2,39.6,40.5,41.0,41.3,41.1,41.6,41.6
Rank: 60,70,80,86,91,95,98,99,100,100,100,100,100,100,100,100,100,100,100,100,100,100,100,100,100,100,100,100,100,100,100,100,100,100,100,100,100,100,100,100,100,100,100,100,100,100,100,100,100,100
Seed 8/10
Train loss: 4.2433,3.9948,3.8197,3.6791,3.5531,3.4403,3.3372,3.247,3.1604,3.0811,3.0098,2.9426,2.8772,2.8196,2.7651,2.7181,2.6689,2.6273,2.5814,2.5405,2.5027,2.4643,2.4271,2.3922,2.3575,2.3272,2.2929,2.265,2.2359,2.2103,2.186,2.1622,2.1408,2.1165,2.0977,2.0786,2.0624,2.0453,2.0298,2.0145,1.9999,1.9874,1.9742,1.9636,1.95,1.9365,1.9298,1.9186,1.907,1.9004
Test loss: 4.278,4.0485,3.889,3.7651,3.6538,3.5502,3.4587,3.3772,3.3045,3.2358,3.1742,3.1168,3.0618,3.0178,2.9717,2.9364,2.8997,2.8683,2.8335,2.8011,2.7754,2.7453,2.7234,2.7039,2.6813,2.6577,2.6342,2.6209,2.6008,2.5849,2.5763,2.5622,2.5462,2.5354,2.533,2.5197,2.5207,2.5163,2.5049,2.5018,2.4882,2.4849,2.4899,2.4889,2.4814,2.4823,2.472,2.4483,2.4573,2.457
Train accuracy: 5.5,8.0,10.5,12.0,14.7,16.8,18.5,19.2,20.8,21.9,22.8,24.3,26.2,27.0,28.6,29.0,30.2,31.2,32.6,33.5,34.5,35.2,37.1,37.7,38.7,39.3,40.9,41.0,41.5,41.6,42.1,43.6,43.5,44.1,44.0,44.7,45.1,46.2,46.5,46.6,46.9,47.5,48.1,47.9,48.3,48.6,48.7,49.8,49.6,49.9
Test accuracy: 5.3,7.3,10.2,11.5,14.0,15.2,17.0,18.4,20.1,20.1,21.6,21.7,23.5,24.3,26.2,27.1,27.0,27.4,28.5,29.0,28.5,30.9,32.1,32.7,33.4,34.4,34.1,35.6,36.3,36.0,36.3,36.9,36.9,38.5,37.8,36.5,38.5,39.8,39.4,39.6,39.6,40.4,40.9,40.2,41.5,42.0,42.4,43.4,43.0,41.7
Rank: 61,74,83,90,95,99,99,100,100,100,100,100,100,100,100,100,100,100,100,100,100,100,100,100,100,100,100,100,100,100,100,100,100,100,100,100,100,100,100,100,100,100,100,100,100,100,100,100,100,100
Seed 9/10
Train loss: 4.3774,4.1214,3.953,3.8121,3.6908,3.5858,3.4843,3.3923,3.3059,3.2213,3.1404,3.0661,2.9903,2.924,2.8513,2.7855,2.7233,2.6609,2.6035,2.549,2.4951,2.444,2.3978,2.3591,2.3218,2.2884,2.2543,2.2243,2.1991,2.1758,2.1508,2.1337,2.1107,2.0888,2.0735,2.0678,2.0447,2.029,2.0156,2.0011,1.9941,1.9801,1.9683,1.9556,1.9454,1.9385,1.9243,1.9151,1.9058,1.896
Test loss: 4.4006,4.1748,4.0215,3.9002,3.7946,3.7057,3.6182,3.5396,3.4682,3.3961,3.3296,3.2677,3.2044,3.1483,3.0895,3.0313,2.9814,2.9337,2.8874,2.851,2.8098,2.7696,2.7372,2.7134,2.6838,2.662,2.6365,2.6162,2.6066,2.5969,2.5797,2.5688,2.5591,2.5424,2.5371,2.5337,2.5251,2.507,2.5056,2.4995,2.5008,2.4928,2.4876,2.4869,2.4776,2.4785,2.4736,2.4695,2.4683,2.4628
Train accuracy: 4.7,7.1,9.5,11.3,13.4,13.9,15.8,16.3,16.8,17.1,18.6,19.8,21.2,22.2,23.1,24.4,25.4,26.9,28.2,29.4,31.1,32.1,33.4,34.1,35.5,36.3,36.4,38.4,38.0,38.7,39.2,39.7,40.4,41.5,42.0,41.8,42.8,43.2,43.2,43.8,44.1,44.5,44.3,45.3,45.4,45.3,46.4,46.1,45.9,47.2
Test accuracy: 4.6,6.6,8.6,9.4,11.8,12.6,13.3,14.5,14.6,15.0,15.6,17.4,17.9,19.3,19.8,22.5,22.5,23.1,24.3,25.4,26.8,27.0,28.4,28.4,28.7,31.0,31.3,32.8,33.6,34.0,33.7,34.3,34.2,35.7,36.2,36.7,36.3,36.3,37.1,37.6,37.0,38.3,38.9,38.7,39.3,38.8,39.0,40.1,38.9,40.0
Rank: 49,67,73,82,89,94,97,98,99,100,100,100,100,100,100,100,100,100,100,100,100,100,100,100,100,100,100,100,100,100,100,100,100,100,100,100,100,100,100,100,100,100,100,100,100,100,100,100,100,100
Seed 10/10
Train loss: 4.2069,3.964,3.7934,3.6526,3.5304,3.4233,3.3207,3.2268,3.141,3.0609,2.9872,2.9154,2.8484,2.786,2.7244,2.6688,2.6142,2.5652,2.5128,2.4696,2.4308,2.389,2.3507,2.3186,2.2848,2.2528,2.2249,2.1954,2.1718,2.1425,2.1194,2.0981,2.075,2.053,2.0347,2.0139,1.9988,1.9814,1.9672,1.9501,1.9371,1.9211,1.9089,1.8962,1.8853,1.8722,1.8622,1.8551,1.8448,1.8403
Test loss: 4.2225,3.998,3.8452,3.7202,3.6103,3.5133,3.4235,3.3421,3.2656,3.1927,3.1325,3.0706,3.0136,2.9616,2.9079,2.8642,2.8163,2.776,2.7361,2.7092,2.6786,2.6533,2.6235,2.6027,2.5782,2.5567,2.5385,2.518,2.5101,2.4864,2.472,2.4565,2.4437,2.4296,2.4255,2.4171,2.4109,2.4044,2.3974,2.3912,2.3827,2.3767,2.3757,2.3691,2.3628,2.3547,2.3619,2.3658,2.3553,2.3604
Train accuracy: 3.5,5.4,9.0,11.4,13.3,15.1,17.6,18.2,19.1,20.7,22.2,22.9,24.6,26.3,27.4,28.1,29.6,30.3,32.0,33.0,34.0,35.2,36.7,37.3,37.5,38.6,38.8,39.6,40.4,40.9,41.7,42.3,42.7,43.1,43.7,44.6,45.2,45.8,46.5,46.7,46.9,47.3,47.6,47.9,48.3,48.1,48.4,49.0,48.9,49.6
Test accuracy: 3.9,5.9,9.6,11.8,13.1,15.0,16.7,18.0,18.4,18.8,19.8,21.5,22.4,23.6,23.9,25.3,26.8,28.3,29.6,30.6,30.9,31.6,33.2,33.7,33.9,34.0,34.6,34.7,35.1,35.9,36.1,37.4,36.4,37.5,36.8,38.5,39.3,39.2,39.1,39.0,39.3,39.5,39.4,38.9,39.6,40.4,40.7,40.4,41.0,40.1
Rank: 62,74,83,92,94,98,99,100,100,100,100,100,100,100,100,100,100,100,100,100,100,100,100,100,100,100,100,100,100,100,100,100,100,100,100,100,100,100,100,100,100,100,100,100,100,100,100,100,100,100
