Seed 1/10
Train loss: 4.2467,4.018,3.8489,3.7086,3.5825,3.4696,3.3609,3.2578,3.1612,3.0686,2.9765,2.8946,2.8153,2.7416,2.6708,2.6058,2.5413,2.4821,2.4257,2.3734,2.3227,2.275,2.2297,2.1882,2.1492,2.1131,2.0775,2.0449,2.0135,1.9842,1.9559,1.9275,1.9004,1.8752,1.8543,1.8292,1.8065,1.7855,1.7641,1.7435,1.7249,1.7067,1.6893,1.6711,1.6541,1.6394,1.6223,1.6091,1.5934,1.5811
Test loss: 4.2643,4.0515,3.8964,3.7704,3.6544,3.552,3.4591,3.3699,3.2825,3.2044,3.127,3.0577,2.9936,2.9332,2.8786,2.8273,2.781,2.7352,2.6936,2.6543,2.619,2.5861,2.5551,2.527,2.5054,2.4845,2.4611,2.4431,2.4251,2.4117,2.3956,2.3833,2.3663,2.3548,2.348,2.3351,2.3249,2.3182,2.3098,2.3031,2.294,2.2905,2.2867,2.278,2.2723,2.2666,2.2623,2.2575,2.2516,2.2507
Train accuracy: 6.6,9.5,10.3,12.0,13.7,14.9,17.1,18.5,19.9,21.6,23.9,26.0,28.3,29.9,32.2,33.5,35.2,36.6,38.6,39.8,41.0,41.8,43.0,44.4,44.3,45.3,46.8,47.9,48.8,49.3,50.5,51.2,52.3,52.9,53.4,54.6,55.3,55.0,55.9,56.8,57.1,58.2,58.5,59.7,59.8,60.1,60.4,60.8,61.9,61.7
Test accuracy: 6.7,9.1,9.7,11.8,13.0,14.3,16.3,16.9,18.1,19.3,21.3,22.6,24.2,25.6,27.7,28.7,30.5,31.6,32.6,32.5,33.7,34.9,34.9,35.4,35.4,36.2,36.5,36.6,37.8,38.5,37.9,38.7,39.6,38.8,39.4,40.6,40.6,40.0,40.7,41.5,41.3,41.5,42.3,41.8,42.3,42.5,43.4,42.9,42.8,43.3
Rank: 55,72,82,88,93,97,99,100,100,100,100,100,100,100,100,100,100,100,100,100,100,100,100,100,100,100,100,100,100,100,100,100,100,100,100,100,100,100,100,100,100,100,100,100,100,100,100,100,100,100
Seed 2/10
Train loss: 4.2507,4.0228,3.8606,3.7226,3.598,3.4821,3.3745,3.2733,3.1784,3.0889,3.003,2.9244,2.8494,2.7798,2.716,2.6561,2.5989,2.5463,2.4955,2.4472,2.4003,2.3563,2.3149,2.2754,2.2363,2.2,2.1643,2.1307,2.0967,2.0651,2.0335,2.0035,1.975,1.9484,1.9216,1.8958,1.8716,1.8483,1.8245,1.8024,1.7806,1.7584,1.7396,1.7196,1.7006,1.6833,1.6664,1.6495,1.6333,1.6159
Test loss: 4.2657,4.0574,3.908,3.7812,3.6689,3.5633,3.4656,3.3734,3.2891,3.2083,3.1377,3.0688,3.007,2.9523,2.899,2.8514,2.8106,2.7689,2.7307,2.6934,2.6605,2.6302,2.6002,2.5706,2.5448,2.5232,2.4945,2.4727,2.4513,2.434,2.4115,2.3947,2.3777,2.3617,2.3482,2.3351,2.3229,2.3146,2.3015,2.2925,2.2778,2.2699,2.2617,2.2555,2.2455,2.2398,2.2321,2.2268,2.2216,2.2165
Train accuracy: 4.0,6.3,10.5,13.2,16.2,18.3,20.8,22.6,24.7,27.5,28.6,30.5,32.2,33.4,35.3,36.7,37.8,39.3,40.0,41.9,42.7,43.8,44.5,45.6,46.6,46.7,47.8,48.2,49.2,49.9,51.1,51.9,52.6,52.9,53.9,54.4,55.5,56.4,56.5,57.3,58.3,58.8,59.5,60.5,60.5,60.9,61.4,62.1,62.3,62.7
Test accuracy: 3.3,5.9,9.5,12.3,14.8,16.5,19.6,21.3,24.2,25.3,26.6,27.8,28.6,29.9,31.0,32.1,32.7,35.0,35.0,36.0,37.1,36.5,36.8,38.1,38.8,38.5,39.8,40.5,41.0,41.6,40.9,41.9,42.7,42.7,42.0,42.7,43.6,43.7,43.1,44.1,44.4,43.3,45.2,45.3,45.5,45.9,47.3,46.8,46.6,48.4
Rank: 55,72,83,90,94,97,99,99,99,99,100,100,100,100,100,100,100,100,100,100,100,100,100,100,100,100,100,100,100,100,100,100,100,100,100,100,100,100,100,100,100,100,100,100,100,100,100,100,100,100
Seed 3/10
Train loss: 4.2279,3.9861,3.8075,3.6625,3.5288,3.4088,3.3015,3.2022,3.1114,3.026,2.9434,2.867,2.7938,2.7247,2.656,2.5921,2.5323,2.4733,2.4193,2.3674,2.3202,2.2745,2.2306,2.1893,2.1507,2.1136,2.078,2.0462,2.0159,1.9867,1.958,1.9312,1.9067,1.881,1.8583,1.8346,1.813,1.7919,1.771,1.7514,1.7333,1.7155,1.6971,1.6791,1.6625,1.6478,1.6329,1.6164,1.6014,1.588
Test loss: 4.246,4.0174,3.8496,3.7134,3.5908,3.4804,3.3826,3.2963,3.2176,3.1436,3.0712,3.0085,2.946,2.8896,2.8328,2.7806,2.7345,2.6935,2.6549,2.6195,2.583,2.5536,2.5251,2.498,2.4733,2.4515,2.4256,2.4072,2.3884,2.3751,2.3625,2.3454,2.3351,2.3192,2.3117,2.2999,2.2887,2.2843,2.2726,2.2651,2.2593,2.2535,2.2486,2.2428,2.2367,2.2337,2.2315,2.2299,2.2243,2.2176
Train accuracy: 4.9,7.3,12.0,14.7,16.0,18.3,19.8,22.0,23.4,25.7,27.7,28.5,29.4,30.7,32.2,35.0,36.2,37.9,38.7,40.7,42.2,43.0,43.7,44.7,45.5,46.9,47.8,48.0,49.0,49.8,50.4,50.9,51.8,52.5,52.9,53.6,54.3,54.9,55.5,56.2,56.7,57.0,57.6,58.4,58.7,59.3,59.8,60.2,60.7,60.6
Test accuracy: 4.2,7.7,10.6,12.8,14.6,17.5,18.8,20.1,21.5,25.0,26.3,26.5,27.2,28.0,29.5,31.5,32.9,33.5,34.0,35.6,37.0,36.4,36.5,37.4,38.7,39.2,38.7,39.1,40.0,41.1,40.5,41.9,41.7,42.4,41.8,43.4,43.3,42.9,43.7,44.7,44.6,44.9,44.2,44.9,44.5,45.1,44.9,44.9,45.1,45.8
Rank: 58,73,83,90,95,99,100,100,100,100,100,100,100,100,100,100,100,100,100,100,100,100,100,100,100,100,100,100,100,100,100,100,100,100,100,100,100,100,100,100,100,100,100,100,100,100,100,100,100,100
Seed 4/10
Train loss: 4.2609,4.0295,3.8545,3.7051,3.5751,3.4531,3.3369,3.2265,3.1204,3.0208,2.9274,2.8362,2.7523,2.6774,2.6073,2.5433,2.484,2.4263,2.3754,2.3275,2.2802,2.2356,2.1939,2.1565,2.1196,2.0841,2.0499,2.0176,1.9858,1.9565,1.9287,1.9002,1.8744,1.8489,1.8236,1.7991,1.7768,1.7536,1.7328,1.7109,1.6912,1.6723,1.652,1.635,1.6175,1.6018,1.5838,1.5691,1.5529,1.5388
Test loss: 4.2709,4.0511,3.8907,3.7506,3.6333,3.5206,3.4164,3.3194,3.2296,3.143,3.0642,2.987,2.9164,2.8571,2.8033,2.7538,2.7123,2.6666,2.632,2.5969,2.5645,2.5342,2.5072,2.4823,2.4574,2.4351,2.4132,2.3919,2.3726,2.3597,2.3417,2.3258,2.309,2.2977,2.2863,2.2717,2.2629,2.2565,2.2427,2.2356,2.2267,2.221,2.2122,2.2094,2.2013,2.1969,2.1907,2.1929,2.185,2.1837
Train accuracy: 5.7,10.2,12.1,13.8,15.7,17.6,20.5,21.9,24.4,26.2,27.5,29.7,31.7,32.6,34.3,35.8,36.6,38.2,39.6,40.1,41.3,43.0,44.0,45.2,46.5,46.7,48.6,49.0,50.3,50.9,51.1,52.5,53.3,52.9,54.5,54.7,55.8,56.8,56.5,57.4,58.1,58.6,59.2,59.9,59.9,59.7,61.1,61.4,61.7,62.6
Test accuracy: 5.5,8.9,10.0,11.7,13.6,15.1,17.6,19.4,21.5,23.2,24.1,27.3,28.6,29.0,30.0,31.3,31.7,33.1,33.4,33.4,35.4,36.2,37.3,37.1,37.7,38.6,39.6,39.1,40.1,41.2,41.9,42.4,42.5,43.0,42.4,44.1,43.5,44.4,44.7,45.1,44.7,45.5,45.7,46.0,45.3,45.8,45.5,46.0,46.8,46.1
Rank: 57,75,83,89,96,97,100,100,100,100,100,100,100,100,100,100,100,100,100,100,100,100,100,100,100,100,100,100,100,100,100,100,100,100,100,100,100,100,100,100,100,100,100,100,100,100,100,100,100,100
Seed 5/10
Train loss: 4.2468,4.0201,3.8582,3.7235,3.6009,3.4883,3.3846,3.2884,3.1967,3.1119,3.0303,2.9509,2.8738,2.8003,2.7299,2.664,2.6029,2.5474,2.4937,2.4461,2.4023,2.3574,2.3156,2.2755,2.2373,2.2008,2.165,2.1306,2.0974,2.0658,2.0357,2.0073,1.98,1.9549,1.9281,1.9025,1.8788,1.8563,1.833,1.8115,1.7904,1.7703,1.7501,1.7318,1.7126,1.6939,1.6756,1.6584,1.6408,1.6253
Test loss: 4.2653,4.0562,3.908,3.7858,3.6744,3.5767,3.4855,3.4008,3.3246,3.2512,3.1817,3.1161,3.0486,2.9887,2.9305,2.8751,2.8309,2.785,2.7461,2.7113,2.6785,2.6508,2.6214,2.5969,2.5722,2.5504,2.5273,2.5068,2.4887,2.4702,2.455,2.4378,2.4226,2.4114,2.3941,2.3816,2.3737,2.3603,2.3533,2.343,2.3337,2.3232,2.3149,2.3092,2.3005,2.2922,2.2838,2.2795,2.2702,2.2653
Train accuracy: 4.8,9.2,11.0,13.9,16.0,17.8,19.4,20.7,23.0,24.9,25.8,27.2,28.3,29.7,30.4,31.5,32.9,34.3,35.2,36.7,38.1,39.5,40.8,41.0,42.0,43.4,44.3,45.1,46.2,46.7,48.0,49.0,50.2,50.9,51.6,52.1,53.2,54.0,54.8,55.1,55.8,56.7,57.8,58.0,58.6,59.0,59.5,60.6,60.9,61.4
Test accuracy: 5.0,9.3,10.7,12.9,15.0,16.8,18.2,19.2,21.5,24.3,24.2,26.3,25.8,28.3,28.8,29.4,30.7,31.4,32.5,33.1,33.5,33.8,35.4,36.3,36.4,37.1,37.4,38.4,38.5,39.5,40.2,40.1,40.6,40.3,41.3,41.3,41.8,41.9,42.1,42.5,41.8,43.2,43.0,42.8,43.7,43.9,44.1,43.9,43.9,43.6
Rank: 59,75,83,89,94,95,96,98,99,99,100,100,100,100,100,100,100,100,100,100,100,100,100,100,100,100,100,100,100,100,100,100,100,100,100,100,100,100,100,100,100,100,100,100,100,100,100,100,100,100
Seed 6/10
Train loss: 4.294,4.0705,3.9035,3.7613,3.6305,3.5076,3.3885,3.274,3.164,3.0595,2.9619,2.8706,2.7844,2.7063,2.6347,2.5644,2.5037,2.4459,2.3896,2.3399,2.2922,2.2462,2.2045,2.164,2.1262,2.091,2.0564,2.0254,1.994,1.9646,1.9395,1.9117,1.8855,1.8621,1.8387,1.8146,1.7938,1.7724,1.7535,1.7326,1.7139,1.6964,1.6779,1.6609,1.6454,1.6293,1.6145,1.6002,1.5838,1.5703
Test loss: 4.3115,4.1017,3.9479,3.8202,3.7029,3.592,3.4859,3.3837,3.2881,3.2016,3.1162,3.0366,2.9589,2.8925,2.8336,2.7733,2.722,2.6753,2.633,2.5905,2.5576,2.5231,2.4944,2.4674,2.4367,2.415,2.3903,2.3696,2.3481,2.3279,2.3137,2.2956,2.2832,2.2694,2.2597,2.2477,2.2388,2.2243,2.2142,2.2059,2.2001,2.1855,2.1831,2.1748,2.1695,2.1605,2.1554,2.1497,2.1447,2.1414
Train accuracy: 6.7,9.4,10.1,11.8,14.0,16.8,18.9,20.8,23.0,24.4,25.4,26.0,28.2,30.3,31.9,33.0,35.3,36.3,37.6,39.7,40.4,41.5,42.8,43.4,44.0,45.0,45.6,46.3,47.5,47.8,49.2,49.4,50.4,50.9,51.4,52.8,53.2,53.7,54.5,55.2,55.8,56.1,57.1,57.3,57.9,58.8,58.4,59.6,59.7,60.7
Test accuracy: 6.0,9.2,9.8,10.7,12.2,13.7,15.7,17.1,18.8,19.6,21.7,22.8,23.8,25.8,27.3,27.8,29.4,30.3,30.1,33.0,33.1,33.8,34.4,34.5,35.7,36.3,36.6,37.9,38.0,38.2,38.2,39.2,39.2,39.9,40.2,41.0,41.6,41.4,41.7,41.5,42.2,42.7,42.7,42.6,43.4,43.6,42.9,44.2,43.8,44.1
Rank: 54,68,78,87,93,98,100,100,100,100,100,100,100,100,100,100,100,100,100,100,100,100,100,100,100,100,100,100,100,100,100,100,100,100,100,100,100,100,100,100,100,100,100,100,100,100,100,100,100,100
Seed 7/10
Train loss: 4.2634,4.0382,3.8785,3.7418,3.6234,3.5081,3.4009,3.3021,3.2058,3.1113,3.021,2.9333,2.8485,2.7702,2.6976,2.6294,2.5671,2.509,2.4545,2.4047,2.3585,2.3134,2.2708,2.2297,2.1919,2.156,2.1194,2.0856,2.0538,2.0236,1.9934,1.9648,1.9384,1.9115,1.8864,1.8616,1.8376,1.817,1.7949,1.7754,1.7543,1.7359,1.7171,1.6997,1.6816,1.6657,1.6503,1.6341,1.6182,1.6034
Test loss: 4.2841,4.0636,3.9134,3.7879,3.6813,3.5766,3.4797,3.392,3.3067,3.2255,3.1471,3.073,2.9994,2.9352,2.8761,2.8223,2.7744,2.7315,2.6896,2.6539,2.6198,2.5911,2.5611,2.5331,2.507,2.4872,2.4623,2.4433,2.4213,2.4054,2.3884,2.3734,2.3606,2.3443,2.3271,2.3142,2.3006,2.2902,2.2822,2.2725,2.2645,2.2544,2.2449,2.237,2.2307,2.2253,2.2209,2.2156,2.2096,2.2048
Train accuracy: 6.5,9.7,10.4,12.7,13.9,14.8,15.9,17.5,19.1,20.8,22.1,24.1,25.8,27.9,29.3,31.4,33.2,35.4,36.7,38.6,40.3,42.5,44.0,44.9,46.9,47.3,48.2,49.2,50.0,50.2,50.7,51.9,52.4,52.7,53.2,54.2,54.4,54.9,56.3,55.8,56.7,57.4,57.8,58.5,58.2,59.1,59.1,59.6,60.7,61.0
Test accuracy: 6.1,9.1,10.9,13.4,14.1,15.3,15.8,16.5,18.9,20.0,21.0,22.1,23.6,24.5,25.6,27.6,28.9,29.7,30.6,32.2,33.8,35.9,36.0,37.0,38.8,39.6,39.6,41.1,41.3,40.9,40.7,41.9,41.4,42.7,42.5,42.5,43.3,42.9,44.1,43.9,44.3,43.9,44.1,46.0,45.1,44.8,46.1,45.5,45.7,46.2
Rank: 55,72,82,89,94,98,99,99,100,100,100,100,100,100,100,100,100,100,100,100,100,100,100,100,100,100,100,100,100,100,100,100,100,100,100,100,100,100,100,100,100,100,100,100,100,100,100,100,100,100
Seed 8/10
Train loss: 4.2305,4.0053,3.8374,3.6922,3.5669,3.4485,3.3394,3.2356,3.1359,3.0406,2.9501,2.8636,2.7815,2.7025,2.6269,2.5534,2.4864,2.4218,2.3636,2.3063,2.254,2.2061,2.1605,2.1184,2.079,2.0428,2.007,1.9747,1.9441,1.9152,1.8866,1.8602,1.8359,1.8104,1.7879,1.7661,1.7438,1.7243,1.7047,1.6853,1.6676,1.65,1.6328,1.6144,1.597,1.5811,1.5666,1.5502,1.535,1.5198
Test loss: 4.2466,4.0373,3.8842,3.749,3.6337,3.528,3.4302,3.338,3.2483,3.1675,3.0869,3.013,2.9419,2.8779,2.8089,2.7514,2.6953,2.6427,2.5962,2.5541,2.5128,2.4776,2.4448,2.4141,2.3896,2.3626,2.3405,2.3195,2.3052,2.2852,2.2706,2.2572,2.2441,2.2296,2.216,2.2067,2.1985,2.1886,2.1766,2.1726,2.1581,2.1506,2.1444,2.1359,2.122,2.1174,2.1106,2.105,2.0958,2.0916
Train accuracy: 5.2,7.7,10.4,12.9,15.3,17.3,18.8,19.8,21.0,22.9,25.5,27.1,28.4,30.2,32.3,33.5,35.4,36.7,37.8,38.9,39.9,41.1,42.6,44.0,44.7,45.0,46.6,46.8,48.3,49.4,50.4,50.9,51.6,52.8,53.9,54.4,55.1,55.3,56.2,56.5,57.3,58.1,58.3,58.8,59.6,60.1,60.0,60.8,61.0,61.5
Test accuracy: 5.2,7.9,9.8,12.2,14.4,17.1,17.8,19.1,20.2,21.4,22.7,24.4,25.7,26.6,26.8,27.7,30.6,30.8,31.8,33.8,33.4,34.0,35.0,36.2,36.6,37.4,37.9,38.3,39.4,40.0,40.6,41.2,41.4,41.1,43.3,43.8,44.1,44.3,45.5,44.1,45.6,45.4,45.8,44.4,45.8,46.2,46.1,47.0,47.7,47.4
Rank: 56,74,86,92,94,99,99,100,100,100,100,100,100,100,100,100,100,100,100,100,100,100,100,100,100,100,100,100,100,100,100,100,100,100,100,100,100,100,100,100,100,100,100,100,100,100,100,100,100,100
Seed 9/10
Train loss: 4.2771,4.0537,3.8872,3.7489,3.6293,3.5189,3.4181,3.322,3.233,3.1512,3.07,2.9963,2.9244,2.8539,2.7858,2.7212,2.658,2.5967,2.5389,2.4859,2.4376,2.3892,2.3418,2.2988,2.2573,2.2172,2.1808,2.1428,2.1068,2.0713,2.039,2.0064,1.9765,1.9476,1.9194,1.8944,1.8682,1.8439,1.8208,1.799,1.777,1.7564,1.7364,1.7174,1.6975,1.6795,1.6617,1.6441,1.6275,1.6116
Test loss: 4.2862,4.0797,3.9281,3.804,3.6975,3.6009,3.5132,3.4318,3.3551,3.2865,3.2144,3.1535,3.0945,3.038,2.9833,2.9375,2.8829,2.8362,2.7942,2.7549,2.7226,2.689,2.6558,2.6253,2.6016,2.5766,2.5539,2.5328,2.512,2.4932,2.4718,2.4577,2.4438,2.4328,2.4178,2.4107,2.3996,2.3886,2.3817,2.3708,2.3685,2.3575,2.3528,2.3469,2.3415,2.334,2.3293,2.3267,2.3179,2.3205
Train accuracy: 7.2,10.1,12.0,11.4,13.8,15.1,16.8,18.7,20.0,20.8,22.1,23.0,24.9,26.3,27.8,30.0,30.6,31.9,33.2,33.9,35.4,37.1,37.4,38.6,40.0,40.4,41.8,43.1,43.6,44.6,46.0,46.9,47.9,49.2,50.2,50.4,51.5,52.0,52.9,53.6,54.8,54.9,56.0,56.7,58.1,58.3,58.9,59.9,60.1,60.4
Test accuracy: 6.9,9.6,11.2,10.8,13.0,14.3,17.3,19.3,19.7,20.0,21.3,21.4,22.7,24.4,25.6,27.2,27.9,29.0,29.8,30.8,32.0,32.8,32.6,33.0,33.4,34.3,35.8,35.8,35.4,36.6,37.7,36.8,38.0,38.4,39.2,40.0,39.7,39.9,40.1,41.0,41.7,40.8,42.4,42.4,42.8,42.8,43.5,43.7,43.7,43.5
Rank: 54,70,79,85,90,95,97,98,99,99,100,100,100,100,100,100,100,100,100,100,100,100,100,100,100,100,100,100,100,100,100,100,100,100,100,100,100,100,100,100,100,100,100,100,100,100,100,100,100,100
Seed 10/10
Train loss: 4.3074,4.1004,3.9375,3.7878,3.6496,3.5272,3.4076,3.2971,3.1923,3.0944,3.002,2.9143,2.8319,2.7562,2.6828,2.6143,2.5504,2.4886,2.4335,2.3774,2.3252,2.2781,2.2328,2.1886,2.1501,2.1126,2.0757,2.0408,2.0069,1.9747,1.9465,1.9142,1.8851,1.8584,1.8323,1.8074,1.7837,1.7607,1.7389,1.717,1.698,1.6789,1.6587,1.6408,1.6241,1.6065,1.5901,1.5724,1.5588,1.5433
Test loss: 4.319,4.1284,3.9812,3.8425,3.7133,3.6022,3.4944,3.3937,3.2996,3.2135,3.1323,3.055,2.9869,2.9261,2.8667,2.8129,2.7611,2.7157,2.6736,2.6347,2.5975,2.5629,2.5323,2.5047,2.4789,2.4555,2.4318,2.4082,2.3856,2.3655,2.3467,2.3289,2.3137,2.2984,2.2859,2.2748,2.2613,2.2468,2.2415,2.2312,2.2225,2.216,2.207,2.199,2.1952,2.1811,2.1784,2.1729,2.1625,2.161
Train accuracy: 3.1,5.4,8.0,12.1,16.3,17.2,18.5,20.9,22.2,24.4,26.6,28.9,30.1,31.2,33.2,34.5,36.2,37.6,39.2,40.2,42.1,43.5,44.4,45.7,46.2,47.8,48.4,49.0,49.9,51.2,51.4,51.9,52.4,53.0,54.6,54.5,55.1,55.7,56.3,57.4,57.7,58.3,58.8,59.3,60.3,60.6,60.8,61.7,62.2,62.9
Test accuracy: 2.5,5.4,7.2,11.3,15.7,16.4,17.4,19.3,20.3,22.1,23.4,25.2,26.9,27.7,28.3,29.1,31.0,31.3,33.2,33.4,34.7,37.6,37.4,38.4,39.7,39.0,39.8,39.9,40.1,41.4,40.7,41.7,41.3,41.5,43.0,43.2,43.6,44.2,44.8,44.9,46.5,45.8,45.5,46.7,45.9,46.0,47.0,46.0,46.9,46.9
Rank: 52,70,81,89,96,98,100,100,100,100,100,100,100,100,100,100,100,100,100,100,100,100,100,100,100,100,100,100,100,100,100,100,100,100,100,100,100,100,100,100,100,100,100,100,100,100,100,100,100,100
