Seed 1/10
Train loss: 3.6312,2.5966,1.7376,1.2432,0.9862,0.8288,0.7206,0.6392,0.5767,0.519,0.472,0.433,0.4003,0.3708,0.3378,0.3151,0.2869,0.2673,0.2459,0.2282,0.2085,0.1942,0.1767,0.163,0.1499,0.136,0.1263,0.1146,0.1048,0.0961,0.088,0.0797,0.0729,0.0661,0.0595,0.0535,0.0494,0.048,0.042,0.0372,0.0335,0.0304,0.0275,0.0249,0.0225,0.0206,0.0187,0.017,0.0157,0.0144
Test loss: 3.6542,2.6427,1.803,1.3503,1.122,1.003,0.9322,0.885,0.8589,0.8252,0.8084,0.7963,0.7938,0.7998,0.7759,0.7788,0.7843,0.7832,0.785,0.787,0.7966,0.8075,0.8042,0.8136,0.8143,0.8359,0.8415,0.8494,0.8648,0.8785,0.8851,0.8961,0.9126,0.9223,0.9367,0.9366,0.9669,0.9898,0.9878,1.0004,1.0071,1.0212,1.0404,1.0503,1.0522,1.0668,1.0769,1.0889,1.1033,1.1143
Train accuracy: 22.0,48.6,67.3,76.0,79.7,82.5,84.6,86.0,87.0,88.3,89.5,90.3,91.2,91.9,93.0,93.6,94.4,94.9,95.5,96.3,96.5,96.7,97.3,97.4,97.7,98.2,98.4,98.6,98.8,99.0,99.2,99.3,99.5,99.5,99.7,99.7,99.8,99.8,99.8,99.9,99.9,99.9,100.0,100.0,100.0,100.0,100.0,100.0,100.0,100.0
Test accuracy: 21.3,46.2,64.1,72.6,76.8,77.4,78.5,79.1,79.5,80.0,80.3,79.4,79.5,79.4,80.4,81.1,80.4,80.0,80.1,80.5,80.6,80.3,80.2,80.1,79.8,79.7,79.6,80.3,79.3,80.0,79.2,79.0,78.8,78.4,78.9,78.6,78.5,78.0,78.7,78.4,78.4,78.9,78.8,78.7,78.5,78.1,78.3,78.2,78.6,78.2
Rank: 100,100,100,100,100,100,100,100,100,100,100,100,100,100,100,100,100,100,100,100,100,100,100,100,100,100,100,100,100,100,100,100,100,100,100,100,100,100,100,100,100,100,100,100,100,100,100,100,100,100
Seed 2/10
Train loss: 3.5958,2.6346,1.8269,1.3358,1.0467,0.8784,0.7603,0.6665,0.5966,0.544,0.4974,0.4502,0.4104,0.3765,0.3474,0.3234,0.2953,0.2733,0.2533,0.2334,0.2143,0.1978,0.1818,0.1661,0.1524,0.1418,0.1293,0.1181,0.1105,0.1002,0.0909,0.0822,0.0782,0.0685,0.0617,0.0562,0.0504,0.0458,0.0415,0.0381,0.0343,0.0317,0.029,0.0262,0.0239,0.022,0.0208,0.0186,0.0171,0.016
Test loss: 3.6251,2.6976,1.9207,1.4614,1.1994,1.0641,0.969,0.8975,0.8519,0.8265,0.8046,0.786,0.7666,0.7516,0.7418,0.745,0.7292,0.7286,0.7346,0.7303,0.7343,0.7405,0.7419,0.7451,0.7556,0.7679,0.7739,0.7777,0.7907,0.8113,0.8052,0.8158,0.8229,0.8249,0.8469,0.8515,0.8671,0.876,0.8837,0.8941,0.903,0.9166,0.9249,0.9397,0.9427,0.9536,0.9615,0.9743,0.9855,0.9933
Train accuracy: 22.3,47.4,65.0,74.9,79.5,81.5,83.8,85.5,86.8,88.0,89.1,90.0,91.1,91.9,92.8,93.4,94.1,94.5,95.2,95.7,96.4,96.7,97.2,97.8,98.0,98.0,98.4,98.6,98.8,99.0,99.1,99.3,99.2,99.4,99.6,99.7,99.7,99.8,99.8,99.8,99.9,99.9,99.9,100.0,100.0,99.9,99.9,100.0,100.0,100.0
Test accuracy: 21.7,46.9,61.2,72.0,75.0,76.7,78.3,79.1,80.1,80.7,81.3,80.5,81.1,81.3,81.6,81.0,82.0,82.2,81.6,82.2,81.8,82.1,82.2,81.8,81.9,82.2,81.6,81.4,82.1,82.0,81.9,81.9,81.9,82.0,81.9,81.5,81.5,81.8,81.7,81.4,81.5,81.7,81.6,81.6,81.5,81.8,81.5,81.6,81.7,81.4
Rank: 100,100,100,100,100,100,100,100,100,100,100,100,100,100,100,100,100,100,100,100,100,100,100,100,100,100,100,100,100,100,100,100,100,100,100,100,100,100,100,100,100,100,100,100,100,100,100,100,100,100
Seed 3/10
Train loss: 3.4958,2.49,1.7028,1.2707,1.0223,0.8688,0.7612,0.6779,0.6089,0.5566,0.5054,0.4641,0.4282,0.392,0.363,0.337,0.3082,0.2881,0.2692,0.2456,0.2263,0.2103,0.192,0.1742,0.1601,0.1505,0.1369,0.1234,0.1137,0.1056,0.0948,0.0866,0.0763,0.0683,0.0641,0.0565,0.0513,0.0458,0.0421,0.037,0.0339,0.0306,0.0276,0.0252,0.023,0.0208,0.0189,0.0173,0.0158,0.0146
Test loss: 3.5384,2.5741,1.8169,1.4104,1.1813,1.0585,0.9777,0.9239,0.8855,0.8605,0.8341,0.8195,0.8076,0.8086,0.7914,0.7927,0.7861,0.7892,0.7934,0.7925,0.8022,0.8041,0.8152,0.8095,0.8215,0.8296,0.8349,0.8433,0.852,0.8599,0.8683,0.8886,0.9021,0.9144,0.9293,0.9331,0.9488,0.9606,0.9794,0.9881,0.9996,1.0128,1.0259,1.0345,1.0501,1.0627,1.0758,1.0827,1.0976,1.1111
Train accuracy: 25.0,51.1,69.1,75.9,80.0,81.8,84.4,85.7,87.3,88.0,89.3,90.2,90.6,91.5,92.3,92.8,93.7,94.2,94.5,95.2,95.8,96.1,96.9,97.2,97.6,97.6,98.0,98.2,98.7,98.8,98.9,99.0,99.4,99.5,99.5,99.7,99.8,99.9,99.9,99.9,99.9,100.0,100.0,100.0,100.0,100.0,100.0,100.0,100.0,100.0
Test accuracy: 23.0,48.1,66.4,71.1,74.9,76.4,76.3,78.2,78.1,78.2,79.3,79.2,80.0,80.1,80.9,80.2,80.5,80.1,80.7,80.0,79.7,80.1,79.5,80.0,79.5,80.0,79.8,80.3,80.1,80.0,79.9,80.3,80.1,80.6,79.5,80.0,80.0,79.8,78.7,79.6,79.5,79.5,79.4,79.5,79.7,79.3,80.1,79.7,79.6,79.4
Rank: 100,100,100,100,100,100,100,100,100,100,100,100,100,100,100,100,100,100,100,100,100,100,100,100,100,100,100,100,100,100,100,100,100,100,100,100,100,100,100,100,100,100,100,100,100,100,100,100,100,100
Seed 4/10
Train loss: 3.6128,2.6153,1.7855,1.2811,1.014,0.8582,0.7464,0.664,0.5996,0.5486,0.4969,0.4563,0.4194,0.3845,0.3532,0.3261,0.3003,0.2803,0.2617,0.2363,0.2177,0.2024,0.1875,0.1747,0.1599,0.1474,0.1356,0.1243,0.1158,0.1067,0.099,0.0891,0.0819,0.0752,0.0689,0.0632,0.0577,0.0537,0.0492,0.0452,0.0406,0.0371,0.0336,0.031,0.0291,0.0263,0.024,0.0221,0.0201,0.0185
Test loss: 3.6498,2.69,1.8944,1.4175,1.1883,1.0625,0.9816,0.9271,0.8901,0.8623,0.8517,0.8257,0.8195,0.8081,0.7997,0.7994,0.79,0.7854,0.7937,0.7887,0.789,0.7973,0.806,0.7995,0.8079,0.817,0.8259,0.8248,0.8346,0.8478,0.8529,0.8557,0.8697,0.8832,0.8926,0.9066,0.9154,0.9236,0.9292,0.9448,0.9537,0.9599,0.968,0.9776,0.9931,1.0029,1.0064,1.0257,1.0284,1.0409
Train accuracy: 21.7,49.8,67.5,76.5,80.4,82.0,83.8,85.5,86.6,87.6,88.9,89.8,90.8,91.7,92.4,92.9,94.0,94.1,94.7,95.6,96.3,96.6,97.0,97.4,97.7,98.0,98.3,98.6,98.7,99.0,99.1,99.3,99.3,99.4,99.5,99.6,99.7,99.7,99.8,99.8,99.8,99.9,99.9,99.9,99.9,100.0,100.0,100.0,100.0,100.0
Test accuracy: 19.8,45.7,63.9,72.1,75.1,76.4,77.2,78.9,78.2,78.6,78.5,78.9,78.8,78.3,78.9,79.1,79.0,79.5,79.6,78.7,79.3,79.5,79.0,79.4,78.6,79.1,79.0,78.9,79.4,78.7,79.4,79.3,79.1,78.6,78.8,78.7,78.9,78.6,79.0,78.9,78.4,79.0,78.7,79.0,78.4,78.5,78.8,78.4,78.9,78.8
Rank: 100,100,100,100,100,100,100,100,100,100,100,100,100,100,100,100,100,100,100,100,100,100,100,100,100,100,100,100,100,100,100,100,100,100,100,100,100,100,100,100,100,100,100,100,100,100,100,100,100,100
Seed 5/10
Train loss: 3.5531,2.6037,1.8458,1.3431,1.0493,0.8733,0.7577,0.6688,0.5983,0.5424,0.4939,0.4539,0.4158,0.3831,0.3527,0.3237,0.2987,0.2763,0.2526,0.23,0.2116,0.1946,0.1817,0.1726,0.1511,0.1399,0.1299,0.1166,0.1055,0.0997,0.0881,0.0799,0.0737,0.066,0.0597,0.0543,0.0487,0.0446,0.0401,0.0361,0.0329,0.0301,0.0275,0.0256,0.023,0.0206,0.0188,0.0172,0.0157,0.0147
Test loss: 3.5906,2.6778,1.9537,1.4859,1.2226,1.0797,0.9957,0.9357,0.8877,0.8522,0.8273,0.8095,0.8029,0.7852,0.7854,0.77,0.774,0.7847,0.7794,0.7746,0.7764,0.7804,0.7898,0.8062,0.7978,0.8083,0.8181,0.8161,0.831,0.8525,0.8463,0.8616,0.8697,0.8746,0.8857,0.8975,0.8991,0.9162,0.9171,0.9283,0.9393,0.9527,0.9558,0.9713,0.9791,0.9839,1.0003,1.0067,1.0148,1.0227
Train accuracy: 23.3,47.5,66.0,75.1,80.2,82.3,84.3,85.8,86.7,88.1,89.4,90.2,90.9,91.9,92.2,93.2,94.1,94.8,95.2,95.8,96.4,96.8,96.9,97.2,98.1,98.2,98.4,98.8,98.9,98.9,99.2,99.4,99.5,99.6,99.7,99.8,99.8,99.9,99.9,100.0,100.0,99.9,100.0,100.0,100.0,100.0,100.0,100.0,100.0,100.0
Test accuracy: 21.4,45.1,61.7,69.5,74.6,75.1,76.8,78.4,78.6,79.5,79.9,80.5,79.6,81.3,80.7,81.4,80.9,81.2,81.1,81.8,81.8,82.0,81.7,81.2,82.0,81.2,81.2,81.4,81.2,80.2,81.0,80.8,80.6,81.4,81.1,81.0,81.1,81.0,81.0,80.9,80.7,80.8,80.8,80.5,80.2,80.6,80.6,80.8,80.5,80.8
Rank: 100,100,100,100,100,100,100,100,100,100,100,100,100,100,100,100,100,100,100,100,100,100,100,100,100,100,100,100,100,100,100,100,100,100,100,100,100,100,100,100,100,100,100,100,100,100,100,100,100,100
Seed 6/10
Train loss: 3.4909,2.4454,1.6451,1.208,0.9751,0.8294,0.7213,0.6381,0.5724,0.5183,0.4718,0.4328,0.3934,0.3654,0.3331,0.3104,0.2799,0.2651,0.2431,0.2248,0.2046,0.1898,0.1719,0.1573,0.1437,0.1334,0.1213,0.1101,0.102,0.0925,0.0867,0.0785,0.0711,0.0634,0.0578,0.0528,0.0477,0.0437,0.0394,0.0368,0.0329,0.0301,0.0273,0.0249,0.0227,0.0207,0.0193,0.0178,0.0161,0.0149
Test loss: 3.5226,2.5024,1.7336,1.3249,1.1259,1.0119,0.9368,0.8723,0.8402,0.812,0.7883,0.7728,0.7498,0.7527,0.7465,0.7451,0.7256,0.744,0.7487,0.7448,0.7375,0.7387,0.7428,0.7449,0.7529,0.7577,0.7665,0.769,0.7788,0.7877,0.7966,0.8111,0.8192,0.8284,0.8265,0.8402,0.8501,0.8636,0.8737,0.8921,0.896,0.9013,0.9109,0.9144,0.9269,0.9333,0.9413,0.9585,0.9649,0.9794
Train accuracy: 24.6,54.9,70.1,77.2,80.6,82.8,84.5,86.0,87.9,88.8,89.4,90.3,91.3,92.2,92.8,93.3,94.6,94.7,95.2,95.8,96.3,96.6,97.2,97.7,98.0,98.2,98.6,98.8,99.1,99.3,99.2,99.3,99.6,99.7,99.8,99.7,99.8,99.9,99.9,99.9,99.9,99.9,99.9,100.0,100.0,100.0,100.0,100.0,100.0,100.0
Test accuracy: 20.9,51.6,66.1,72.6,75.2,76.3,77.9,79.0,79.1,79.1,80.1,80.7,80.8,80.4,80.8,81.1,80.7,80.9,80.6,80.8,80.7,80.7,80.1,80.6,80.8,80.3,80.7,80.6,80.5,80.6,80.6,80.5,80.6,80.1,81.2,80.7,80.9,80.2,80.2,80.7,80.4,80.1,80.6,81.2,80.9,80.6,80.4,80.8,80.5,80.3
Rank: 100,100,100,100,100,100,100,100,100,100,100,100,100,100,100,100,100,100,100,100,100,100,100,100,100,100,100,100,100,100,100,100,100,100,100,100,100,100,100,100,100,100,100,100,100,100,100,100,100,100
Seed 7/10
Train loss: 3.5465,2.551,1.7569,1.284,1.0283,0.8693,0.7597,0.671,0.6059,0.5515,0.5041,0.4594,0.4236,0.3852,0.3562,0.3292,0.3026,0.2863,0.2604,0.238,0.2226,0.2042,0.1899,0.1711,0.1596,0.1492,0.1331,0.1237,0.1102,0.1016,0.0905,0.0821,0.0745,0.0689,0.062,0.056,0.0502,0.0452,0.0408,0.0366,0.0335,0.0299,0.027,0.0245,0.0221,0.0223,0.0187,0.0168,0.0152,0.0139
Test loss: 3.5996,2.6485,1.8913,1.4429,1.2141,1.0759,0.9972,0.9307,0.8958,0.8674,0.8482,0.8246,0.8124,0.8039,0.7959,0.7924,0.7977,0.7982,0.7963,0.7928,0.798,0.795,0.8166,0.8078,0.8134,0.8283,0.8348,0.8363,0.8506,0.8688,0.8737,0.8853,0.8997,0.9179,0.923,0.9384,0.9524,0.9575,0.9719,0.9878,0.993,1.0054,1.0171,1.0284,1.0452,1.0704,1.0802,1.0903,1.0971,1.1149
Train accuracy: 26.2,49.6,68.7,76.0,79.3,82.2,83.9,85.5,86.8,88.4,89.1,89.9,90.7,92.1,92.6,93.5,94.3,94.4,95.0,95.8,96.1,96.6,96.8,97.2,97.6,97.8,98.2,98.4,98.7,98.7,99.0,99.2,99.4,99.5,99.5,99.6,99.7,99.7,99.8,99.8,99.9,99.9,100.0,100.0,100.0,100.0,100.0,100.0,100.0,100.0
Test accuracy: 25.2,45.5,64.1,70.6,73.0,76.0,76.6,76.6,76.7,77.4,77.8,78.1,78.0,79.2,78.3,78.8,79.1,78.7,79.4,79.7,79.8,79.8,79.3,79.7,79.9,80.2,79.1,80.1,79.4,79.7,79.4,79.0,79.0,78.7,78.8,79.2,78.3,78.6,78.4,78.8,79.0,78.6,79.0,78.5,79.0,78.5,78.4,79.1,78.6,78.5
Rank: 100,100,100,100,100,100,100,100,100,100,100,100,100,100,100,100,100,100,100,100,100,100,100,100,100,100,100,100,100,100,100,100,100,100,100,100,100,100,100,100,100,100,100,100,100,100,100,100,100,100
Seed 8/10
Train loss: 3.549,2.5592,1.7455,1.2802,1.0296,0.8728,0.7626,0.6785,0.607,0.5457,0.5001,0.4558,0.421,0.3849,0.358,0.3274,0.3036,0.2779,0.2574,0.2383,0.2207,0.2033,0.1868,0.1731,0.1601,0.1447,0.1359,0.1246,0.1124,0.1048,0.0954,0.0874,0.0799,0.0722,0.0659,0.0602,0.055,0.0493,0.0451,0.0419,0.0371,0.034,0.0314,0.0278,0.0251,0.0228,0.0208,0.0191,0.0175,0.0165
Test loss: 3.5561,2.5963,1.8136,1.3845,1.1829,1.0578,0.9867,0.9288,0.8886,0.8584,0.8406,0.8279,0.8118,0.8032,0.8023,0.7977,0.798,0.791,0.7982,0.8013,0.8148,0.8126,0.8211,0.841,0.8336,0.8441,0.8521,0.8637,0.871,0.8817,0.8878,0.9039,0.9177,0.9306,0.9451,0.9561,0.9691,0.972,0.9906,1.0092,1.0225,1.0292,1.0427,1.0606,1.0759,1.0883,1.098,1.1113,1.1229,1.1401
Train accuracy: 24.1,51.1,67.9,74.7,78.6,81.5,83.4,84.7,86.8,88.0,89.7,90.1,91.0,91.7,92.5,93.2,94.0,94.8,95.0,95.7,96.0,96.7,96.8,97.4,97.4,98.2,98.2,98.5,98.7,98.9,99.0,99.1,99.4,99.4,99.6,99.7,99.7,99.8,99.8,99.8,99.9,100.0,99.9,100.0,100.0,100.0,100.0,100.0,100.0,100.0
Test accuracy: 24.0,49.2,64.8,71.9,73.9,75.9,76.5,77.5,78.1,78.0,78.5,78.5,79.3,78.8,79.0,78.8,78.6,79.4,78.9,79.1,78.7,78.8,78.9,79.4,78.6,78.7,79.1,78.3,78.7,78.9,78.6,78.4,78.1,78.0,77.7,78.3,77.4,78.0,77.3,77.3,77.9,78.0,77.3,77.2,77.6,77.2,77.3,77.5,77.5,77.5
Rank: 100,100,100,100,100,100,100,100,100,100,100,100,100,100,100,100,100,100,100,100,100,100,100,100,100,100,100,100,100,100,100,100,100,100,100,100,100,100,100,100,100,100,100,100,100,100,100,100,100,100
Seed 9/10
Train loss: 3.5562,2.5374,1.7761,1.3166,1.0587,0.8932,0.7827,0.6943,0.6268,0.564,0.5132,0.4692,0.4358,0.3975,0.3668,0.3394,0.3124,0.2889,0.2703,0.2504,0.2272,0.2106,0.1937,0.1776,0.1634,0.1514,0.1377,0.1256,0.1134,0.1068,0.0986,0.0889,0.0781,0.0711,0.0638,0.0577,0.0535,0.0489,0.0437,0.0391,0.0348,0.032,0.0292,0.0262,0.0238,0.0215,0.0199,0.0186,0.0165,0.0152
Test loss: 3.5991,2.6083,1.8675,1.4392,1.2078,1.0682,0.986,0.926,0.8801,0.8464,0.828,0.8083,0.7955,0.7742,0.766,0.7599,0.7552,0.7446,0.7526,0.7572,0.7518,0.7566,0.7716,0.7558,0.764,0.7865,0.7887,0.7969,0.7957,0.8041,0.8296,0.8315,0.8362,0.8553,0.8621,0.8755,0.8959,0.8981,0.9152,0.9293,0.942,0.9544,0.9663,0.9751,0.9851,0.9945,1.0056,1.0157,1.0275,1.0346
Train accuracy: 28.4,51.8,69.0,74.9,79.2,82.0,83.1,85.2,86.4,87.9,88.9,89.9,90.8,91.9,92.4,93.2,93.8,94.3,94.8,95.3,95.9,96.3,96.8,97.2,97.7,97.8,98.4,98.6,98.8,98.8,99.1,99.2,99.4,99.6,99.7,99.8,99.7,99.8,99.9,99.9,99.9,100.0,100.0,100.0,100.0,100.0,100.0,100.0,100.0,100.0
Test accuracy: 27.4,48.5,63.4,71.8,72.7,75.0,75.9,77.3,78.0,79.0,79.2,79.2,79.1,80.5,79.9,79.8,79.7,81.0,80.9,80.4,81.1,81.0,80.2,80.9,81.1,80.5,80.6,81.1,81.1,81.0,79.8,80.1,80.7,79.7,80.2,79.4,79.9,79.4,79.7,79.8,79.6,80.0,79.5,79.6,80.0,79.4,79.4,79.2,79.7,80.2
Rank: 100,100,100,100,100,100,100,100,100,100,100,100,100,100,100,100,100,100,100,100,100,100,100,100,100,100,100,100,100,100,100,100,100,100,100,100,100,100,100,100,100,100,100,100,100,100,100,100,100,100
Seed 10/10
Train loss: 3.6259,2.65,1.8283,1.3071,1.0224,0.8572,0.7438,0.6599,0.5939,0.5418,0.499,0.4535,0.4196,0.38,0.3524,0.3264,0.2984,0.2774,0.2573,0.2363,0.2175,0.2005,0.1864,0.1708,0.1572,0.1431,0.133,0.1208,0.1111,0.1033,0.0928,0.084,0.0773,0.0706,0.063,0.0581,0.0534,0.0478,0.0427,0.0386,0.0351,0.0315,0.0289,0.0268,0.0242,0.022,0.02,0.0183,0.0169,0.0157
Test loss: 3.6665,2.727,1.94,1.4567,1.2023,1.0723,0.9937,0.9361,0.8899,0.8643,0.8503,0.8309,0.8249,0.8088,0.8064,0.8025,0.8015,0.7919,0.8013,0.8012,0.8057,0.8033,0.8168,0.8144,0.8279,0.8369,0.8483,0.8574,0.8644,0.8736,0.8825,0.8981,0.9183,0.925,0.9364,0.9541,0.9611,0.9653,0.9759,0.9952,1.0146,1.0212,1.0322,1.0426,1.0546,1.067,1.07,1.0892,1.1013,1.1095
Train accuracy: 23.9,48.1,67.2,75.7,80.0,82.0,84.4,85.9,87.0,88.2,89.2,90.2,90.9,92.2,92.8,93.2,94.1,94.6,95.3,95.9,96.4,96.5,97.1,97.5,97.8,98.1,98.4,98.7,98.8,99.0,99.2,99.3,99.5,99.5,99.7,99.7,99.7,99.8,99.8,99.8,99.9,100.0,100.0,100.0,100.0,100.0,100.0,100.0,100.0,100.0
Test accuracy: 22.3,45.9,64.1,71.6,74.6,76.8,78.5,79.2,78.6,79.5,79.4,80.0,79.6,80.0,79.7,79.9,79.4,79.7,79.6,79.6,79.4,79.7,79.6,79.7,79.0,79.1,79.4,78.3,78.8,78.5,78.4,78.3,78.2,78.3,77.9,78.3,77.9,78.5,78.9,78.5,78.3,78.5,78.1,78.6,78.6,78.2,78.3,78.4,78.8,79.0
Rank: 100,100,100,100,100,100,100,100,100,100,100,100,100,100,100,100,100,100,100,100,100,100,100,100,100,100,100,100,100,100,100,100,100,100,100,100,100,100,100,100,100,100,100,100,100,100,100,100,100,100
