Seed 1/10
Train loss: 3.4465,2.4545,1.6568,1.1618,0.8771,0.7112,0.5926,0.5075,0.4554,0.4052,0.3708,0.3312,0.3018,0.2856,0.2552,0.2355,0.221,0.2021,0.1848,0.1764,0.1639,0.1522,0.141,0.1303,0.1237,0.1174,0.1075,0.1022,0.0956,0.0897,0.0843,0.0786,0.0764,0.0722,0.0694,0.0643,0.0595,0.0563,0.0537,0.0514,0.0492,0.0467,0.0446,0.0432,0.0412,0.0392,0.0373,0.0365,0.0342,0.0328
Test loss: 3.4755,2.5164,1.7524,1.3085,1.0851,0.9742,0.9088,0.8737,0.8549,0.8601,0.8468,0.8337,0.8402,0.8379,0.8418,0.8467,0.8385,0.8494,0.8409,0.8583,0.8699,0.8717,0.8732,0.8765,0.8686,0.8899,0.8952,0.9036,0.9126,0.9067,0.9341,0.9306,0.9383,0.9443,0.9545,0.9488,0.9643,0.9733,0.9735,0.9942,0.9926,1.0039,1.014,1.0157,1.0242,1.0311,1.0409,1.0472,1.0552,1.0558
Train accuracy: 27.4,54.2,70.8,78.3,81.9,84.5,86.7,88.7,90.3,91.3,92.5,93.7,94.6,94.8,95.9,96.2,96.9,97.3,97.8,97.7,98.3,98.6,98.8,99.0,99.0,99.2,99.5,99.4,99.6,99.7,99.7,99.7,99.8,99.8,99.8,99.9,99.9,99.9,100.0,100.0,100.0,100.0,100.0,100.0,100.0,100.0,100.0,100.0,100.0,100.0
Test accuracy: 27.2,51.0,67.9,73.7,77.3,77.1,78.6,78.9,80.5,80.5,81.1,80.3,79.8,81.1,80.9,80.3,80.7,80.4,81.1,79.8,79.8,79.8,79.9,80.5,80.0,80.0,79.7,79.6,79.8,80.3,79.1,79.8,80.2,79.7,80.1,79.8,79.6,80.1,80.1,79.7,79.9,79.6,79.0,79.8,80.1,79.8,79.8,79.6,79.8,80.1
Rank: 100,100,100,100,100,100,100,100,100,100,100,100,100,100,100,100,100,100,100,100,100,100,100,100,100,100,100,100,100,100,100,100,100,100,100,100,100,100,100,100,100,100,100,100,100,100,100,100,100,100
Seed 2/10
Train loss: 3.4299,2.4746,1.7066,1.2097,0.9217,0.7499,0.6291,0.5406,0.4839,0.4298,0.3913,0.3499,0.3227,0.2991,0.2718,0.2519,0.2341,0.2154,0.1998,0.1848,0.172,0.1615,0.1484,0.1423,0.1299,0.1228,0.1157,0.1078,0.1026,0.0957,0.09,0.0844,0.0797,0.0769,0.0723,0.0687,0.0674,0.0624,0.0592,0.0567,0.0534,0.0517,0.0481,0.0459,0.0441,0.0425,0.0414,0.0388,0.0375,0.0362
Test loss: 3.4794,2.5615,1.8364,1.3765,1.1417,1.0121,0.9228,0.8721,0.8533,0.8294,0.8176,0.805,0.8106,0.8096,0.7953,0.7983,0.7972,0.7978,0.8062,0.8081,0.809,0.8109,0.8215,0.8306,0.8345,0.8466,0.8404,0.8491,0.8565,0.8615,0.8652,0.8697,0.8817,0.89,0.8897,0.8962,0.918,0.9045,0.9233,0.9199,0.9185,0.9312,0.9361,0.9415,0.9488,0.9506,0.9545,0.9598,0.9707,0.9846
Train accuracy: 26.2,51.2,70.8,77.6,81.4,84.3,86.7,88.1,89.8,90.6,92.0,93.6,94.1,94.6,95.6,96.1,96.5,97.2,97.5,97.7,98.2,98.3,98.6,98.7,99.0,99.1,99.2,99.4,99.5,99.5,99.7,99.7,99.8,99.9,99.8,99.9,99.9,99.9,99.9,99.9,100.0,100.0,100.0,100.0,100.0,100.0,100.0,100.0,100.0,100.0
Test accuracy: 25.3,49.8,67.4,74.4,76.6,77.3,79.4,80.6,80.5,81.6,81.4,82.1,82.1,81.5,82.2,81.8,81.2,82.6,81.5,81.6,81.2,81.3,81.6,81.5,81.1,81.2,81.4,80.9,81.6,81.2,81.4,81.5,80.9,81.1,81.4,81.5,81.3,81.4,80.8,81.2,81.2,81.1,81.5,81.3,81.2,81.4,81.2,81.7,81.1,81.3
Rank: 100,100,100,100,100,100,100,100,100,100,100,100,100,100,100,100,100,100,100,100,100,100,100,100,100,100,100,100,100,100,100,100,100,100,100,100,100,100,100,100,100,100,100,100,100,100,100,100,100,100
Seed 3/10
Train loss: 3.3249,2.3336,1.5712,1.1246,0.8575,0.7072,0.6053,0.5363,0.4755,0.4252,0.3855,0.3515,0.3246,0.2962,0.274,0.2505,0.2307,0.2174,0.2028,0.1881,0.1727,0.1625,0.149,0.1419,0.1318,0.1233,0.1153,0.1088,0.1013,0.0969,0.0909,0.0853,0.0816,0.0763,0.0728,0.0693,0.0657,0.0619,0.0587,0.0559,0.0533,0.0505,0.0487,0.0461,0.0453,0.0422,0.0408,0.0387,0.0374,0.0358
Test loss: 3.373,2.4262,1.7064,1.2992,1.0848,0.9923,0.9346,0.9019,0.8826,0.8725,0.8614,0.8516,0.8529,0.8502,0.8545,0.8502,0.859,0.8694,0.8673,0.8805,0.8821,0.8942,0.8936,0.9006,0.9058,0.9224,0.9242,0.9342,0.9331,0.9451,0.9464,0.9519,0.9698,0.9693,0.9802,0.9835,0.9874,1.0016,1.0101,1.0173,1.0227,1.0312,1.0375,1.0398,1.0499,1.0519,1.0679,1.0709,1.0793,1.0828
Train accuracy: 29.2,59.2,73.7,79.8,83.1,84.5,86.6,88.2,89.9,91.4,92.2,92.9,93.7,94.4,95.1,96.0,96.5,96.7,97.2,97.4,98.0,98.2,98.6,99.0,98.9,99.3,99.4,99.4,99.6,99.7,99.7,99.7,99.8,99.9,99.9,99.9,99.9,99.9,99.9,99.9,100.0,100.0,100.0,100.0,100.0,100.0,100.0,100.0,100.0,100.0
Test accuracy: 26.9,55.3,70.3,74.1,75.5,77.2,77.0,77.2,78.3,79.0,79.3,79.3,79.7,79.6,78.9,79.4,79.5,79.7,78.8,79.1,79.2,79.2,79.5,79.8,79.6,79.1,79.6,79.7,79.8,79.6,79.8,79.7,79.4,79.9,80.2,80.0,79.9,79.7,79.8,79.6,80.1,79.9,79.7,79.7,79.9,80.4,80.2,79.8,79.8,80.2
Rank: 100,100,100,100,100,100,100,100,100,100,100,100,100,100,100,100,100,100,100,100,100,100,100,100,100,100,100,100,100,100,100,100,100,100,100,100,100,100,100,100,100,100,100,100,100,100,100,100,100,100
Seed 4/10
Train loss: 3.4427,2.4723,1.6706,1.1505,0.8778,0.7163,0.612,0.533,0.471,0.4233,0.3866,0.3496,0.3176,0.2938,0.2722,0.2481,0.2322,0.2149,0.1994,0.1816,0.1727,0.1601,0.1479,0.1383,0.1321,0.1233,0.1135,0.1061,0.1009,0.0944,0.0914,0.0857,0.081,0.0756,0.073,0.0692,0.0661,0.0617,0.0582,0.0557,0.0527,0.0509,0.0482,0.0461,0.0445,0.043,0.0407,0.0387,0.0371,0.0355
Test loss: 3.4865,2.5632,1.8026,1.3378,1.1265,1.0059,0.9537,0.9029,0.8795,0.8557,0.858,0.8414,0.841,0.833,0.8439,0.8386,0.8518,0.862,0.8571,0.8518,0.8659,0.8603,0.8759,0.8809,0.8855,0.8859,0.8961,0.896,0.9156,0.9107,0.9151,0.9273,0.9302,0.9366,0.9395,0.9523,0.9506,0.9587,0.9637,0.9682,0.9762,0.9847,0.9906,0.9918,0.9989,1.0051,1.0124,1.0192,1.0261,1.0326
Train accuracy: 22.2,54.6,70.9,78.2,81.9,84.6,86.3,88.1,90.1,90.8,91.8,93.2,94.1,94.4,95.0,96.0,96.4,97.1,97.2,97.9,98.1,98.4,98.5,98.8,99.1,99.0,99.4,99.5,99.5,99.7,99.6,99.7,99.8,99.8,99.8,99.8,99.9,99.9,99.9,99.9,99.9,99.9,99.9,100.0,99.9,99.9,99.9,100.0,99.9,100.0
Test accuracy: 21.6,50.1,66.4,72.5,74.6,76.2,76.3,77.8,79.1,78.8,78.5,79.2,80.0,79.8,79.4,78.9,79.8,78.2,78.8,79.0,77.6,79.5,80.0,79.1,79.0,78.8,78.8,79.0,78.8,79.6,78.8,79.1,79.1,79.1,79.2,79.0,79.4,79.8,79.0,79.5,79.3,79.4,79.0,79.5,79.1,79.2,79.0,78.7,79.3,79.3
Rank: 100,100,100,100,100,100,100,100,100,100,100,100,100,100,100,100,100,100,100,100,100,100,100,100,100,100,100,100,100,100,100,100,100,100,100,100,100,100,100,100,100,100,100,100,100,100,100,100,100,100
Seed 5/10
Train loss: 3.4002,2.471,1.7434,1.2379,0.9297,0.7365,0.6225,0.5275,0.4618,0.4186,0.3708,0.3355,0.3031,0.2813,0.2607,0.239,0.2193,0.2005,0.1865,0.1736,0.1647,0.1515,0.1426,0.1329,0.1229,0.1147,0.1085,0.1035,0.0949,0.0919,0.0846,0.0803,0.0755,0.0725,0.0685,0.0642,0.0609,0.0584,0.0558,0.0523,0.0502,0.0474,0.0454,0.0435,0.0417,0.0398,0.0384,0.0377,0.0351,0.0343
Test loss: 3.4452,2.559,1.8697,1.4026,1.1445,1.0139,0.9419,0.8917,0.8654,0.8616,0.8425,0.8394,0.8287,0.8438,0.8495,0.8417,0.8382,0.8358,0.8456,0.8543,0.864,0.8711,0.8834,0.889,0.8868,0.9043,0.9052,0.9237,0.9314,0.9429,0.9476,0.9585,0.9662,0.9951,0.9929,0.9952,1.0113,1.0116,1.0283,1.0377,1.0483,1.0529,1.0611,1.0764,1.0771,1.0768,1.0942,1.0971,1.1097,1.1124
Train accuracy: 25.5,51.9,69.9,77.8,81.9,84.8,86.7,88.7,89.9,91.2,92.7,93.6,94.6,94.8,95.8,96.3,97.0,97.5,97.9,98.1,98.3,98.7,98.8,99.0,99.2,99.4,99.6,99.3,99.6,99.7,99.7,99.8,99.8,99.9,99.9,99.9,99.9,100.0,99.9,100.0,100.0,100.0,100.0,100.0,100.0,100.0,100.0,100.0,100.0,100.0
Test accuracy: 24.8,48.9,65.3,71.9,75.8,76.8,78.0,79.2,79.1,79.4,80.1,80.5,80.3,79.8,80.6,80.5,80.5,81.6,80.6,80.7,80.1,80.7,81.2,80.6,81.3,80.5,81.0,80.6,81.3,81.3,81.0,81.1,81.2,81.0,80.8,80.9,81.0,80.9,80.5,81.3,81.1,80.6,81.2,80.8,80.2,81.0,81.2,81.2,80.6,80.4
Rank: 100,100,100,100,100,100,100,100,100,100,100,100,100,100,100,100,100,100,100,100,100,100,100,100,100,100,100,100,100,100,100,100,100,100,100,100,100,100,100,100,100,100,100,100,100,100,100,100,100,100
Seed 6/10
Train loss: 3.3282,2.3504,1.6052,1.1644,0.9031,0.7327,0.621,0.5389,0.4761,0.424,0.3846,0.3512,0.3206,0.2892,0.2694,0.2476,0.227,0.2109,0.1981,0.1812,0.1682,0.1582,0.1473,0.1378,0.1295,0.1205,0.1159,0.1061,0.1017,0.0945,0.0898,0.0835,0.0795,0.0757,0.0701,0.0668,0.0637,0.0602,0.058,0.0551,0.0512,0.0491,0.0477,0.0449,0.0426,0.041,0.0394,0.0377,0.0361,0.0345
Test loss: 3.3642,2.4161,1.7058,1.3133,1.0966,0.9755,0.9048,0.8709,0.8447,0.8244,0.819,0.8001,0.7987,0.7946,0.8053,0.7936,0.7981,0.8018,0.8093,0.802,0.809,0.8192,0.8241,0.8371,0.8279,0.8433,0.8505,0.853,0.8581,0.8547,0.8706,0.8687,0.8723,0.8852,0.8898,0.8912,0.8975,0.8964,0.9051,0.9106,0.9173,0.9216,0.9324,0.9374,0.9469,0.9407,0.9582,0.9584,0.971,0.9761
Train accuracy: 28.3,58.5,72.7,78.9,82.0,84.5,86.1,88.1,89.9,90.9,91.9,92.6,94.0,94.7,95.4,95.8,96.7,97.1,97.1,98.0,98.1,98.3,98.7,98.9,99.1,99.3,99.3,99.5,99.5,99.6,99.7,99.8,99.8,99.8,99.9,99.9,99.9,99.9,99.9,99.9,99.9,100.0,99.9,100.0,100.0,100.0,100.0,100.0,100.0,100.0
Test accuracy: 27.5,54.9,67.4,74.5,76.9,77.9,78.9,79.2,78.4,79.5,80.5,81.1,80.5,79.7,81.0,81.8,81.2,79.8,80.0,81.1,80.7,81.2,81.0,80.6,80.1,79.8,80.2,80.4,80.8,80.6,80.0,80.6,80.3,80.2,80.2,80.6,80.7,80.5,80.5,80.5,80.4,80.4,80.5,80.2,80.7,81.4,80.5,80.8,80.8,80.5
Rank: 100,100,100,100,100,100,100,100,100,100,100,100,100,100,100,100,100,100,100,100,100,100,100,100,100,100,100,100,100,100,100,100,100,100,100,100,100,100,100,100,100,100,100,100,100,100,100,100,100,100
Seed 7/10
Train loss: 3.3728,2.4198,1.6779,1.1993,0.9164,0.7429,0.6331,0.5543,0.4865,0.4391,0.3987,0.3679,0.332,0.3101,0.2827,0.2666,0.2461,0.2282,0.209,0.1943,0.1806,0.1704,0.1616,0.1493,0.1391,0.1305,0.1222,0.1148,0.1081,0.1014,0.0967,0.0904,0.0848,0.0857,0.077,0.0735,0.0715,0.0656,0.0627,0.0588,0.0572,0.053,0.0511,0.0484,0.0469,0.0446,0.0426,0.0417,0.0392,0.0375
Test loss: 3.4381,2.5271,1.8238,1.3876,1.1428,1.0229,0.96,0.9179,0.8941,0.8817,0.8777,0.869,0.8616,0.8718,0.8602,0.8754,0.8735,0.871,0.8731,0.877,0.8835,0.8861,0.8832,0.8968,0.9041,0.9002,0.902,0.9081,0.9239,0.929,0.9405,0.952,0.9551,0.9713,0.9572,0.9715,0.9816,0.9773,0.9897,0.9836,1.0053,1.0084,1.0157,1.0195,1.0209,1.0348,1.0396,1.0578,1.0536,1.0555
Train accuracy: 28.9,57.1,71.8,78.5,82.1,84.3,86.5,87.9,89.7,90.9,92.4,92.5,94.1,94.5,95.3,95.8,95.9,96.7,97.2,97.6,97.8,98.1,98.2,98.6,98.8,99.1,99.2,99.3,99.3,99.5,99.6,99.7,99.7,99.5,99.8,99.9,99.8,99.8,99.9,99.9,99.9,99.9,100.0,100.0,100.0,100.0,100.0,100.0,100.0,100.0
Test accuracy: 28.0,51.9,66.3,73.2,75.2,75.0,75.5,77.4,77.8,79.0,77.7,78.2,78.8,78.5,79.1,79.4,79.2,78.8,79.3,79.4,79.6,79.8,79.8,79.6,80.1,79.6,79.9,79.8,79.6,80.3,79.3,79.8,79.6,79.1,79.7,79.9,79.7,79.8,79.9,79.9,79.8,79.2,79.5,79.7,79.6,79.8,79.5,79.6,79.6,79.3
Rank: 100,100,100,100,100,100,100,100,100,100,100,100,100,100,100,100,100,100,100,100,100,100,100,100,100,100,100,100,100,100,100,100,100,100,100,100,100,100,100,100,100,100,100,100,100,100,100,100,100,100
Seed 8/10
Train loss: 3.3788,2.3943,1.6307,1.1743,0.9061,0.746,0.6295,0.5533,0.492,0.4404,0.3973,0.3614,0.333,0.3046,0.2882,0.2634,0.2389,0.2287,0.2102,0.1942,0.1842,0.1711,0.159,0.152,0.141,0.1316,0.1243,0.1184,0.1108,0.1036,0.0979,0.0932,0.0891,0.0839,0.0799,0.0745,0.0702,0.0662,0.0633,0.0598,0.057,0.0546,0.0525,0.0502,0.0477,0.0456,0.0432,0.0422,0.04,0.0386
Test loss: 3.3978,2.4508,1.7345,1.337,1.1319,1.0294,0.9613,0.9212,0.9075,0.8933,0.8745,0.8773,0.8785,0.876,0.8829,0.879,0.8862,0.9042,0.897,0.8945,0.9055,0.9078,0.9129,0.9245,0.9276,0.9481,0.9525,0.959,0.9665,0.9769,0.9845,0.9915,1.0061,1.0051,1.014,1.0262,1.0392,1.0373,1.0448,1.0544,1.0649,1.0692,1.0767,1.0913,1.0952,1.1026,1.1016,1.1136,1.1174,1.1211
Train accuracy: 27.7,57.9,71.8,77.4,81.8,83.7,85.7,87.6,89.0,90.5,92.0,92.9,93.8,94.6,95.1,95.9,96.6,96.7,97.3,97.9,97.8,98.1,98.3,98.5,98.8,99.1,99.2,99.3,99.4,99.5,99.5,99.7,99.8,99.8,99.7,99.8,99.9,99.9,99.9,99.9,100.0,99.9,100.0,100.0,100.0,100.0,100.0,100.0,100.0,100.0
Test accuracy: 26.2,56.2,68.7,72.3,75.4,76.2,77.3,78.6,78.5,78.5,78.5,78.3,78.7,78.7,78.9,79.7,79.1,79.1,78.7,79.1,79.3,78.8,79.6,79.0,78.7,78.5,78.2,79.2,78.3,78.3,78.7,78.1,77.8,78.9,79.1,78.2,78.0,78.6,78.5,77.8,78.1,78.1,78.3,78.1,78.2,77.9,78.2,78.0,77.8,77.9
Rank: 100,100,100,100,100,100,100,100,100,100,100,100,100,100,100,100,100,100,100,100,100,100,100,100,100,100,100,100,100,100,100,100,100,100,100,100,100,100,100,100,100,100,100,100,100,100,100,100,100,100
Seed 9/10
Train loss: 3.4026,2.4057,1.6707,1.2043,0.9202,0.7506,0.6345,0.5549,0.5022,0.4564,0.4034,0.3709,0.3425,0.319,0.289,0.267,0.2474,0.2308,0.216,0.2023,0.1864,0.1756,0.1642,0.1531,0.1441,0.1345,0.1267,0.1181,0.1121,0.1073,0.1013,0.0956,0.0877,0.0833,0.0798,0.0749,0.0706,0.0679,0.065,0.0618,0.0584,0.0565,0.0536,0.0508,0.0491,0.0468,0.0451,0.0432,0.0413,0.0389
Test loss: 3.448,2.4889,1.7834,1.3572,1.1188,1.0001,0.9245,0.8842,0.8809,0.8541,0.8264,0.8397,0.8342,0.817,0.8119,0.8203,0.8196,0.818,0.8458,0.8391,0.8412,0.8499,0.8586,0.8695,0.8702,0.8788,0.8974,0.8991,0.916,0.9116,0.9165,0.9382,0.9419,0.9428,0.953,0.9632,0.9614,0.9695,0.9814,0.9848,0.993,1.0061,1.0179,1.0212,1.0244,1.0436,1.048,1.0545,1.0581,1.0586
Train accuracy: 32.3,56.0,72.5,78.2,81.6,83.9,86.0,87.9,89.2,90.1,91.8,92.8,93.5,94.1,95.1,95.6,96.3,96.8,97.0,97.2,97.7,98.1,98.4,98.6,98.9,99.2,99.2,99.3,99.5,99.4,99.4,99.7,99.8,99.8,99.9,99.8,99.9,99.9,100.0,100.0,100.0,99.9,100.0,100.0,100.0,100.0,100.0,100.0,100.0,100.0
Test accuracy: 31.9,51.3,66.9,72.4,75.0,76.2,77.7,79.2,79.6,79.6,80.6,79.4,78.8,79.6,80.4,79.9,80.5,80.2,81.0,80.1,80.0,79.7,80.5,78.8,80.2,80.0,79.7,80.1,79.4,79.6,79.7,79.5,79.8,80.1,79.3,79.4,79.4,79.2,78.9,79.5,79.1,78.9,79.1,78.9,79.1,78.9,79.2,78.5,78.4,78.8
Rank: 100,100,100,100,100,100,100,100,100,100,100,100,100,100,100,100,100,100,100,100,100,100,100,100,100,100,100,100,100,100,100,100,100,100,100,100,100,100,100,100,100,100,100,100,100,100,100,100,100,100
Seed 10/10
Train loss: 3.4634,2.49,1.6849,1.1567,0.8853,0.7174,0.6046,0.534,0.4746,0.433,0.389,0.3545,0.3308,0.3023,0.2794,0.2571,0.2407,0.2249,0.2092,0.194,0.1816,0.166,0.1571,0.1492,0.138,0.1314,0.1228,0.1176,0.1082,0.1033,0.0959,0.0906,0.0863,0.0826,0.0767,0.0727,0.0707,0.0664,0.0661,0.0618,0.0573,0.054,0.0524,0.0496,0.0477,0.0459,0.0439,0.0419,0.0403,0.0386
Test loss: 3.5145,2.5849,1.8253,1.3479,1.1316,1.013,0.9489,0.9197,0.9011,0.8874,0.8739,0.8686,0.8723,0.8618,0.8651,0.8602,0.8692,0.8872,0.8919,0.8801,0.8907,0.8817,0.9018,0.8909,0.909,0.905,0.9172,0.9313,0.9324,0.9384,0.9459,0.9554,0.9586,0.9664,0.9758,0.9805,0.9845,0.9922,1.004,1.0067,1.0098,1.019,1.0243,1.033,1.0305,1.0458,1.0543,1.0453,1.0555,1.0616
Train accuracy: 26.8,54.0,71.0,78.9,81.8,84.5,87.0,88.4,89.9,90.9,92.2,93.3,93.5,94.5,95.1,95.6,96.2,96.7,97.0,97.6,98.0,98.2,98.6,98.7,98.9,98.9,99.3,99.3,99.4,99.5,99.6,99.7,99.7,99.8,99.9,99.9,99.8,99.9,99.9,99.9,100.0,100.0,100.0,100.0,100.0,100.0,100.0,100.0,100.0,100.0
Test accuracy: 25.7,51.0,67.3,73.4,75.9,78.0,78.0,79.3,78.4,78.5,79.0,78.9,78.8,79.8,78.9,79.1,78.8,78.9,78.5,78.8,79.1,79.4,78.6,79.3,79.1,79.3,79.2,78.7,78.5,78.7,78.8,78.7,78.7,78.7,78.4,78.6,78.2,78.8,78.3,78.3,78.4,78.1,77.9,78.3,78.3,78.3,77.7,78.5,78.5,77.8
Rank: 100,100,100,100,100,100,100,100,100,100,100,100,100,100,100,100,100,100,100,100,100,100,100,100,100,100,100,100,100,100,100,100,100,100,100,100,100,100,100,100,100,100,100,100,100,100,100,100,100,100
