Seed 1/10
Train loss: 3.9608,3.471,3.0219,2.6094,2.2627,1.9821,1.7634,1.5935,1.4604,1.352,1.2626,1.1854,1.1203,1.0625,1.014,0.968,0.9301,0.8932,0.8606,0.8316,0.8029,0.7775,0.755,0.7331,0.713,0.6942,0.6762,0.661,0.6452,0.6302,0.618,0.604,0.5917,0.5792,0.5682,0.5571,0.5465,0.5375,0.5279,0.5184,0.5094,0.502,0.4946,0.4858,0.4783,0.4703,0.4636,0.4576,0.4512,0.4442
Test loss: 3.9796,3.5089,3.0767,2.6844,2.361,2.1036,1.9105,1.7666,1.6563,1.574,1.5067,1.4523,1.408,1.37,1.3407,1.3093,1.2884,1.2656,1.2492,1.2361,1.2188,1.21,1.1996,1.1912,1.1858,1.1781,1.1695,1.1652,1.1617,1.1593,1.1575,1.1531,1.1548,1.1522,1.1499,1.1478,1.1436,1.1452,1.1486,1.1464,1.1475,1.1504,1.1489,1.147,1.1523,1.1496,1.1557,1.1539,1.1547,1.1589
Train accuracy: 10.2,20.9,35.3,46.6,55.7,62.5,67.4,70.7,73.3,74.8,76.8,77.6,78.6,79.4,80.3,80.6,81.5,82.2,82.9,83.4,83.8,84.5,84.4,85.0,85.4,85.9,86.5,86.2,86.6,87.1,86.9,87.2,87.2,87.8,87.8,87.9,88.0,88.1,88.4,88.3,88.6,88.8,88.8,89.0,89.2,89.5,89.5,89.7,89.6,89.9
Test accuracy: 10.1,20.2,33.0,44.0,52.5,57.0,60.9,63.8,66.3,68.5,69.0,70.3,70.7,71.4,71.1,72.5,72.6,73.1,73.0,73.2,74.0,73.8,73.3,73.4,73.7,74.2,74.0,74.1,74.0,74.2,74.2,74.8,74.2,74.6,74.3,74.4,74.7,74.3,74.5,74.9,74.6,74.4,74.2,74.5,74.1,74.3,73.9,74.8,74.0,74.3
Rank: 100,100,100,100,100,100,100,100,100,100,100,100,100,100,100,100,100,100,100,100,100,100,100,100,100,100,100,100,100,100,100,100,100,100,100,100,100,100,100,100,100,100,100,100,100,100,100,100,100,100
Seed 2/10
Train loss: 3.9142,3.3967,2.9321,2.5097,2.1594,1.8863,1.6804,1.5213,1.3959,1.2939,1.207,1.1368,1.0759,1.0218,0.9758,0.9342,0.8981,0.865,0.8358,0.8091,0.7846,0.7609,0.7393,0.7212,0.7026,0.6844,0.6685,0.6529,0.639,0.6266,0.6138,0.6004,0.5896,0.5794,0.5682,0.558,0.5486,0.5403,0.5311,0.5237,0.5155,0.5073,0.5006,0.4931,0.4856,0.4791,0.4728,0.4663,0.46,0.4555
Test loss: 3.9367,3.4357,2.9972,2.6029,2.2816,2.0414,1.8687,1.741,1.6478,1.576,1.5171,1.4691,1.4297,1.3985,1.3714,1.3489,1.3305,1.3149,1.3011,1.2891,1.2767,1.2681,1.262,1.254,1.2455,1.2399,1.2337,1.2343,1.231,1.2294,1.2229,1.2188,1.2211,1.2215,1.2164,1.2138,1.2177,1.2148,1.2159,1.2169,1.2162,1.2119,1.2126,1.2194,1.2196,1.2193,1.2251,1.2225,1.2238,1.2297
Train accuracy: 13.0,24.8,36.9,48.0,59.3,65.2,69.0,71.9,73.7,75.5,77.0,77.7,79.0,79.7,80.8,81.1,81.8,82.6,83.1,83.3,83.6,84.1,84.6,84.9,85.5,85.6,86.2,86.3,86.6,86.8,86.9,87.0,87.1,87.2,87.6,87.7,87.8,88.0,87.8,88.1,88.4,88.5,88.5,88.7,88.9,88.8,89.0,89.1,89.0,89.3
Test accuracy: 12.4,25.3,34.6,47.2,56.2,61.1,63.2,65.0,65.9,67.9,69.1,70.0,70.2,70.6,71.0,71.8,71.9,71.4,71.8,72.3,72.8,72.3,72.3,73.5,72.7,73.5,72.7,73.0,73.5,72.2,73.3,72.4,73.0,73.1,73.0,73.4,73.0,72.9,73.1,73.2,72.9,73.2,72.9,73.4,73.1,73.1,72.6,72.7,72.7,72.6
Rank: 100,100,100,100,100,100,100,100,100,100,100,100,100,100,100,100,100,100,100,100,100,100,100,100,100,100,100,100,100,100,100,100,100,100,100,100,100,100,100,100,100,100,100,100,100,100,100,100,100,100
Seed 3/10
Train loss: 3.9648,3.4676,3.0392,2.6374,2.2886,2.0062,1.7876,1.6156,1.4806,1.3707,1.2821,1.2075,1.1462,1.0937,1.0491,1.009,0.9737,0.9419,0.9148,0.8879,0.8645,0.8425,0.8218,0.8028,0.7857,0.7705,0.7554,0.7395,0.7259,0.7127,0.7007,0.6891,0.6781,0.6679,0.6582,0.648,0.6393,0.6308,0.6219,0.6136,0.6053,0.5979,0.5913,0.5852,0.5783,0.5711,0.5649,0.5581,0.5521,0.5467
Test loss: 3.9842,3.5153,3.116,2.7361,2.4079,2.1507,1.9543,1.8093,1.6983,1.6162,1.5502,1.4943,1.4545,1.4204,1.3933,1.3689,1.3486,1.3324,1.3193,1.3046,1.294,1.2845,1.2743,1.2655,1.2624,1.2531,1.2522,1.2429,1.2387,1.2283,1.2275,1.2231,1.2193,1.2164,1.2141,1.2128,1.2123,1.2063,1.2084,1.2055,1.2057,1.2015,1.2023,1.2001,1.2008,1.1984,1.1974,1.1973,1.1965,1.1963
Train accuracy: 14.9,27.3,39.1,50.4,58.9,64.5,69.7,72.9,75.8,77.6,79.1,80.2,80.9,81.8,82.4,83.2,83.8,84.2,85.0,85.1,85.6,85.6,86.0,86.2,86.4,86.7,87.0,87.2,87.1,87.8,88.0,87.9,88.3,88.6,88.5,88.6,88.6,89.0,89.0,89.0,89.2,89.1,89.4,89.5,89.4,89.5,89.5,89.5,89.7,89.8
Test accuracy: 15.9,26.1,36.7,46.0,54.8,60.0,65.0,67.8,69.1,70.5,71.9,71.8,71.9,72.8,72.6,72.6,72.6,72.3,72.0,72.8,73.0,72.2,72.7,72.7,72.5,72.7,72.1,72.4,72.6,72.3,72.2,72.1,72.7,72.8,72.2,72.4,72.2,72.2,72.3,71.8,72.6,72.5,72.2,72.2,71.7,71.9,71.9,72.5,72.3,72.4
Rank: 100,100,100,100,100,100,100,100,100,100,100,100,100,100,100,100,100,100,100,100,100,100,100,100,100,100,100,100,100,100,100,100,100,100,100,100,100,100,100,100,100,100,100,100,100,100,100,100,100,100
Seed 4/10
Train loss: 3.9195,3.3928,2.9501,2.5625,2.2287,1.9493,1.7234,1.5442,1.4041,1.2939,1.2017,1.1273,1.0656,1.0092,0.9608,0.918,0.8819,0.8475,0.8165,0.789,0.7642,0.7403,0.7189,0.6993,0.6812,0.6636,0.648,0.6335,0.6198,0.6063,0.5939,0.5827,0.5708,0.5599,0.5493,0.5395,0.5298,0.5227,0.5132,0.5044,0.4978,0.4886,0.4805,0.4729,0.4661,0.4596,0.4516,0.4454,0.4387,0.4335
Test loss: 3.948,3.4451,3.0222,2.6584,2.3498,2.0984,1.9024,1.7504,1.6354,1.5533,1.4816,1.4303,1.3867,1.3517,1.3178,1.2957,1.276,1.2544,1.2393,1.2264,1.2136,1.2032,1.1959,1.1884,1.1815,1.1757,1.1709,1.1676,1.1654,1.1622,1.1583,1.1556,1.1525,1.149,1.1499,1.1501,1.1507,1.1515,1.1515,1.1525,1.1517,1.1559,1.1555,1.1576,1.1593,1.1607,1.1603,1.1608,1.1614,1.1638
Train accuracy: 13.5,26.9,38.9,46.4,54.5,63.1,68.1,71.9,73.8,75.1,77.5,78.6,79.6,80.5,81.4,82.1,82.7,83.6,84.2,84.7,84.9,85.2,85.7,86.1,86.3,86.5,87.0,87.1,87.7,88.0,88.1,88.3,88.8,89.0,89.3,89.3,89.7,89.8,90.2,90.3,90.5,90.7,91.0,90.7,91.1,91.2,91.4,91.4,91.6,91.7
Test accuracy: 13.4,26.0,37.2,44.2,51.4,58.6,62.4,64.4,66.6,68.7,68.8,69.4,70.2,70.1,71.2,71.4,71.4,71.2,71.2,71.7,71.1,71.4,71.3,71.7,71.4,72.0,71.8,72.0,72.0,71.9,72.2,72.2,71.8,72.3,71.8,71.8,71.8,72.0,72.1,71.8,72.5,72.0,72.2,72.7,72.4,72.7,72.7,72.1,72.7,72.5
Rank: 100,100,100,100,100,100,100,100,100,100,100,100,100,100,100,100,100,100,100,100,100,100,100,100,100,100,100,100,100,100,100,100,100,100,100,100,100,100,100,100,100,100,100,100,100,100,100,100,100,100
Seed 5/10
Train loss: 3.872,3.3321,2.8558,2.4574,2.1409,1.8959,1.7037,1.5493,1.4261,1.3266,1.2423,1.1733,1.114,1.062,1.018,0.9781,0.9411,0.909,0.8799,0.8532,0.829,0.8062,0.7851,0.7649,0.7471,0.7305,0.714,0.6989,0.6841,0.6709,0.6577,0.6457,0.6343,0.6224,0.6131,0.6029,0.5932,0.5836,0.5747,0.5664,0.558,0.5508,0.5424,0.5355,0.5283,0.5224,0.515,0.51,0.5031,0.4974
Test loss: 3.8909,3.3722,2.9161,2.5383,2.2396,2.0168,1.8522,1.7218,1.6226,1.5489,1.4892,1.4421,1.4029,1.3691,1.3431,1.3215,1.3028,1.2843,1.272,1.2585,1.2497,1.2417,1.2311,1.2223,1.2157,1.213,1.2077,1.2061,1.1985,1.1991,1.1929,1.1917,1.1916,1.1859,1.1857,1.1902,1.186,1.183,1.182,1.1875,1.1834,1.185,1.1847,1.1859,1.1835,1.1852,1.1863,1.1827,1.1876,1.1924
Train accuracy: 11.5,25.3,41.8,52.1,59.9,65.3,68.5,71.3,73.7,75.2,76.3,77.9,78.8,79.4,80.2,80.8,81.6,82.3,82.7,83.2,83.8,84.2,84.4,85.0,85.1,85.3,85.6,86.1,86.5,86.5,86.8,87.3,87.2,87.5,87.8,88.2,88.3,88.5,88.7,88.9,89.3,89.2,89.5,89.5,89.7,89.7,89.9,89.9,90.5,90.6
Test accuracy: 10.8,21.9,39.2,48.9,56.6,61.8,64.1,65.3,66.7,68.6,67.9,69.0,70.0,69.9,70.6,70.5,70.8,70.9,71.6,71.4,71.3,72.2,71.5,72.0,71.8,71.8,71.7,71.4,72.4,71.6,71.5,72.4,72.5,72.8,72.2,72.3,72.3,71.7,72.4,72.0,72.4,72.6,72.2,72.0,72.5,73.0,72.3,72.1,71.9,71.8
Rank: 100,100,100,100,100,100,100,100,100,100,100,100,100,100,100,100,100,100,100,100,100,100,100,100,100,100,100,100,100,100,100,100,100,100,100,100,100,100,100,100,100,100,100,100,100,100,100,100,100,100
Seed 6/10
Train loss: 3.9255,3.4464,3.0378,2.6628,2.3231,2.0286,1.7888,1.5962,1.4532,1.3413,1.2497,1.1758,1.1128,1.0579,1.0091,0.9667,0.9304,0.8972,0.8673,0.8398,0.8138,0.7916,0.7703,0.7505,0.731,0.7132,0.697,0.682,0.6668,0.6538,0.641,0.6285,0.6167,0.6061,0.5962,0.5854,0.5756,0.5671,0.5584,0.5494,0.542,0.5337,0.5272,0.5199,0.513,0.5068,0.5002,0.4944,0.4886,0.4834
Test loss: 3.9489,3.4883,3.0993,2.7468,2.429,2.1588,1.9485,1.7832,1.6676,1.581,1.5132,1.4653,1.4211,1.3845,1.3536,1.3296,1.3092,1.2913,1.2759,1.2632,1.2535,1.2393,1.2349,1.2233,1.2155,1.2127,1.2079,1.207,1.2015,1.1987,1.1965,1.197,1.1944,1.1909,1.1938,1.1914,1.1911,1.1916,1.1939,1.1921,1.1913,1.1961,1.1978,1.2003,1.1977,1.2084,1.2046,1.2087,1.2073,1.2145
Train accuracy: 14.8,25.1,35.9,47.3,55.0,62.7,67.9,71.8,74.6,76.0,77.5,78.4,79.3,80.6,81.7,82.4,82.8,83.8,84.2,84.8,85.4,85.6,85.7,86.6,86.8,86.9,87.3,87.4,87.8,87.6,88.2,87.9,87.9,88.5,88.3,88.5,88.7,88.8,88.7,89.1,89.1,89.4,89.2,89.4,89.6,89.4,89.7,89.8,89.8,89.6
Test accuracy: 15.6,24.2,34.4,44.8,50.6,57.4,62.6,65.0,66.7,68.0,69.1,69.0,70.6,70.1,71.9,71.7,72.0,72.0,72.5,72.2,72.9,73.0,73.4,73.5,73.3,73.7,72.9,72.7,73.4,73.2,72.7,72.4,72.7,72.5,71.9,72.7,72.7,72.7,72.1,72.5,73.0,72.8,71.5,72.1,71.9,72.2,72.3,72.2,72.1,71.4
Rank: 100,100,100,100,100,100,100,100,100,100,100,100,100,100,100,100,100,100,100,100,100,100,100,100,100,100,100,100,100,100,100,100,100,100,100,100,100,100,100,100,100,100,100,100,100,100,100,100,100,100
Seed 7/10
Train loss: 3.9522,3.4728,3.0523,2.6534,2.2987,2.0047,1.7759,1.6007,1.4655,1.3572,1.2683,1.1899,1.1268,1.0715,1.0239,0.9796,0.9406,0.9057,0.874,0.8459,0.8201,0.7955,0.7736,0.753,0.7357,0.7175,0.7015,0.6855,0.6713,0.6573,0.6447,0.632,0.6199,0.6094,0.5989,0.5895,0.5798,0.5707,0.5622,0.5536,0.5453,0.5376,0.5296,0.5222,0.5156,0.508,0.5017,0.4952,0.489,0.4822
Test loss: 3.9693,3.505,3.1061,2.7282,2.3945,2.1243,1.9218,1.7732,1.6634,1.5835,1.5225,1.4656,1.4266,1.3901,1.3611,1.332,1.3124,1.2906,1.2726,1.2584,1.2496,1.237,1.2257,1.2208,1.2142,1.2062,1.2017,1.1967,1.1936,1.1905,1.1857,1.1859,1.1837,1.1804,1.1794,1.1762,1.1778,1.1757,1.1768,1.1789,1.1782,1.1795,1.179,1.1831,1.1821,1.1808,1.1817,1.1846,1.1875,1.1891
Train accuracy: 15.2,23.4,35.7,47.1,55.3,60.7,65.4,69.0,70.8,72.1,74.1,75.5,76.3,77.3,78.3,79.0,79.6,80.4,81.0,81.5,81.8,82.5,82.9,83.3,83.7,84.1,84.3,84.6,85.0,85.1,85.3,85.8,85.8,85.9,86.4,86.4,86.6,86.8,87.1,87.1,87.2,87.5,87.8,87.9,88.3,88.3,88.4,88.7,88.8,88.9
Test accuracy: 14.1,23.4,34.5,42.9,51.0,58.1,62.8,65.4,67.3,69.2,70.0,71.3,71.2,71.2,71.0,71.6,71.5,71.7,71.7,72.2,71.5,72.0,72.1,71.9,71.6,71.7,72.1,71.6,71.6,71.9,71.2,72.1,71.5,72.0,71.8,71.8,71.6,72.1,71.4,71.3,71.6,71.3,71.4,71.0,71.5,71.6,71.5,71.8,71.7,72.0
Rank: 100,100,100,100,100,100,100,100,100,100,100,100,100,100,100,100,100,100,100,100,100,100,100,100,100,100,100,100,100,100,100,100,100,100,100,100,100,100,100,100,100,100,100,100,100,100,100,100,100,100
Seed 8/10
Train loss: 3.9764,3.4631,2.9881,2.5562,2.1986,1.9271,1.715,1.5512,1.4248,1.3215,1.2367,1.1659,1.1077,1.0565,1.0119,0.9731,0.9381,0.9069,0.8787,0.8527,0.8287,0.8061,0.786,0.7679,0.7504,0.7337,0.7176,0.7039,0.6894,0.6765,0.6635,0.6518,0.6403,0.6305,0.6193,0.6096,0.6002,0.5907,0.5822,0.5735,0.5661,0.5583,0.5504,0.5433,0.5364,0.53,0.5231,0.5168,0.5107,0.5047
Test loss: 4.0097,3.5277,3.0828,2.6811,2.3556,2.1077,1.9259,1.7848,1.6841,1.6037,1.5435,1.4908,1.4505,1.4163,1.3919,1.3689,1.3501,1.3351,1.3155,1.3049,1.2957,1.2822,1.2769,1.2725,1.2664,1.2617,1.2593,1.2508,1.2512,1.2492,1.2448,1.2424,1.2425,1.2432,1.2459,1.2454,1.2478,1.2464,1.2491,1.2489,1.2483,1.2471,1.2467,1.2516,1.2505,1.2553,1.2538,1.2579,1.2608,1.2618
Train accuracy: 11.1,25.8,40.6,54.1,61.0,66.3,69.7,72.6,74.9,76.8,77.8,79.2,80.3,81.1,81.1,82.1,82.4,82.9,83.7,84.1,84.2,84.6,84.8,85.2,85.3,85.7,86.1,86.4,86.7,87.0,87.4,87.3,87.5,87.6,87.7,88.1,88.1,88.3,88.3,88.6,88.6,88.5,88.9,88.6,88.8,88.8,88.9,89.1,89.1,89.5
Test accuracy: 11.4,23.9,37.4,50.3,57.0,62.0,65.2,66.6,67.7,69.4,70.3,70.3,70.7,71.1,71.2,72.5,72.1,72.2,71.8,71.7,71.9,72.7,72.0,72.1,72.3,72.4,71.6,72.7,72.5,71.9,71.9,72.7,72.2,72.4,72.4,72.6,72.3,72.4,72.7,72.6,72.5,72.5,72.6,72.6,72.8,72.3,72.5,72.5,72.6,72.9
Rank: 100,100,100,100,100,100,100,100,100,100,100,100,100,100,100,100,100,100,100,100,100,100,100,100,100,100,100,100,100,100,100,100,100,100,100,100,100,100,100,100,100,100,100,100,100,100,100,100,100,100
Seed 9/10
Train loss: 3.975,3.4503,3.0008,2.592,2.2474,1.9744,1.7678,1.6071,1.4752,1.3694,1.2819,1.2098,1.1471,1.0922,1.044,1.0004,0.9624,0.9276,0.8965,0.868,0.8422,0.8186,0.797,0.7761,0.757,0.7397,0.723,0.7073,0.6922,0.6792,0.6658,0.6537,0.6418,0.631,0.6205,0.6107,0.6004,0.5912,0.5827,0.5739,0.5663,0.5583,0.5507,0.5435,0.5367,0.5308,0.5233,0.5164,0.5104,0.5046
Test loss: 3.9927,3.4919,3.0657,2.6841,2.3661,2.1186,1.9378,1.8033,1.6946,1.6096,1.5434,1.4912,1.4482,1.4119,1.3818,1.3557,1.3364,1.3165,1.2971,1.2848,1.2739,1.2618,1.2522,1.2465,1.2398,1.2319,1.2296,1.2268,1.223,1.2202,1.2182,1.2145,1.2149,1.2138,1.2135,1.2129,1.212,1.2152,1.2157,1.2144,1.2167,1.2154,1.216,1.2174,1.2184,1.2198,1.2207,1.2224,1.2211,1.2262
Train accuracy: 13.8,28.8,36.8,46.6,57.0,64.2,67.6,70.3,73.0,75.2,75.9,77.1,77.6,78.6,79.1,79.3,79.9,80.1,80.6,81.2,81.6,82.4,82.6,83.3,83.5,84.1,84.5,84.9,85.1,85.3,85.4,86.0,86.1,86.4,86.6,87.1,87.1,87.4,87.5,87.8,87.6,88.1,88.0,88.4,88.4,88.6,88.7,88.7,89.1,88.9
Test accuracy: 14.4,29.0,35.8,42.8,51.7,58.0,61.3,61.6,65.3,68.1,68.2,68.4,69.4,69.1,70.2,70.5,70.1,70.7,71.1,71.0,70.7,71.4,71.6,71.0,71.1,71.2,71.6,71.7,71.5,71.2,71.3,71.1,71.1,71.4,71.0,71.6,71.5,71.4,72.0,71.7,71.9,72.1,72.2,71.9,72.7,71.8,72.3,72.4,72.0,72.0
Rank: 100,100,100,100,100,100,100,100,100,100,100,100,100,100,100,100,100,100,100,100,100,100,100,100,100,100,100,100,100,100,100,100,100,100,100,100,100,100,100,100,100,100,100,100,100,100,100,100,100,100
Seed 10/10
Train loss: 3.925,3.4343,2.9982,2.585,2.226,1.9369,1.7139,1.5461,1.416,1.3151,1.2323,1.1645,1.1056,1.0581,1.0152,0.9777,0.9427,0.9111,0.8834,0.8573,0.8343,0.8134,0.7944,0.7758,0.7586,0.7434,0.728,0.714,0.7011,0.6886,0.6769,0.6664,0.6554,0.6445,0.6347,0.6255,0.6165,0.6076,0.5999,0.5935,0.5848,0.5774,0.571,0.5644,0.5579,0.5517,0.5462,0.5399,0.5348,0.5293
Test loss: 3.9425,3.4686,3.0484,2.6525,2.3127,2.0456,1.8446,1.6985,1.5932,1.5146,1.45,1.4044,1.3582,1.3306,1.3,1.2815,1.2561,1.2382,1.2215,1.2083,1.1954,1.187,1.1765,1.1713,1.1606,1.1518,1.1461,1.1418,1.1403,1.1351,1.1317,1.128,1.1256,1.1268,1.1254,1.1197,1.1204,1.1208,1.119,1.1187,1.1167,1.117,1.1188,1.1188,1.1176,1.1187,1.1156,1.1186,1.1219,1.119
Train accuracy: 13.8,25.1,38.4,50.3,59.9,66.6,70.5,73.5,75.7,77.1,78.5,79.7,80.3,80.7,82.0,82.6,83.7,84.3,84.5,85.0,85.3,85.8,85.9,86.4,86.8,87.0,87.2,87.6,88.0,88.1,88.2,88.5,88.5,88.9,89.0,89.1,89.4,89.5,89.6,89.9,90.1,90.2,90.1,90.4,90.4,90.4,90.3,90.5,90.5,90.5
Test accuracy: 12.3,23.8,34.9,47.8,56.7,62.4,66.1,68.0,69.1,70.9,70.7,71.3,71.5,72.3,73.4,72.6,73.6,74.4,74.4,74.3,74.4,75.3,74.9,75.7,76.0,76.5,75.7,76.6,75.7,76.3,76.0,76.7,76.2,77.0,76.5,77.3,76.3,76.5,76.6,76.2,76.9,76.5,76.2,76.5,76.4,76.9,76.8,76.8,77.2,76.4
Rank: 100,100,100,100,100,100,100,100,100,100,100,100,100,100,100,100,100,100,100,100,100,100,100,100,100,100,100,100,100,100,100,100,100,100,100,100,100,100,100,100,100,100,100,100,100,100,100,100,100,100
