Seed 1/10
Train loss: 4.6353,4.5574,4.5141,4.4826,4.4575,4.4356,4.4172,4.399,4.3825,4.3675,4.3553,4.3419,4.3303,4.3196,4.309,4.2989,4.2896,4.2815,4.2728,4.2644,4.2578,4.2523,4.2479,4.2382,4.232,4.2249,4.2187,4.2136,4.2074,4.2032,4.1981,4.1926,4.1881,4.1827,4.1785,4.1744,4.1706,4.1668,4.1627,4.1589,4.1545,4.1513,4.148,4.1443,4.1402,4.1372,4.1343,4.1308,4.1264,4.1244
Test loss: 4.6332,4.5606,4.5242,4.4967,4.4755,4.458,4.4436,4.4274,4.414,4.4027,4.3917,4.3811,4.3731,4.364,4.356,4.3478,4.3421,4.3319,4.326,4.3238,4.3193,4.3119,4.3079,4.304,4.2979,4.2944,4.2914,4.2883,4.2857,4.2793,4.2794,4.2785,4.2712,4.2706,4.2685,4.2653,4.2632,4.2588,4.2596,4.2572,4.2554,4.255,4.2544,4.2512,4.2514,4.2493,4.2496,4.2449,4.2466,4.2405
Train accuracy: 1.4,1.7,2.5,2.3,2.3,2.2,2.1,2.2,2.6,2.9,2.8,2.6,2.3,2.4,2.4,2.4,2.7,2.8,2.6,2.6,2.5,2.4,2.4,2.5,2.5,2.4,2.4,2.3,2.3,2.3,2.4,2.3,2.5,2.5,2.6,2.7,2.7,2.6,2.6,2.5,2.6,2.7,2.9,2.8,2.8,2.7,2.7,2.8,2.8,2.9
Test accuracy: 1.4,1.8,2.5,2.4,2.3,2.3,2.3,2.2,2.6,3.3,3.0,2.3,2.4,2.3,2.2,2.2,2.5,2.5,2.5,2.9,2.3,2.3,2.0,2.2,2.2,2.6,2.2,2.4,2.0,2.0,1.9,2.1,2.1,2.3,2.3,2.5,2.3,2.5,2.5,2.2,2.2,2.1,2.4,2.1,2.8,2.5,2.6,2.5,2.5,2.2
Rank: 5,5,6,6,6,6,7,7,7,7,7,7,7,8,8,8,8,8,8,8,8,8,8,8,8,8,8,8,8,8,9,9,9,9,9,9,9,9,9,9,9,9,9,9,9,9,9,9,9,9
Seed 2/10
Train loss: 4.6387,4.5688,4.5215,4.4893,4.4633,4.4396,4.4195,4.4009,4.385,4.3696,4.356,4.3417,4.3293,4.318,4.3092,4.298,4.2885,4.2792,4.2712,4.2637,4.2562,4.2492,4.243,4.2357,4.2296,4.224,4.2189,4.2138,4.2081,4.2033,4.1993,4.1957,4.1892,4.187,4.1811,4.1766,4.172,4.1679,4.1642,4.1605,4.1567,4.1532,4.1502,4.1468,4.1441,4.1399,4.1364,4.1329,4.1302,4.1284
Test loss: 4.6387,4.5784,4.5398,4.513,4.49,4.4721,4.4536,4.4392,4.4254,4.4143,4.4026,4.3941,4.3823,4.374,4.364,4.3558,4.3496,4.3421,4.3357,4.3297,4.3258,4.3198,4.3119,4.3082,4.3046,4.2991,4.2948,4.2926,4.2873,4.2856,4.282,4.2784,4.2753,4.2784,4.2716,4.2667,4.2655,4.2634,4.2601,4.2594,4.2579,4.2539,4.2582,4.2527,4.2515,4.2498,4.2482,4.2478,4.2434,4.2377
Train accuracy: 2.0,1.7,1.8,2.2,2.1,2.2,2.1,2.1,2.1,2.0,1.9,1.8,1.8,1.9,2.0,2.0,2.0,2.0,2.0,2.1,2.0,2.1,2.1,2.1,2.1,2.0,2.2,2.2,2.2,2.1,2.1,2.0,2.1,2.0,2.1,2.3,2.1,2.1,2.1,2.0,2.0,2.5,2.1,2.3,2.3,2.5,2.3,2.4,2.5,2.4
Test accuracy: 1.9,2.0,2.0,2.2,2.3,2.3,2.2,2.2,2.2,2.0,1.8,1.6,1.8,1.9,2.0,2.0,1.9,2.1,2.2,2.1,2.0,2.1,2.0,1.9,2.2,1.9,1.5,1.8,1.6,1.7,1.9,1.7,1.7,1.4,1.5,2.0,1.7,1.7,1.6,1.9,2.0,2.3,1.9,1.9,1.8,1.8,1.9,1.6,1.9,1.7
Rank: 5,6,6,6,7,7,7,7,7,7,7,7,7,7,7,7,7,7,8,8,8,8,8,8,8,8,8,8,8,8,8,8,8,8,8,8,8,8,8,8,8,8,8,8,8,8,9,9,9,9
Seed 3/10
Train loss: 4.6285,4.5714,4.5334,4.5017,4.4779,4.4491,4.4264,4.4065,4.3885,4.3734,4.357,4.3449,4.3312,4.3183,4.3076,4.2977,4.2869,4.2781,4.2684,4.2602,4.2521,4.246,4.237,4.2304,4.2237,4.2179,4.2127,4.2056,4.1997,4.1948,4.1903,4.1863,4.1798,4.1756,4.1707,4.1654,4.162,4.1565,4.1527,4.1482,4.1468,4.1415,4.1371,4.133,4.1298,4.1253,4.1221,4.1186,4.1162,4.1131
Test loss: 4.6406,4.5894,4.5541,4.5277,4.505,4.4787,4.4601,4.4421,4.4285,4.4154,4.4001,4.3875,4.3784,4.3676,4.36,4.3523,4.3431,4.3375,4.3297,4.3258,4.317,4.3176,4.3076,4.3036,4.2977,4.2927,4.2879,4.2866,4.2835,4.282,4.2802,4.2749,4.2735,4.2663,4.2672,4.2637,4.2596,4.2616,4.2574,4.257,4.25,4.2481,4.2481,4.2469,4.2421,4.2439,4.2385,4.2386,4.2347,4.2385
Train accuracy: 1.8,1.8,2.3,2.2,2.1,2.1,2.1,2.2,2.7,2.1,2.1,2.2,2.0,2.1,2.1,2.3,2.3,2.1,2.1,2.1,2.1,2.1,2.2,2.2,2.2,2.4,2.7,2.5,2.6,2.6,2.6,2.5,2.6,2.6,2.6,2.6,2.6,2.5,2.5,2.6,2.6,2.6,2.5,2.5,2.5,2.5,2.6,2.6,2.6,2.5
Test accuracy: 1.8,1.9,2.2,1.4,1.9,1.3,1.8,1.7,1.9,1.7,2.3,1.5,1.5,1.7,1.6,1.9,1.7,1.5,1.7,1.6,1.6,1.7,1.7,1.9,2.2,2.2,2.5,2.2,2.2,2.1,2.1,2.1,2.2,2.4,2.4,2.1,2.1,2.0,2.0,2.0,2.0,2.0,2.2,1.9,2.1,2.1,2.0,2.0,2.0,2.0
Rank: 6,6,6,7,7,7,7,7,7,7,7,7,8,8,8,8,8,8,8,8,8,8,8,8,8,8,8,8,8,8,9,9,9,9,9,9,9,9,9,9,9,9,9,9,9,9,9,9,9,9
Seed 4/10
Train loss: 4.597,4.5372,4.4967,4.4676,4.4446,4.4266,4.4103,4.3952,4.3814,4.3692,4.358,4.3473,4.3372,4.3287,4.3195,4.3116,4.3029,4.2943,4.2867,4.2796,4.2731,4.2659,4.2599,4.2549,4.248,4.2433,4.2363,4.2314,4.2266,4.2212,4.2167,4.2122,4.2084,4.2029,4.1989,4.1958,4.1904,4.1866,4.1825,4.1789,4.1751,4.1716,4.168,4.164,4.1604,4.1564,4.1526,4.1493,4.1457,4.1432
Test loss: 4.595,4.542,4.5048,4.4792,4.4578,4.4443,4.4286,4.415,4.4038,4.3937,4.3861,4.3776,4.369,4.363,4.3568,4.3487,4.3426,4.3376,4.3317,4.3263,4.3232,4.3189,4.3149,4.3148,4.3092,4.3015,4.2996,4.2953,4.2921,4.2905,4.2893,4.2842,4.284,4.2783,4.2785,4.2719,4.2723,4.2699,4.2668,4.2645,4.263,4.2593,4.2562,4.254,4.2511,4.2514,4.2476,4.2462,4.2449,4.244
Train accuracy: 1.5,1.7,2.1,2.2,2.5,2.6,2.6,2.6,2.6,2.4,2.4,2.4,2.5,2.3,2.3,2.3,2.3,2.3,2.4,2.2,2.2,2.2,2.0,2.2,2.0,2.2,2.2,2.3,1.9,1.9,2.1,2.2,2.2,2.2,2.2,2.2,2.3,2.2,2.2,2.3,2.2,2.3,2.4,2.4,2.4,2.5,2.5,2.5,2.7,2.6
Test accuracy: 1.4,1.9,2.1,2.4,2.1,2.0,1.9,1.9,2.3,2.2,2.6,2.3,2.4,2.7,2.6,2.5,2.6,2.6,2.8,2.3,2.6,2.5,2.6,2.1,2.3,2.2,2.1,2.0,2.1,2.1,1.9,2.1,2.1,2.0,1.9,1.9,2.0,1.8,2.1,2.1,2.2,2.3,1.8,2.3,2.5,2.3,2.6,2.6,2.7,2.4
Rank: 5,6,6,6,6,6,6,6,6,7,7,7,7,7,7,7,7,7,7,7,7,7,7,7,7,7,8,8,8,8,8,8,8,8,8,8,8,8,8,8,8,8,8,8,8,8,8,9,9,9
Seed 5/10
Train loss: 4.62,4.5487,4.5089,4.4802,4.4571,4.4365,4.4192,4.4018,4.3861,4.3722,4.3601,4.345,4.3331,4.3217,4.3117,4.3011,4.2917,4.2834,4.2739,4.2653,4.2578,4.2518,4.2434,4.2358,4.2301,4.2242,4.2172,4.2117,4.2061,4.2005,4.1958,4.1904,4.1872,4.181,4.177,4.1721,4.1699,4.1651,4.1604,4.1584,4.1525,4.149,4.1459,4.1418,4.1385,4.135,4.133,4.1289,4.1259,4.1236
Test loss: 4.6214,4.5511,4.5153,4.4908,4.4723,4.4558,4.4426,4.4309,4.4201,4.4079,4.4,4.3885,4.3792,4.3705,4.3611,4.3529,4.3488,4.3394,4.3359,4.3303,4.3228,4.3167,4.3117,4.3078,4.3052,4.2986,4.298,4.2904,4.2913,4.2857,4.2845,4.2793,4.2738,4.2727,4.2745,4.2717,4.265,4.262,4.2656,4.2585,4.2581,4.256,4.2561,4.2549,4.2554,4.2555,4.2544,4.2493,4.2481,4.255
Train accuracy: 1.8,1.5,1.8,1.8,1.8,2.2,1.9,1.9,2.0,2.2,2.0,2.0,2.1,2.0,2.0,2.0,2.0,2.2,2.2,2.2,2.1,2.2,2.4,2.3,2.2,2.3,2.3,2.5,2.3,2.3,2.3,2.3,2.2,2.2,2.3,2.5,2.3,2.5,2.4,2.4,2.4,2.3,2.4,2.3,2.6,2.5,2.6,2.5,2.4,2.5
Test accuracy: 1.5,1.2,1.2,1.3,1.5,1.6,1.5,1.5,2.0,2.1,1.7,2.0,2.4,2.1,2.4,2.4,2.4,2.6,2.4,2.1,2.2,2.4,2.2,2.2,2.3,2.2,2.4,2.2,2.1,2.1,2.0,2.2,2.0,2.1,2.1,2.2,2.0,2.1,2.2,2.2,2.3,2.0,2.0,1.6,2.1,2.2,1.8,2.4,2.1,2.1
Rank: 5,6,6,6,6,6,6,6,6,7,7,7,7,7,7,7,7,7,7,7,7,7,7,7,7,8,8,8,8,8,8,8,8,8,8,8,8,8,8,8,8,8,8,8,8,8,8,8,8,9
Seed 6/10
Train loss: 4.6433,4.5828,4.546,4.5137,4.4872,4.4654,4.4463,4.4312,4.4146,4.4,4.387,4.376,4.3661,4.3536,4.3434,4.334,4.3238,4.3163,4.3075,4.2989,4.2911,4.2835,4.2759,4.2691,4.2624,4.2558,4.2501,4.2441,4.2377,4.232,4.2259,4.2214,4.215,4.2098,4.2054,4.2002,4.1946,4.1909,4.1874,4.1823,4.1779,4.1741,4.1694,4.1655,4.1632,4.1596,4.1563,4.1516,4.1493,4.1458
Test loss: 4.6495,4.5911,4.556,4.5281,4.5028,4.4847,4.4659,4.4531,4.4376,4.4252,4.413,4.403,4.3944,4.3829,4.3758,4.3645,4.3568,4.3501,4.342,4.3357,4.33,4.3217,4.3169,4.3111,4.3049,4.3013,4.2964,4.2937,4.2863,4.2804,4.2769,4.2726,4.2686,4.2673,4.2618,4.2581,4.2554,4.251,4.2487,4.2448,4.2417,4.2396,4.2355,4.2327,4.2325,4.2293,4.2271,4.2247,4.2196,4.2177
Train accuracy: 2.2,1.9,2.0,2.5,2.9,2.4,2.3,2.4,2.4,2.4,2.4,2.4,2.4,2.3,2.5,2.4,2.3,2.4,2.4,2.4,2.5,2.4,2.4,2.5,2.5,2.2,2.5,2.4,2.3,2.2,2.3,2.4,2.4,2.3,2.5,2.4,2.4,2.2,2.3,2.3,2.3,2.4,2.4,2.4,2.2,2.3,2.3,2.4,2.4,2.3
Test accuracy: 2.1,1.9,1.8,2.5,2.8,2.2,2.1,2.5,2.3,2.2,2.3,2.6,2.6,2.2,2.4,2.5,2.4,2.3,2.2,2.1,2.2,2.0,2.1,2.2,2.1,2.0,2.1,2.2,2.2,2.2,2.1,2.4,2.4,2.3,2.5,2.1,2.1,2.1,2.3,2.1,2.2,2.3,2.1,2.0,2.2,2.0,2.0,1.9,2.1,2.0
Rank: 5,6,6,6,6,6,7,7,7,7,7,7,7,7,8,8,8,8,8,8,8,8,8,8,8,8,8,8,8,8,8,8,8,8,8,8,8,8,8,8,8,8,8,8,8,8,8,9,9,9
Seed 7/10
Train loss: 4.66,4.6037,4.5663,4.5358,4.5104,4.4891,4.469,4.4515,4.4372,4.4205,4.4075,4.3945,4.3833,4.3702,4.3616,4.3497,4.3405,4.3307,4.3225,4.3139,4.3071,4.2978,4.2908,4.2832,4.2774,4.2707,4.2637,4.2609,4.2519,4.2449,4.2388,4.2331,4.2277,4.2231,4.2173,4.2116,4.206,4.2022,4.196,4.1924,4.1872,4.185,4.178,4.1735,4.1695,4.1653,4.1617,4.1572,4.1541,4.1493
Test loss: 4.666,4.6121,4.5776,4.5495,4.5256,4.5077,4.4887,4.4752,4.4652,4.4513,4.4395,4.4291,4.4213,4.4094,4.4019,4.3923,4.3879,4.3776,4.3737,4.3656,4.3627,4.352,4.346,4.3436,4.3422,4.3344,4.3275,4.3279,4.3221,4.3159,4.3114,4.3065,4.3027,4.2965,4.2946,4.2893,4.2878,4.2871,4.2805,4.2785,4.2729,4.2647,4.2654,4.2622,4.2567,4.2559,4.2537,4.2568,4.2484,4.245
Train accuracy: 1.8,1.8,1.9,1.9,1.9,1.9,1.9,1.9,2.3,2.2,2.2,2.2,2.2,2.2,2.2,2.2,2.2,2.2,2.1,2.3,2.1,2.2,2.3,2.2,2.2,2.2,2.3,2.1,2.2,2.3,2.4,2.4,2.2,2.4,2.3,2.4,2.4,2.3,2.4,2.3,2.4,2.4,2.4,2.2,2.3,2.2,2.3,2.3,2.6,2.6
Test accuracy: 1.9,1.8,1.8,1.8,1.8,1.7,1.7,2.1,3.0,2.6,2.5,2.5,2.4,2.3,2.1,2.1,2.2,2.1,2.1,2.2,2.1,2.1,2.2,2.2,2.2,2.3,2.2,2.2,2.3,2.4,2.5,2.4,2.3,2.4,2.3,2.3,2.4,2.6,2.5,2.5,2.6,2.5,2.8,2.8,2.8,2.9,3.1,3.0,2.9,3.1
Rank: 5,6,6,6,6,6,7,7,7,7,7,7,7,7,7,8,8,8,8,8,8,8,8,8,8,8,8,8,8,8,8,8,8,8,8,8,9,9,9,9,9,9,9,9,9,9,9,9,9,9
Seed 8/10
Train loss: 4.6475,4.583,4.5435,4.5119,4.4865,4.4651,4.4452,4.427,4.4106,4.3955,4.3812,4.3683,4.356,4.346,4.3355,4.3239,4.3136,4.3074,4.2956,4.289,4.2792,4.2704,4.2645,4.2562,4.2501,4.2427,4.2356,4.2297,4.2235,4.2176,4.2123,4.2072,4.2024,4.1978,4.1931,4.1902,4.187,4.1808,4.1764,4.1724,4.1682,4.1691,4.1603,4.1596,4.1535,4.15,4.147,4.1429,4.1391,4.1354
Test loss: 4.6617,4.601,4.5648,4.537,4.5156,4.4961,4.4788,4.4622,4.4479,4.4342,4.421,4.41,4.4001,4.3904,4.3825,4.3744,4.3642,4.3592,4.35,4.344,4.337,4.3297,4.3248,4.3192,4.3132,4.306,4.3015,4.2972,4.293,4.289,4.2853,4.2807,4.2758,4.2733,4.2702,4.2678,4.2654,4.2631,4.2615,4.2582,4.2541,4.2589,4.2491,4.2462,4.2474,4.2424,4.2408,4.2398,4.2371,4.2372
Train accuracy: 1.9,1.9,1.9,2.0,2.3,2.3,2.2,2.0,2.0,2.2,2.2,2.2,2.2,2.3,2.4,2.4,2.2,2.2,2.2,2.1,2.0,2.0,2.1,2.0,1.9,1.9,1.9,1.9,2.2,1.9,1.9,1.9,2.0,2.0,2.2,2.2,2.0,2.0,2.0,2.1,2.2,2.0,2.1,2.3,2.2,2.4,2.4,2.3,2.3,2.3
Test accuracy: 1.9,1.9,2.0,1.9,1.9,1.5,1.4,1.3,1.5,1.6,1.8,1.8,2.0,2.0,1.9,2.0,1.8,1.5,2.0,2.0,1.7,1.6,1.6,1.6,1.6,1.7,1.4,1.4,1.5,1.4,1.3,1.4,1.4,1.3,1.3,1.4,1.3,1.4,1.4,1.4,1.5,1.4,1.6,1.5,1.4,1.5,1.5,1.8,1.5,1.6
Rank: 5,6,6,6,6,6,6,7,7,7,7,7,7,7,7,7,7,7,8,8,8,8,8,8,8,8,8,8,8,8,8,8,8,8,8,8,8,8,8,8,8,8,8,8,9,9,9,9,9,9
Seed 9/10
Train loss: 4.658,4.5875,4.5446,4.5112,4.4843,4.4586,4.4376,4.418,4.4006,4.3842,4.3698,4.3564,4.3439,4.3332,4.3212,4.3116,4.3059,4.2928,4.2852,4.2763,4.269,4.2619,4.2547,4.2478,4.2434,4.2355,4.2302,4.2236,4.2179,4.2122,4.2079,4.2025,4.1976,4.1925,4.187,4.1825,4.1777,4.1737,4.1688,4.1646,4.1609,4.1558,4.1518,4.1477,4.1442,4.1404,4.1367,4.133,4.1294,4.1272
Test loss: 4.6638,4.5986,4.5634,4.5315,4.5071,4.4835,4.4648,4.4479,4.4288,4.4145,4.4017,4.3898,4.3799,4.3675,4.3609,4.3523,4.3442,4.3357,4.3286,4.3217,4.3165,4.3099,4.3054,4.2991,4.2933,4.2878,4.2835,4.2788,4.2748,4.2695,4.2645,4.2614,4.2574,4.256,4.2487,4.2454,4.2425,4.2407,4.2361,4.2334,4.2311,4.2271,4.225,4.2218,4.2196,4.2166,4.2139,4.2111,4.2093,4.2072
Train accuracy: 1.3,0.7,1.2,1.4,1.4,1.4,1.5,1.3,1.5,1.5,1.9,1.9,1.8,2.2,2.0,2.2,1.8,1.9,2.0,2.0,2.1,2.1,1.9,2.1,2.1,2.0,2.1,2.1,2.1,2.0,2.1,2.1,2.1,2.1,2.5,2.4,2.2,2.3,2.3,2.3,2.0,2.3,2.2,2.3,2.2,2.1,2.3,2.5,2.4,2.5
Test accuracy: 1.1,0.4,0.8,0.9,1.0,0.9,1.1,0.8,0.9,1.3,1.7,1.5,1.5,1.8,1.7,1.7,1.8,1.4,1.6,1.8,1.9,1.9,1.6,1.5,1.9,1.6,1.8,1.9,1.5,2.0,1.8,2.0,1.9,1.8,2.2,2.3,1.7,1.8,1.8,2.1,2.0,2.0,2.1,2.0,2.0,1.9,1.8,1.7,1.7,1.7
Rank: 5,5,6,6,6,6,6,6,6,6,7,7,7,7,7,7,7,7,7,7,7,7,7,7,7,7,7,7,7,7,8,8,8,8,8,8,8,8,8,8,8,8,8,8,8,8,8,8,9,9
Seed 10/10
Train loss: 4.5809,4.5175,4.4824,4.4575,4.4335,4.4145,4.398,4.383,4.3686,4.3565,4.3457,4.3343,4.3244,4.3143,4.3056,4.2971,4.289,4.281,4.2743,4.2666,4.2595,4.2542,4.2467,4.2414,4.2344,4.2299,4.2231,4.2183,4.2122,4.2071,4.202,4.1971,4.192,4.1887,4.1832,4.1787,4.1754,4.1708,4.1649,4.1617,4.1564,4.1523,4.1493,4.1443,4.1404,4.1369,4.1335,4.1311,4.1267,4.1241
Test loss: 4.5788,4.5188,4.4872,4.4663,4.4442,4.4305,4.4165,4.4025,4.3925,4.3842,4.3752,4.3659,4.3589,4.3539,4.3465,4.3423,4.3376,4.3298,4.3243,4.3185,4.3154,4.3123,4.3082,4.3007,4.2988,4.2964,4.291,4.2851,4.2823,4.2791,4.2744,4.2714,4.2687,4.2716,4.266,4.2617,4.2565,4.2537,4.2537,4.252,4.2478,4.2468,4.2426,4.241,4.2402,4.2363,4.237,4.2317,4.2314,4.2321
Train accuracy: 1.6,1.9,2.0,2.3,2.2,2.1,2.2,2.1,2.1,2.1,2.3,2.4,2.4,2.2,2.3,2.2,2.2,2.3,2.2,2.2,2.2,2.2,2.3,2.5,2.4,2.5,2.4,2.6,2.5,2.5,2.5,2.4,2.5,2.3,2.4,2.5,2.7,2.5,2.7,2.6,2.6,2.6,2.6,2.5,2.5,2.5,2.3,2.3,2.5,2.4
Test accuracy: 1.9,2.1,2.1,2.0,2.0,1.7,1.7,1.8,1.6,1.7,2.0,2.3,2.3,2.6,2.4,2.6,2.9,2.9,2.8,3.0,2.9,3.0,3.0,3.1,3.1,2.7,2.5,2.5,2.3,2.1,2.3,2.3,2.2,2.3,2.3,2.2,2.8,2.3,2.0,2.5,2.2,2.4,2.4,2.4,2.4,2.4,2.5,2.7,2.5,3.0
Rank: 5,6,6,6,6,6,6,7,7,7,7,7,7,7,7,7,7,7,7,8,8,8,8,8,8,8,8,8,8,8,8,8,8,8,8,8,8,8,8,8,8,8,8,9,9,9,9,9,9,9
