Seed 1/10
Train loss: 4.5317,4.4186,4.341,4.2796,4.2285,4.1841,4.1469,4.1094,4.076,4.0464,4.0209,3.993,3.968,3.9441,3.9253,3.907,3.8843,3.8609,3.843,3.8225,3.8038,3.7895,3.7691,3.7503,3.7338,3.7166,3.697,3.6809,3.6633,3.6461,3.6295,3.6109,3.5935,3.5764,3.5612,3.5468,3.53,3.5113,3.4945,3.4814,3.4644,3.4529,3.439,3.426,3.4137,3.3995,3.3884,3.3753,3.3629,3.354
Test loss: 4.5367,4.4257,4.3555,4.2978,4.2515,4.2129,4.1815,4.156,4.1278,4.1043,4.0814,4.0602,4.0444,4.0248,4.0164,3.9952,3.976,3.9624,3.9479,3.9375,3.925,3.9107,3.9001,3.8958,3.8906,3.8699,3.8718,3.8526,3.848,3.8461,3.8359,3.8103,3.8118,3.7965,3.7867,3.7861,3.7807,3.7643,3.7393,3.7273,3.7311,3.7221,3.7316,3.7121,3.7034,3.6935,3.691,3.6757,3.6768,3.6902
Train accuracy: 2.4,3.0,2.9,3.7,3.6,4.3,5.0,4.8,5.0,4.9,5.5,5.5,5.4,5.6,5.4,5.5,6.0,6.2,6.4,6.2,6.6,6.8,6.8,6.8,6.5,7.3,7.1,7.4,7.8,7.5,7.3,7.8,8.6,8.7,8.8,9.2,8.8,8.8,9.3,9.2,9.5,9.7,9.5,10.2,9.6,9.7,10.4,10.3,10.2,10.4
Test accuracy: 2.2,2.8,2.6,3.3,3.6,3.9,4.6,4.6,4.7,5.0,5.3,6.2,5.7,6.0,5.5,6.3,5.8,5.8,6.4,6.6,7.0,6.7,7.0,7.0,6.4,6.6,6.9,6.8,7.2,6.5,6.5,7.1,7.9,8.2,8.2,8.0,7.8,8.0,8.7,9.2,8.8,9.1,8.4,8.6,8.6,8.2,8.6,8.7,8.7,8.7
Rank: 60,66,68,69,70,74,75,76,77,80,81,83,83,84,84,86,87,88,89,89,89,89,90,90,91,92,91,91,92,93,93,94,94,95,95,96,96,96,97,97,97,97,97,97,96,97,97,97,97,98
Seed 2/10
Train loss: 4.4984,4.3755,4.2904,4.2261,4.1709,4.1234,4.0785,4.0392,4.003,3.9718,3.9417,3.9131,3.888,3.8608,3.8355,3.8139,3.7895,3.769,3.7474,3.7264,3.7055,3.6893,3.668,3.6485,3.6303,3.6121,3.5967,3.5779,3.5691,3.5464,3.5317,3.5113,3.5008,3.4858,3.4699,3.4525,3.4373,3.4252,3.4158,3.4004,3.3866,3.3772,3.3613,3.35,3.3393,3.3335,3.3227,3.3039,3.2944,3.2923
Test loss: 4.515,4.4041,4.3291,4.2708,4.2254,4.1883,4.1499,4.1166,4.0877,4.0607,4.037,4.0152,3.9978,3.9755,3.9559,3.9412,3.9285,3.9084,3.8946,3.8837,3.8698,3.8595,3.8462,3.833,3.82,3.8087,3.7992,3.7978,3.792,3.7817,3.7713,3.7598,3.748,3.7408,3.7361,3.7241,3.7147,3.707,3.7065,3.6973,3.6902,3.6782,3.6779,3.6695,3.67,3.6668,3.6676,3.6588,3.6562,3.6566
Train accuracy: 2.4,2.2,2.7,3.2,3.3,4.1,5.3,5.4,6.1,5.7,6.0,6.2,5.9,6.3,6.2,6.2,6.6,6.7,6.4,6.7,7.1,7.1,7.2,7.4,7.6,7.4,7.4,7.4,7.8,7.7,7.5,8.1,8.3,7.9,8.5,8.7,8.6,8.9,8.9,9.4,9.1,9.8,9.9,9.6,10.6,11.0,10.6,10.4,10.4,10.7
Test accuracy: 2.2,2.3,3.0,3.1,2.9,4.3,4.6,5.5,6.0,5.6,5.6,5.7,5.5,6.0,5.6,5.8,5.9,6.3,6.0,6.1,6.7,6.7,6.1,6.4,6.7,6.4,6.6,6.2,6.4,6.5,6.3,6.4,6.9,6.6,6.1,7.2,7.5,8.0,7.3,7.5,7.1,7.8,7.8,6.5,8.0,9.1,8.6,9.3,8.6,9.1
Rank: 63,67,70,73,73,76,78,80,82,83,84,85,86,86,87,89,90,91,91,92,92,92,92,95,96,96,96,96,97,97,98,98,98,98,98,98,98,99,99,99,99,100,100,99,100,100,100,100,99,100
Seed 3/10
Train loss: 4.5059,4.3848,4.3039,4.244,4.1934,4.1489,4.1109,4.0768,4.046,4.0144,3.9873,3.9611,3.9372,3.9145,3.8904,3.8649,3.8446,3.8223,3.805,3.7838,3.7638,3.7454,3.7273,3.7102,3.6961,3.678,3.6612,3.6471,3.631,3.6145,3.5977,3.5838,3.5692,3.5546,3.5415,3.5246,3.5143,3.4974,3.4858,3.4721,3.4606,3.4495,3.4386,3.4256,3.4135,3.4031,3.392,3.3826,3.3705,3.36
Test loss: 4.5077,4.3928,4.3206,4.2704,4.2243,4.1839,4.1556,4.1278,4.1007,4.0801,4.0595,4.0392,4.0213,3.9964,3.9821,3.9643,3.9487,3.9356,3.9173,3.9016,3.8864,3.8746,3.8675,3.8644,3.8517,3.8369,3.8252,3.8083,3.8005,3.7867,3.783,3.7674,3.7683,3.7535,3.7456,3.745,3.7336,3.7189,3.7142,3.7122,3.7024,3.6975,3.7029,3.6846,3.6782,3.6737,3.6762,3.6735,3.6642,3.6571
Train accuracy: 2.0,3.7,3.3,3.4,4.3,4.5,4.4,4.7,4.7,4.9,4.7,4.9,4.6,5.0,5.3,5.3,5.5,5.4,5.5,5.4,5.9,5.9,5.9,6.0,6.2,6.1,6.7,7.0,7.2,6.8,6.9,6.9,7.3,7.5,7.7,7.8,7.8,8.5,8.2,8.2,8.6,9.4,8.7,9.6,8.9,9.3,9.7,10.4,10.1,9.9
Test accuracy: 2.1,3.3,4.0,3.8,4.4,4.6,4.0,4.6,4.8,5.0,4.3,4.5,4.1,4.8,4.8,4.5,4.8,4.7,5.1,5.2,5.2,4.9,5.0,4.7,5.0,5.5,5.7,6.8,6.2,6.8,6.6,6.7,6.9,7.4,7.0,6.4,6.2,7.1,7.0,7.3,7.7,8.6,7.4,8.3,7.7,8.8,8.2,8.0,8.0,9.0
Rank: 60,65,68,70,72,73,74,77,78,79,80,80,81,83,85,85,86,86,87,88,88,89,88,90,89,89,91,92,93,93,94,95,95,95,96,96,97,97,97,98,98,99,100,100,100,100,100,99,99,100
Seed 4/10
Train loss: 4.5251,4.3845,4.3019,4.2442,4.1983,4.1573,4.122,4.0897,4.0629,4.0363,4.009,3.9874,3.9676,3.9457,3.9241,3.9044,3.8867,3.8676,3.8499,3.8323,3.8132,3.7968,3.7805,3.7658,3.7482,3.7341,3.7143,3.7037,3.6834,3.6752,3.658,3.6445,3.6267,3.6091,3.6008,3.586,3.5663,3.5524,3.5387,3.5255,3.5109,3.4962,3.4818,3.4704,3.4566,3.4447,3.4379,3.4241,3.4103,3.4015
Test loss: 4.5288,4.3938,4.3169,4.264,4.2225,4.1888,4.1597,4.1327,4.1077,4.0863,4.0615,4.0432,4.0252,4.011,3.9956,3.9799,3.9646,3.9549,3.9363,3.9255,3.9138,3.9089,3.8901,3.8805,3.867,3.8671,3.8535,3.8419,3.8303,3.8258,3.8149,3.8078,3.8094,3.7966,3.7899,3.7708,3.7707,3.7623,3.7482,3.752,3.7435,3.7399,3.7339,3.7384,3.7204,3.7228,3.7216,3.7148,3.7149,3.7058
Train accuracy: 2.4,2.8,3.3,3.3,3.5,3.8,4.0,4.2,5.4,5.6,5.3,5.8,5.5,5.5,5.3,5.8,5.9,6.2,6.6,6.5,6.4,6.3,6.9,6.4,6.8,6.8,7.3,7.6,7.8,7.6,7.6,7.7,7.7,8.0,8.6,8.5,8.8,8.6,9.0,8.8,9.3,9.3,9.3,9.2,9.1,9.5,9.6,9.6,9.8,9.8
Test accuracy: 2.8,3.1,4.0,3.5,3.8,3.7,3.3,3.6,5.7,5.1,5.0,5.8,5.2,5.3,5.1,5.7,5.9,6.2,6.3,6.1,6.7,6.8,6.2,7.0,7.3,6.3,7.1,7.9,7.7,8.2,7.2,8.3,7.7,8.0,7.7,7.7,7.6,8.5,8.8,7.9,8.4,8.7,8.0,8.9,7.9,8.2,9.0,8.8,8.5,8.5
Rank: 52,58,60,62,64,64,66,67,70,70,72,74,74,74,75,77,78,78,81,83,84,84,84,85,87,86,88,88,89,91,91,91,92,93,94,95,95,95,97,97,97,97,97,98,98,98,99,100,99,99
Seed 5/10
Train loss: 4.4799,4.3603,4.2776,4.2133,4.1635,4.1202,4.0827,4.0487,4.0194,3.9904,3.9672,3.9441,3.9185,3.8959,3.874,3.8555,3.8313,3.8094,3.7963,3.7836,3.7544,3.7348,3.715,3.6971,3.6829,3.6661,3.6468,3.6334,3.6159,3.6001,3.5833,3.5676,3.5574,3.5483,3.5309,3.5162,3.5032,3.49,3.4824,3.4646,3.4534,3.4461,3.4308,3.4207,3.4106,3.3991,3.3894,3.3766,3.3708,3.3606
Test loss: 4.4881,4.3778,4.3021,4.2427,4.2,4.1637,4.134,4.1074,4.081,4.057,4.0418,4.0229,4.0066,3.9903,3.9693,3.9575,3.9477,3.9308,3.9289,3.9201,3.8918,3.8788,3.8732,3.8568,3.8517,3.842,3.8297,3.8236,3.8168,3.8005,3.7936,3.7897,3.7822,3.7774,3.7691,3.7592,3.7454,3.742,3.7374,3.7436,3.7298,3.7229,3.7186,3.7158,3.7096,3.7023,3.7121,3.6972,3.6879,3.6919
Train accuracy: 2.3,3.2,4.1,4.1,4.0,4.1,3.9,4.3,4.3,4.6,4.9,5.1,5.1,5.5,5.8,5.8,5.7,6.0,6.0,6.0,6.6,6.8,6.8,7.0,7.1,7.1,7.5,7.5,7.5,7.8,7.7,8.4,7.9,7.8,8.1,8.1,8.2,8.3,8.6,8.3,8.3,9.1,8.6,8.3,9.0,9.5,9.0,8.8,9.5,9.6
Test accuracy: 2.1,3.6,4.2,4.2,4.6,4.7,4.2,4.4,4.8,5.4,5.3,5.9,5.9,5.4,5.8,5.8,5.3,5.6,5.1,5.0,6.0,6.6,6.6,6.1,6.5,6.3,6.5,7.0,6.7,6.6,7.7,6.9,6.8,6.8,7.3,7.1,7.1,7.2,8.1,7.4,6.7,7.3,8.3,7.9,7.5,8.5,7.7,8.8,9.2,8.8
Rank: 60,66,68,69,71,73,73,74,76,77,78,81,82,83,85,87,87,88,89,89,91,94,93,94,95,95,96,97,97,99,99,99,98,100,100,100,100,100,100,100,100,100,100,100,100,100,100,100,100,100
Seed 6/10
Train loss: 4.5091,4.3937,4.3107,4.2444,4.1864,4.1383,4.0955,4.0628,4.0232,3.9903,3.9644,3.9354,3.9088,3.8793,3.8545,3.8273,3.8011,3.7807,3.7595,3.7377,3.7204,3.6957,3.6819,3.6581,3.6379,3.6198,3.6006,3.5836,3.5666,3.5488,3.5304,3.5123,3.4955,3.4773,3.4616,3.4498,3.4304,3.416,3.4004,3.3886,3.3739,3.3588,3.3479,3.3381,3.3238,3.3098,3.2982,3.2933,3.2812,3.2683
Test loss: 4.5238,4.4173,4.3417,4.2832,4.2339,4.1917,4.1554,4.1226,4.0897,4.0648,4.0431,4.0196,3.9992,3.9771,3.9557,3.9309,3.9096,3.8959,3.8791,3.8586,3.8466,3.8246,3.8132,3.7961,3.7913,3.7743,3.7693,3.7448,3.7435,3.7349,3.7205,3.7102,3.7015,3.6913,3.6803,3.6783,3.6635,3.661,3.6433,3.6322,3.6285,3.6245,3.6167,3.6114,3.6129,3.6006,3.5928,3.5829,3.5912,3.5861
Train accuracy: 2.7,2.9,3.1,3.3,4.4,6.0,5.6,5.1,5.2,5.3,5.8,5.5,6.1,6.0,6.0,6.3,6.5,6.5,6.5,6.9,6.7,6.8,6.8,7.6,8.0,8.1,7.9,7.9,7.8,8.2,8.4,8.4,8.9,8.9,8.7,9.3,9.5,8.7,9.0,9.0,9.6,9.6,10.2,10.3,10.4,10.5,10.4,10.5,9.9,10.1
Test accuracy: 2.6,3.0,2.8,2.7,3.2,5.2,4.5,4.9,5.2,5.0,6.1,5.5,6.3,6.3,6.4,6.7,6.6,6.5,6.7,6.6,6.6,6.4,6.3,6.7,6.8,6.9,6.8,7.2,6.8,7.0,7.2,7.2,7.5,7.6,6.7,7.5,7.3,6.6,6.1,7.4,7.2,7.4,7.0,7.3,8.0,8.3,8.2,7.8,7.9,7.9
Rank: 57,65,67,69,70,73,77,79,81,81,82,83,83,83,85,86,89,90,91,91,91,91,92,93,93,93,93,94,95,96,97,97,97,98,97,98,98,98,98,99,99,100,100,100,100,100,100,100,100,100
Seed 7/10
Train loss: 4.4956,4.3778,4.2981,4.2352,4.1772,4.1321,4.0939,4.059,4.0261,3.9947,3.9658,3.9386,3.9116,3.8905,3.8641,3.8426,3.8185,3.7981,3.779,3.7585,3.7416,3.724,3.7005,3.6816,3.6621,3.6432,3.6281,3.6099,3.5947,3.5745,3.5577,3.5412,3.5257,3.5125,3.4981,3.4829,3.4694,3.452,3.4378,3.4249,3.4098,3.403,3.3891,3.3748,3.3616,3.3575,3.3378,3.3283,3.3146,3.3062
Test loss: 4.4888,4.3814,4.3079,4.2589,4.2069,4.1659,4.1315,4.1058,4.0776,4.057,4.0259,4.0081,3.9868,3.9622,3.9487,3.9264,3.9157,3.8897,3.8788,3.8659,3.8629,3.8414,3.8211,3.7974,3.7943,3.7825,3.7638,3.7553,3.7516,3.7268,3.7276,3.7155,3.704,3.694,3.6802,3.6652,3.6742,3.6583,3.6457,3.6373,3.6304,3.6184,3.6097,3.6088,3.6019,3.6099,3.5891,3.5835,3.5822,3.5748
Train accuracy: 2.6,3.2,3.5,3.6,4.3,4.4,4.6,4.7,4.5,5.0,5.1,5.2,5.5,5.4,5.5,5.7,5.7,6.2,6.4,6.4,6.8,6.9,7.1,7.3,7.0,7.1,6.9,7.2,7.4,7.6,7.1,7.6,7.2,7.2,7.7,8.2,8.4,8.6,8.4,8.0,8.4,9.1,8.5,8.5,8.9,9.2,9.4,9.6,9.3,9.4
Test accuracy: 2.7,3.4,3.4,3.6,3.6,4.1,4.5,5.1,5.0,5.0,5.3,6.1,5.7,5.5,5.6,5.8,5.2,6.0,5.7,5.2,5.2,5.9,5.8,6.2,6.2,5.9,5.8,5.6,5.5,5.2,5.3,5.9,5.4,6.1,5.3,5.6,6.7,6.3,6.7,7.0,6.4,8.0,7.0,7.2,7.3,7.9,7.7,7.2,8.3,7.0
Rank: 59,63,66,68,69,71,74,76,79,80,82,83,84,85,86,86,86,89,88,88,90,89,90,92,91,91,92,93,93,93,93,94,95,96,97,96,97,97,97,98,99,98,98,98,99,99,99,100,100,100
Seed 8/10
Train loss: 4.5293,4.4013,4.3089,4.2427,4.1944,4.1496,4.1094,4.0731,4.0417,4.0116,3.9873,3.9566,3.9304,3.9086,3.885,3.8651,3.8462,3.8223,3.8029,3.7829,3.7632,3.7446,3.7268,3.7092,3.6915,3.6737,3.6602,3.6433,3.6289,3.6137,3.5988,3.5845,3.5746,3.5595,3.5457,3.5338,3.5224,3.5092,3.4981,3.492,3.478,3.4683,3.4586,3.4431,3.4388,3.4292,3.419,3.4091,3.3999,3.391
Test loss: 4.5278,4.4146,4.3307,4.2736,4.2355,4.195,4.1635,4.1379,4.1082,4.0877,4.0666,4.0493,4.0303,4.0164,3.9961,3.9836,3.9813,3.9576,3.9441,3.933,3.9179,3.9067,3.8923,3.8878,3.8801,3.8685,3.8558,3.846,3.8449,3.8323,3.8293,3.8208,3.8152,3.8106,3.8161,3.8011,3.7954,3.7871,3.7885,3.7925,3.7783,3.7939,3.7867,3.7714,3.7676,3.7798,3.7759,3.7619,3.7696,3.763
Train accuracy: 2.3,2.7,2.7,3.7,3.8,3.9,3.9,4.8,5.3,5.2,5.0,4.9,5.0,5.8,5.6,5.8,5.7,5.8,6.1,6.0,6.4,6.0,6.4,6.4,6.9,6.7,6.8,6.7,7.0,6.5,7.0,7.4,7.2,7.5,7.7,7.9,8.4,8.4,8.6,8.9,9.5,9.2,9.2,9.9,9.6,9.6,9.9,9.7,10.4,10.4
Test accuracy: 2.2,2.4,2.5,3.4,3.3,3.4,3.3,3.8,4.8,5.0,5.0,5.2,4.7,5.4,5.3,5.1,5.1,4.9,5.3,5.2,5.1,5.1,5.2,4.9,5.5,4.8,5.1,5.1,5.1,5.1,5.4,5.4,6.1,6.6,6.3,7.0,6.2,6.6,6.2,7.2,7.4,7.3,6.9,7.5,7.6,7.6,7.4,8.0,8.2,8.2
Rank: 56,62,65,66,69,70,73,74,75,77,79,80,82,81,84,86,87,87,89,89,91,91,92,93,93,94,95,94,94,94,95,96,96,97,98,98,98,99,99,99,99,99,99,99,99,99,99,99,99,98
Seed 9/10
Train loss: 4.5253,4.4117,4.3317,4.2724,4.2151,4.1675,4.1244,4.085,4.0484,4.0163,3.9862,3.9606,3.9343,3.9074,3.8812,3.8581,3.8349,3.813,3.7893,3.7697,3.7493,3.7314,3.7112,3.6922,3.6801,3.6592,3.6411,3.6265,3.6099,3.593,3.5789,3.5625,3.5466,3.5324,3.514,3.5011,3.4841,3.4699,3.4542,3.4415,3.4288,3.4156,3.4024,3.3905,3.3779,3.367,3.3551,3.3447,3.3387,3.3268
Test loss: 4.5381,4.4286,4.3521,4.2943,4.2424,4.1956,4.1639,4.1264,4.0945,4.0673,4.0412,4.0181,3.9986,3.9722,3.9566,3.9355,3.9177,3.896,3.8789,3.8637,3.8484,3.8324,3.8131,3.7993,3.7986,3.7767,3.7695,3.7598,3.7424,3.735,3.7211,3.713,3.7131,3.696,3.6888,3.6789,3.6673,3.6659,3.6506,3.6372,3.6344,3.6273,3.6259,3.6209,3.6076,3.6003,3.6017,3.5994,3.5906,3.5903
Train accuracy: 2.3,2.6,2.9,3.2,3.5,4.5,4.4,4.4,4.2,4.6,4.8,5.8,5.4,5.9,5.8,5.7,6.0,6.2,6.1,6.0,6.5,6.5,6.9,7.1,6.4,6.8,6.9,7.1,7.6,7.5,7.5,7.4,7.5,7.7,7.7,7.4,7.8,8.1,7.9,8.2,8.2,8.4,8.5,9.3,9.2,9.1,8.6,9.3,9.3,9.6
Test accuracy: 2.2,2.6,2.9,3.3,3.4,4.8,4.8,4.9,4.7,4.5,4.6,5.8,5.6,5.7,5.4,5.4,6.6,6.1,6.5,6.3,7.0,7.0,6.5,6.5,6.6,6.6,7.2,7.3,7.7,7.9,7.7,7.5,7.4,8.5,8.0,7.9,7.7,8.3,8.3,8.3,7.7,8.4,7.9,8.0,8.2,8.3,8.0,7.6,8.4,8.2
Rank: 55,59,62,64,66,67,70,74,76,78,79,79,81,83,83,84,86,87,88,89,89,89,91,92,92,93,92,93,94,94,94,94,95,96,97,97,97,96,98,98,99,99,99,100,100,100,100,100,100,99
Seed 10/10
Train loss: 4.4961,4.3765,4.299,4.2409,4.1895,4.144,4.1035,4.0662,4.0327,4.0011,3.9723,3.9467,3.9229,3.8957,3.8712,3.8504,3.8292,3.8078,3.7862,3.7701,3.7504,3.7324,3.7113,3.6933,3.6791,3.6615,3.6426,3.6257,3.61,3.5942,3.5768,3.5628,3.548,3.5362,3.5295,3.5147,3.4999,3.4793,3.4678,3.4545,3.4412,3.4286,3.418,3.4048,3.395,3.383,3.3736,3.3612,3.3516,3.3409
Test loss: 4.4984,4.3843,4.3103,4.2544,4.2055,4.167,4.1283,4.0955,4.0644,4.0298,4.0037,3.9776,3.961,3.9393,3.9141,3.9008,3.8849,3.8662,3.8475,3.842,3.8186,3.8062,3.7956,3.7831,3.7745,3.7608,3.7468,3.7361,3.7193,3.7028,3.7013,3.684,3.6739,3.6694,3.6553,3.6482,3.6419,3.6274,3.6269,3.6161,3.6049,3.6047,3.597,3.5938,3.5868,3.5764,3.575,3.574,3.5646,3.563
Train accuracy: 2.3,3.2,3.2,3.6,3.9,3.5,4.5,4.7,4.5,5.6,5.7,5.8,5.8,5.8,6.1,5.9,6.0,6.4,6.6,6.2,6.7,6.9,7.0,7.2,7.1,7.5,7.7,7.5,7.7,8.0,7.6,8.1,8.3,9.5,9.0,8.5,8.8,9.5,9.2,9.2,9.6,10.1,9.8,10.2,10.1,10.0,9.9,10.3,10.4,10.6
Test accuracy: 2.8,3.1,3.2,2.7,3.1,3.3,4.7,4.2,4.1,6.0,6.2,6.2,6.1,5.7,6.1,5.5,5.5,5.8,5.9,5.7,6.1,6.0,6.3,6.8,6.6,7.3,7.1,7.4,7.4,7.5,7.9,7.9,7.8,7.9,8.2,8.3,7.3,7.8,8.1,7.8,8.4,8.3,8.4,8.2,8.8,8.1,7.7,8.3,7.9,8.7
Rank: 62,65,67,69,72,74,78,78,81,82,83,84,85,86,87,87,88,88,89,90,90,91,92,92,93,93,93,94,96,96,96,95,96,97,97,97,97,98,97,98,98,98,99,99,99,99,100,100,100,100
