Seed 1/10
Train loss: 2.8556,1.4121,0.8823,0.6584,0.5292,0.4378,0.3668,0.3058,0.2631,0.2238,0.1904,0.1624,0.1367,0.118,0.1046,0.0866,0.0747,0.0652,0.055,0.0479,0.0415,0.0366,0.0317,0.0277,0.0248,0.022,0.02,0.0178,0.0161,0.0147,0.0132,0.0122,0.0111,0.0103,0.0094,0.0086,0.008,0.0073,0.0068,0.0063,0.0058,0.0054,0.005,0.0047,0.0044,0.0041,0.0038,0.0036,0.0034,0.0032
Test loss: 2.8987,1.493,0.9966,0.8089,0.7156,0.6553,0.622,0.5829,0.5686,0.5497,0.548,0.5418,0.5322,0.5378,0.54,0.534,0.5395,0.5372,0.5367,0.5378,0.5358,0.5373,0.5409,0.541,0.5442,0.5487,0.5516,0.5543,0.5574,0.5594,0.561,0.5673,0.5722,0.5737,0.5763,0.5777,0.5803,0.5835,0.5861,0.5875,0.5916,0.594,0.5972,0.6004,0.6035,0.604,0.6066,0.6098,0.6117,0.615
Train accuracy: 48.7,76.2,83.7,87.4,89.8,91.5,93.1,94.8,95.4,96.9,97.1,98.1,98.5,99.0,99.0,99.4,99.7,99.8,99.8,99.9,100.0,100.0,100.0,100.0,100.0,100.0,100.0,100.0,100.0,100.0,100.0,100.0,100.0,100.0,100.0,100.0,100.0,100.0,100.0,100.0,100.0,100.0,100.0,100.0,100.0,100.0,100.0,100.0,100.0,100.0
Test accuracy: 45.2,72.5,80.9,81.3,83.1,85.1,85.2,85.5,85.3,85.5,85.7,85.5,86.1,85.6,86.0,86.2,85.5,85.9,86.1,86.0,85.8,86.3,86.4,86.2,86.6,86.2,86.8,86.5,86.6,86.6,86.2,86.4,85.9,86.2,86.4,86.5,86.3,86.1,86.5,86.2,86.3,86.1,86.6,86.4,86.1,86.1,86.4,86.4,86.4,86.4
Rank: 100,100,100,100,100,100,100,100,100,100,100,100,100,100,100,100,100,100,100,100,100,100,100,100,100,100,100,100,100,100,100,100,100,100,100,100,100,100,100,100,100,100,100,100,100,100,100,100,100,100
Seed 2/10
Train loss: 2.8596,1.3895,0.854,0.644,0.5138,0.4238,0.3522,0.3014,0.2547,0.2208,0.183,0.1576,0.133,0.113,0.0968,0.0832,0.0713,0.0593,0.0542,0.0441,0.0374,0.0321,0.028,0.0243,0.0212,0.0186,0.0164,0.0145,0.013,0.0118,0.0104,0.0095,0.0085,0.0077,0.007,0.0063,0.0058,0.0053,0.0049,0.0045,0.0041,0.0038,0.0035,0.0032,0.003,0.0028,0.0026,0.0024,0.0023,0.0021
Test loss: 2.9132,1.5154,1.0279,0.8638,0.7671,0.7094,0.6694,0.6439,0.6317,0.6245,0.6099,0.6103,0.6074,0.6138,0.6048,0.6081,0.6064,0.618,0.6247,0.6184,0.6246,0.6244,0.6283,0.63,0.6449,0.6432,0.651,0.6464,0.6572,0.6569,0.6624,0.6696,0.6734,0.6804,0.6795,0.6874,0.6895,0.6949,0.6955,0.7016,0.7036,0.7099,0.7126,0.7156,0.7204,0.7223,0.7249,0.7286,0.7313,0.7346
Train accuracy: 47.8,77.7,84.7,87.5,90.2,92.1,93.6,94.6,95.7,96.3,97.3,98.1,98.4,98.9,99.3,99.5,99.6,99.8,99.7,99.9,100.0,100.0,100.0,100.0,100.0,100.0,100.0,100.0,100.0,100.0,100.0,100.0,100.0,100.0,100.0,100.0,100.0,100.0,100.0,100.0,100.0,100.0,100.0,100.0,100.0,100.0,100.0,100.0,100.0,100.0
Test accuracy: 45.8,72.5,79.0,80.1,82.3,83.1,83.0,83.9,84.3,84.3,84.7,84.7,84.4,84.6,84.9,84.0,84.2,84.2,84.3,84.3,84.0,84.6,84.5,84.6,84.4,84.5,84.5,84.9,84.7,84.8,84.3,84.3,84.4,84.4,84.6,84.5,84.5,84.3,84.6,84.2,84.5,84.3,84.3,84.4,84.5,84.4,84.5,84.4,84.4,84.3
Rank: 100,100,100,100,100,100,100,100,100,100,100,100,100,100,100,100,100,100,100,100,100,100,100,100,100,100,100,100,100,100,100,100,100,100,100,100,100,100,100,100,100,100,100,100,100,100,100,100,100,100
Seed 3/10
Train loss: 2.8195,1.4051,0.8806,0.6623,0.5313,0.4393,0.3719,0.3146,0.2672,0.2333,0.1939,0.1665,0.1417,0.1228,0.1057,0.0909,0.0784,0.0672,0.059,0.0504,0.0443,0.0383,0.0341,0.0302,0.0267,0.0239,0.0211,0.0189,0.0172,0.0157,0.0143,0.0129,0.0117,0.0108,0.01,0.0092,0.0085,0.0079,0.0072,0.0067,0.0062,0.0057,0.0053,0.0049,0.0046,0.0043,0.004,0.0038,0.0035,0.0033
Test loss: 2.8785,1.496,1.0163,0.8417,0.7532,0.6918,0.656,0.6309,0.6164,0.6185,0.5918,0.5791,0.5786,0.5756,0.5686,0.574,0.5714,0.5774,0.5875,0.576,0.5826,0.5768,0.5861,0.5885,0.5859,0.5905,0.5936,0.5937,0.5961,0.6049,0.6055,0.6036,0.6111,0.6098,0.6093,0.6138,0.619,0.6251,0.6279,0.6311,0.6317,0.6342,0.6401,0.6408,0.6428,0.645,0.6467,0.6497,0.6538,0.6535
Train accuracy: 50.9,77.9,84.1,87.1,89.6,91.7,93.0,94.3,95.5,96.0,97.0,97.8,98.5,98.7,99.2,99.4,99.7,99.8,99.8,99.9,99.9,100.0,100.0,100.0,100.0,100.0,100.0,100.0,100.0,100.0,100.0,100.0,100.0,100.0,100.0,100.0,100.0,100.0,100.0,100.0,100.0,100.0,100.0,100.0,100.0,100.0,100.0,100.0,100.0,100.0
Test accuracy: 48.9,74.9,80.9,81.9,83.2,83.4,83.7,85.0,83.6,83.4,85.3,84.3,85.0,84.9,85.4,84.6,85.3,85.5,85.1,85.6,85.1,86.0,84.8,85.3,85.6,85.0,85.3,85.3,85.9,85.4,85.5,85.2,85.3,85.3,85.6,85.5,85.4,85.7,85.4,85.3,85.4,85.3,85.4,85.4,85.1,85.2,85.3,85.2,85.2,85.1
Rank: 100,100,100,100,100,100,100,100,100,100,100,100,100,100,100,100,100,100,100,100,100,100,100,100,100,100,100,100,100,100,100,100,100,100,100,100,100,100,100,100,100,100,100,100,100,100,100,100,100,100
Seed 4/10
Train loss: 2.7588,1.3576,0.859,0.6606,0.5335,0.4447,0.3749,0.317,0.2689,0.228,0.1962,0.1648,0.1415,0.1194,0.0991,0.0853,0.0729,0.0593,0.0507,0.0428,0.0358,0.0311,0.0263,0.0231,0.0197,0.0169,0.0147,0.013,0.0115,0.0101,0.009,0.0081,0.0073,0.0066,0.006,0.0054,0.005,0.0046,0.0042,0.0039,0.0036,0.0033,0.003,0.0028,0.0026,0.0024,0.0023,0.0021,0.002,0.0019
Test loss: 2.8184,1.4697,1.0117,0.8462,0.7532,0.7001,0.6729,0.6419,0.6185,0.6068,0.5974,0.5924,0.5948,0.5946,0.5907,0.5872,0.593,0.5896,0.5996,0.6027,0.601,0.6045,0.607,0.6263,0.6213,0.6242,0.6306,0.6364,0.6442,0.6458,0.6482,0.655,0.6579,0.6627,0.6652,0.6686,0.6725,0.6766,0.6793,0.6837,0.6877,0.6896,0.6943,0.6966,0.6986,0.704,0.7074,0.7097,0.7129,0.7163
Train accuracy: 50.2,78.1,84.3,86.6,88.9,91.0,92.6,94.0,94.9,95.9,96.6,97.6,98.4,98.9,99.2,99.5,99.6,99.8,99.9,99.9,99.9,100.0,100.0,100.0,100.0,100.0,100.0,100.0,100.0,100.0,100.0,100.0,100.0,100.0,100.0,100.0,100.0,100.0,100.0,100.0,100.0,100.0,100.0,100.0,100.0,100.0,100.0,100.0,100.0,100.0
Test accuracy: 47.2,74.0,79.7,82.3,84.7,84.8,84.7,84.1,84.3,85.1,84.6,84.7,84.2,84.6,84.3,85.0,83.6,85.0,84.3,84.6,84.9,85.1,84.6,84.2,84.5,84.4,84.9,84.4,84.5,84.6,84.6,84.5,85.0,84.7,84.8,84.5,84.6,84.5,84.7,84.7,84.6,84.7,84.6,84.7,84.5,84.6,84.5,84.3,84.6,84.6
Rank: 100,100,100,100,100,100,100,100,100,100,100,100,100,100,100,100,100,100,100,100,100,100,100,100,100,100,100,100,100,100,100,100,100,100,100,100,100,100,100,100,100,100,100,100,100,100,100,100,100,100
Seed 5/10
Train loss: 2.897,1.3843,0.8607,0.6371,0.5065,0.411,0.341,0.2866,0.2466,0.2055,0.1728,0.1469,0.1209,0.1025,0.0866,0.0748,0.0652,0.0539,0.0453,0.039,0.0333,0.0291,0.0264,0.0224,0.0194,0.0166,0.0147,0.013,0.0116,0.0104,0.0092,0.0082,0.0074,0.0067,0.0061,0.0055,0.005,0.0047,0.0042,0.0039,0.0036,0.0033,0.0031,0.0028,0.0026,0.0024,0.0023,0.0021,0.002,0.0018
Test loss: 2.9574,1.4943,1.0115,0.8324,0.7364,0.6823,0.6385,0.6209,0.6115,0.5979,0.5873,0.5864,0.5833,0.5849,0.5853,0.5907,0.5905,0.5966,0.5968,0.6009,0.5958,0.6049,0.6108,0.6136,0.6205,0.6253,0.6273,0.6339,0.6364,0.6423,0.6474,0.6518,0.6578,0.6637,0.6674,0.6702,0.6746,0.6791,0.6832,0.689,0.6921,0.6975,0.7008,0.7071,0.7083,0.7119,0.715,0.7179,0.7208,0.7242
Train accuracy: 44.6,77.3,84.0,88.0,89.9,92.3,93.9,95.2,95.8,96.8,97.6,97.9,98.6,99.1,99.2,99.5,99.6,99.8,99.9,99.9,100.0,100.0,100.0,100.0,100.0,100.0,100.0,100.0,100.0,100.0,100.0,100.0,100.0,100.0,100.0,100.0,100.0,100.0,100.0,100.0,100.0,100.0,100.0,100.0,100.0,100.0,100.0,100.0,100.0,100.0
Test accuracy: 41.6,73.4,79.0,81.4,82.1,83.1,84.1,84.4,84.6,84.3,84.5,84.9,85.4,85.4,85.4,84.7,84.7,85.0,85.3,84.1,84.8,85.0,84.5,84.6,85.0,85.0,84.9,85.0,85.0,84.9,84.9,85.1,85.0,84.9,84.9,84.8,85.0,84.7,84.8,84.7,84.7,84.6,84.7,84.7,84.8,84.3,84.5,84.6,84.5,84.7
Rank: 100,100,100,100,100,100,100,100,100,100,100,100,100,100,100,100,100,100,100,100,100,100,100,100,100,100,100,100,100,100,100,100,100,100,100,100,100,100,100,100,100,100,100,100,100,100,100,100,100,100
Seed 6/10
Train loss: 2.7918,1.4291,0.9244,0.6947,0.5673,0.4632,0.3946,0.3316,0.2788,0.2372,0.2066,0.1744,0.1463,0.125,0.1085,0.0898,0.0776,0.0652,0.0555,0.048,0.0408,0.0356,0.0309,0.0271,0.0241,0.0211,0.0189,0.0166,0.0148,0.0133,0.0119,0.0108,0.0097,0.0088,0.0081,0.0073,0.0068,0.0062,0.0057,0.0052,0.0048,0.0045,0.0041,0.0038,0.0036,0.0033,0.0031,0.0029,0.0027,0.0025
Test loss: 2.8261,1.5091,1.0382,0.8459,0.7534,0.6834,0.6458,0.6113,0.5878,0.5774,0.5664,0.5625,0.5607,0.5564,0.5531,0.5489,0.5551,0.5513,0.5598,0.5634,0.5611,0.5702,0.5706,0.5738,0.5782,0.5804,0.5858,0.5882,0.5883,0.5956,0.5994,0.6,0.6073,0.6121,0.6155,0.6151,0.6159,0.6202,0.623,0.6273,0.6311,0.6346,0.6351,0.6393,0.6406,0.6432,0.6469,0.6485,0.6518,0.6545
Train accuracy: 47.6,75.3,82.8,86.5,88.9,90.7,91.9,93.6,94.8,96.1,96.7,97.4,98.1,98.7,98.9,99.4,99.6,99.8,99.9,99.9,100.0,100.0,100.0,100.0,100.0,100.0,100.0,100.0,100.0,100.0,100.0,100.0,100.0,100.0,100.0,100.0,100.0,100.0,100.0,100.0,100.0,100.0,100.0,100.0,100.0,100.0,100.0,100.0,100.0,100.0
Test accuracy: 45.8,71.9,79.2,81.5,83.0,83.2,82.9,84.1,84.8,84.5,84.9,84.1,83.9,85.0,84.9,85.5,85.5,85.5,85.0,85.1,85.7,85.3,85.3,85.2,85.4,85.3,84.7,85.4,85.4,85.2,85.0,85.6,85.2,85.6,85.3,85.2,85.5,85.4,85.1,85.3,85.4,85.3,85.3,85.2,85.3,85.1,85.4,85.4,85.3,85.2
Rank: 100,100,100,100,100,100,100,100,100,100,100,100,100,100,100,100,100,100,100,100,100,100,100,100,100,100,100,100,100,100,100,100,100,100,100,100,100,100,100,100,100,100,100,100,100,100,100,100,100,100
Seed 7/10
Train loss: 2.7653,1.401,0.8912,0.6648,0.5263,0.4362,0.3634,0.3082,0.2627,0.2204,0.1881,0.1578,0.1341,0.1147,0.0974,0.0829,0.0707,0.0609,0.0524,0.0453,0.04,0.0352,0.031,0.0279,0.0248,0.0218,0.0198,0.018,0.0163,0.015,0.0138,0.0125,0.0117,0.0107,0.0099,0.0092,0.0086,0.008,0.0075,0.0071,0.0066,0.0062,0.0058,0.0055,0.0052,0.0049,0.0046,0.0044,0.0042,0.004
Test loss: 2.8058,1.473,0.9969,0.7986,0.7103,0.6582,0.6142,0.5953,0.5837,0.5588,0.5468,0.5479,0.5398,0.545,0.5354,0.5339,0.5387,0.5397,0.5394,0.5441,0.5469,0.5481,0.5513,0.5559,0.5589,0.5595,0.5611,0.5683,0.57,0.5729,0.5748,0.5761,0.5809,0.5847,0.5856,0.5934,0.5967,0.5975,0.6024,0.6034,0.6063,0.6074,0.6089,0.6144,0.6178,0.6185,0.621,0.6219,0.6239,0.6257
Train accuracy: 53.0,77.4,83.3,87.4,89.6,90.9,93.0,94.2,95.5,96.6,97.6,98.0,98.6,99.0,99.3,99.5,99.7,99.8,99.9,99.9,99.9,100.0,100.0,100.0,100.0,100.0,100.0,100.0,100.0,100.0,100.0,100.0,100.0,100.0,100.0,100.0,100.0,100.0,100.0,100.0,100.0,100.0,100.0,100.0,100.0,100.0,100.0,100.0,100.0,100.0
Test accuracy: 50.9,73.2,79.3,82.3,83.4,83.8,85.0,85.6,84.6,85.8,85.3,85.9,85.6,85.3,85.5,85.3,85.9,85.6,85.7,85.4,85.8,86.1,85.5,85.8,85.9,85.7,85.6,85.9,85.7,85.8,86.0,85.9,85.8,86.3,86.2,86.0,85.8,86.0,85.9,85.8,85.8,85.9,86.0,85.8,86.0,86.0,85.8,85.9,86.2,86.1
Rank: 100,100,100,100,100,100,100,100,100,100,100,100,100,100,100,100,100,100,100,100,100,100,100,100,100,100,100,100,100,100,100,100,100,100,100,100,100,100,100,100,100,100,100,100,100,100,100,100,100,100
Seed 8/10
Train loss: 2.8036,1.3951,0.896,0.6723,0.5463,0.4511,0.3796,0.3225,0.2733,0.2374,0.2,0.1723,0.1474,0.1248,0.109,0.0916,0.0795,0.0677,0.0595,0.0513,0.0434,0.0374,0.0322,0.0279,0.0248,0.0218,0.0187,0.0166,0.0148,0.0131,0.0118,0.0106,0.0095,0.0085,0.0078,0.007,0.0063,0.0058,0.0053,0.0049,0.0044,0.0041,0.0037,0.0035,0.0032,0.003,0.0028,0.0026,0.0024,0.0022
Test loss: 2.8577,1.5017,1.0461,0.8655,0.7761,0.7211,0.6795,0.6552,0.6332,0.6231,0.6092,0.6073,0.5971,0.5966,0.6037,0.5965,0.6075,0.6009,0.6114,0.6104,0.615,0.6213,0.6246,0.6228,0.6333,0.6355,0.6408,0.6414,0.6478,0.6518,0.6588,0.664,0.6661,0.6733,0.6778,0.6846,0.6877,0.6922,0.6937,0.6962,0.7025,0.7076,0.7118,0.7153,0.7195,0.7229,0.7253,0.7288,0.7342,0.7365
Train accuracy: 48.9,76.8,83.3,87.0,88.9,91.1,92.5,94.1,95.1,96.1,97.2,97.9,98.3,98.8,99.2,99.3,99.5,99.7,99.7,99.9,99.9,99.9,100.0,100.0,100.0,100.0,100.0,100.0,100.0,100.0,100.0,100.0,100.0,100.0,100.0,100.0,100.0,100.0,100.0,100.0,100.0,100.0,100.0,100.0,100.0,100.0,100.0,100.0,100.0,100.0
Test accuracy: 47.3,73.6,78.7,80.7,82.2,82.1,83.6,83.6,84.1,84.3,85.1,84.7,84.3,85.3,84.6,85.0,84.3,84.5,84.5,84.7,84.6,84.1,84.7,84.4,84.3,84.2,84.2,84.7,84.3,84.9,84.2,84.2,84.6,84.6,84.4,84.3,84.7,84.5,84.6,84.5,84.5,84.5,84.2,84.2,84.2,84.4,84.2,84.2,84.2,84.2
Rank: 100,100,100,100,100,100,100,100,100,100,100,100,100,100,100,100,100,100,100,100,100,100,100,100,100,100,100,100,100,100,100,100,100,100,100,100,100,100,100,100,100,100,100,100,100,100,100,100,100,100
Seed 9/10
Train loss: 2.7526,1.3962,0.8977,0.6891,0.5496,0.4544,0.3807,0.319,0.2751,0.2279,0.1958,0.1666,0.1436,0.12,0.1022,0.0886,0.0744,0.0632,0.0542,0.0472,0.041,0.035,0.0318,0.0275,0.0258,0.0217,0.0196,0.0175,0.0157,0.0143,0.0129,0.0119,0.0107,0.0097,0.0089,0.0081,0.0074,0.0068,0.0063,0.0058,0.0054,0.005,0.0046,0.0043,0.004,0.0037,0.0034,0.0032,0.003,0.0028
Test loss: 2.7946,1.4875,1.0333,0.8567,0.7669,0.7111,0.6688,0.6365,0.6257,0.6037,0.5904,0.583,0.5914,0.5822,0.5676,0.5778,0.5809,0.587,0.5804,0.5831,0.5883,0.5887,0.5982,0.6028,0.6008,0.6048,0.6149,0.6132,0.6208,0.6212,0.6253,0.6317,0.6292,0.633,0.6368,0.6396,0.6468,0.6465,0.6511,0.654,0.6578,0.6593,0.6617,0.6644,0.6684,0.6722,0.675,0.6805,0.6826,0.6857
Train accuracy: 49.2,75.8,82.7,86.0,88.8,91.3,92.6,94.3,95.4,96.6,97.3,97.9,98.3,98.6,99.2,99.6,99.8,99.9,99.9,100.0,100.0,100.0,100.0,100.0,100.0,100.0,100.0,100.0,100.0,100.0,100.0,100.0,100.0,100.0,100.0,100.0,100.0,100.0,100.0,100.0,100.0,100.0,100.0,100.0,100.0,100.0,100.0,100.0,100.0,100.0
Test accuracy: 45.7,73.0,78.4,80.8,83.0,83.1,84.5,85.2,85.2,85.1,85.1,85.4,85.2,85.5,85.5,85.8,85.7,85.8,85.8,85.5,85.3,85.8,84.9,85.5,85.3,85.2,85.2,85.6,85.1,85.7,85.4,85.2,85.5,85.1,85.2,85.1,85.4,85.2,85.2,85.5,85.1,85.5,85.4,85.3,85.1,85.3,85.3,85.3,85.1,85.2
Rank: 100,100,100,100,100,100,100,100,100,100,100,100,100,100,100,100,100,100,100,100,100,100,100,100,100,100,100,100,100,100,100,100,100,100,100,100,100,100,100,100,100,100,100,100,100,100,100,100,100,100
Seed 10/10
Train loss: 2.7773,1.3911,0.8736,0.6518,0.5231,0.4292,0.3626,0.3062,0.2537,0.2155,0.1845,0.1549,0.1349,0.1118,0.0943,0.0818,0.0689,0.0575,0.049,0.0423,0.0365,0.0323,0.0284,0.0246,0.0217,0.0194,0.0174,0.0159,0.0139,0.0126,0.0111,0.0102,0.0092,0.0084,0.0076,0.0069,0.0063,0.0057,0.0053,0.0049,0.0045,0.0042,0.0039,0.0036,0.0033,0.0031,0.0028,0.0026,0.0025,0.0023
Test loss: 2.841,1.5051,1.0379,0.8632,0.7769,0.7133,0.6802,0.6572,0.6345,0.6229,0.6169,0.6162,0.6079,0.6106,0.6065,0.6124,0.6133,0.6115,0.6108,0.613,0.6193,0.6246,0.6268,0.628,0.631,0.6302,0.6396,0.6467,0.6456,0.6482,0.6544,0.6611,0.6624,0.6645,0.6699,0.6728,0.6763,0.6788,0.6831,0.6875,0.6905,0.6929,0.6986,0.699,0.7049,0.708,0.7114,0.7139,0.7162,0.7195
Train accuracy: 49.4,77.3,84.2,87.9,89.7,92.5,93.2,94.4,95.7,96.8,97.4,98.1,98.3,99.0,99.4,99.5,99.8,99.9,99.9,100.0,100.0,100.0,100.0,100.0,100.0,100.0,100.0,100.0,100.0,100.0,100.0,100.0,100.0,100.0,100.0,100.0,100.0,100.0,100.0,100.0,100.0,100.0,100.0,100.0,100.0,100.0,100.0,100.0,100.0,100.0
Test accuracy: 47.5,74.2,79.5,82.1,82.6,83.6,83.6,84.3,84.6,84.6,84.6,84.7,84.4,84.0,84.5,84.5,84.2,84.7,84.4,84.3,84.8,84.8,84.7,85.3,84.6,84.5,84.7,83.7,84.3,84.3,84.5,84.1,84.4,84.3,84.4,84.3,84.3,84.5,84.4,84.3,84.3,84.7,84.3,84.6,84.1,84.2,84.7,84.5,84.6,84.5
Rank: 100,100,100,100,100,100,100,100,100,100,100,100,100,100,100,100,100,100,100,100,100,100,100,100,100,100,100,100,100,100,100,100,100,100,100,100,100,100,100,100,100,100,100,100,100,100,100,100,100,100
