Seed 1/10
Train loss: 1.6989,1.5925,1.5191,1.4879,1.442,1.4075,1.3947,1.3626,1.3439,1.3275,1.3152,1.3019,1.2947,1.2871,1.2633,1.2567,1.246,1.2324,1.2326,1.2305,1.2198,1.214,1.2186,1.2072,1.1914,1.1938,1.1945,1.1823,1.1845,1.1753,1.1719,1.1815,1.1663,1.1579,1.1585,1.1427,1.1578,1.1505,1.1405,1.1369
Test loss: 1.7052,1.6008,1.533,1.5153,1.4631,1.4401,1.4232,1.4161,1.3895,1.371,1.3701,1.3576,1.3699,1.3511,1.3479,1.3527,1.3326,1.3411,1.327,1.3498,1.3346,1.3231,1.3375,1.3406,1.3263,1.3565,1.3458,1.3303,1.3639,1.3397,1.3326,1.3191,1.3584,1.3439,1.3514,1.3792,1.3675,1.3376,1.3439,1.3414
Train accuracy: 23.3,30.0,35.2,36.4,37.7,42.0,39.0,42.9,45.2,44.2,44.0,48.1,45.8,45.9,47.2,48.4,49.2,49.9,49.4,48.5,49.4,49.9,49.4,49.3,50.9,50.6,50.2,51.3,50.5,51.6,52.1,50.6,51.0,52.2,51.7,53.2,52.4,52.1,52.4,53.3
Test accuracy: 22.8,29.9,35.2,36.2,37.4,42.4,38.6,42.0,45.1,43.6,42.8,47.4,44.9,44.8,46.3,47.2,47.7,47.9,47.6,46.9,48.0,48.1,47.6,48.0,48.9,48.5,48.4,49.4,48.4,49.5,49.8,49.1,48.9,49.7,48.8,50.5,49.8,49.7,49.5,50.5
Rank: 6,7,7,8,8,8,8,8,8,8,8,8,8,8,8,8,8,8,8,8,8,8,8,8,8,8,8,8,8,8,8,8,8,8,8,8,8,8,8,8
Seed 2/10
Train loss: 0.906,0.685,0.5976,0.5447,0.5037,0.4726,0.4506,0.4306,0.4245,0.4051,0.3707,0.356,0.3602,0.3454,0.374,0.3247,0.3191,0.3177,0.3171,0.3053,0.3053,0.3069,0.2922,0.2909,0.2738,0.2788,0.2773,0.2702,0.2722,0.2678,0.2618,0.2593,0.2535,0.2523,0.2652,0.2542,0.2606,0.2426,0.2481,0.2562
Test loss: 0.9261,0.7222,0.6479,0.6082,0.5669,0.5614,0.5384,0.5292,0.5324,0.527,0.497,0.491,0.4794,0.4929,0.5307,0.4873,0.4958,0.4904,0.5056,0.5144,0.5247,0.5354,0.5241,0.5268,0.5195,0.5282,0.5384,0.5332,0.5572,0.5396,0.5418,0.5686,0.5483,0.5675,0.5535,0.5742,0.6181,0.5682,0.5913,0.5882
Train accuracy: 73.2,78.8,79.7,81.2,81.8,82.7,83.0,83.6,83.1,83.9,84.8,85.0,85.0,85.3,84.4,85.9,86.0,85.9,85.9,86.1,86.3,86.2,86.3,86.4,86.9,86.8,86.7,86.6,87.1,87.1,87.2,87.1,87.3,87.7,87.1,87.4,87.4,87.6,87.3,87.3
Test accuracy: 72.9,78.5,79.4,80.2,80.9,81.5,81.7,82.0,81.3,82.1,82.6,83.1,83.0,83.0,82.3,83.2,83.3,83.2,82.7,83.0,83.4,83.0,83.0,82.8,83.5,83.2,83.1,83.0,83.6,83.5,83.2,83.4,83.1,83.6,83.3,83.3,83.5,83.4,83.2,83.0
Rank: 10,10,10,10,10,10,10,10,10,10,10,10,10,10,10,10,10,10,10,10,10,10,10,10,10,10,10,10,10,10,10,10,10,10,10,10,10,10,10,10
Seed 3/10
Train loss: 1.869,1.8059,1.7711,1.7599,1.7409,1.7238,1.7034,1.7053,1.6911,1.6808,1.6781,1.6734,1.6665,1.6676,1.669,1.6633,1.6581,1.6109,1.5251,1.5016,1.4427,1.3907,1.369,1.3513,1.3462,1.3323,1.3251,1.3202,1.3202,1.3197,1.2883,1.287,1.2849,1.2731,1.2733,1.2709,1.2695,1.2604,1.2491,1.251
Test loss: 1.8714,1.8115,1.777,1.7764,1.7541,1.7517,1.7209,1.7152,1.7015,1.7041,1.6963,1.7057,1.6942,1.6998,1.6926,1.714,1.697,1.6168,1.5392,1.5259,1.4733,1.4274,1.4047,1.3982,1.3902,1.393,1.3908,1.393,1.3984,1.403,1.3819,1.3771,1.3911,1.386,1.3806,1.3848,1.3958,1.3907,1.3784,1.3849
Train accuracy: 24.7,30.1,30.6,31.0,31.1,31.2,31.0,30.9,31.2,31.3,31.3,31.3,31.5,31.3,31.2,31.8,32.0,35.4,38.5,38.9,41.9,42.3,43.0,43.1,43.1,44.5,43.7,45.3,43.8,42.7,46.5,46.2,46.0,47.2,47.1,47.5,46.6,47.5,47.8,48.0
Test accuracy: 25.4,30.0,30.4,30.9,30.9,31.0,30.8,30.8,31.1,31.1,30.8,30.9,31.1,30.9,30.7,31.6,31.7,35.4,38.2,38.1,40.9,41.8,42.4,42.7,42.4,43.6,42.9,44.4,42.7,41.9,45.1,44.7,44.7,45.5,45.6,45.4,44.7,45.8,45.7,45.9
Rank: 5,5,5,5,5,5,5,5,5,5,5,5,5,6,6,6,6,7,7,7,7,7,7,7,7,7,7,7,7,7,7,7,7,7,7,7,7,7,7,7
Seed 4/10
Train loss: 1.4155,1.1282,0.8451,0.7327,0.7001,0.5701,0.5168,0.4858,0.4596,0.4402,0.4139,0.4041,0.3983,0.3769,0.3659,0.3602,0.3467,0.3497,0.3414,0.329,0.327,0.3333,0.3311,0.3124,0.3079,0.3002,0.2969,0.2957,0.2998,0.2923,0.2942,0.2927,0.2947,0.273,0.2738,0.2751,0.2708,0.2807,0.2816,0.2806
Test loss: 1.4199,1.123,0.8467,0.742,0.724,0.5994,0.5559,0.5379,0.5175,0.5103,0.4934,0.4972,0.4967,0.4848,0.4841,0.4928,0.4735,0.4999,0.4864,0.4738,0.4786,0.4995,0.5114,0.4964,0.5042,0.491,0.5025,0.4974,0.5163,0.5168,0.5108,0.5079,0.5267,0.5184,0.5171,0.5135,0.526,0.5488,0.5482,0.5536
Train accuracy: 42.0,57.9,68.2,71.0,73.3,82.0,82.8,82.6,83.5,83.7,84.3,84.6,84.4,85.0,85.4,85.7,85.7,85.5,85.4,86.0,86.0,85.8,85.6,86.1,86.5,86.8,86.8,86.8,86.7,86.9,86.6,86.3,86.6,87.5,87.4,87.2,87.4,87.3,87.0,87.1
Test accuracy: 42.2,57.9,68.4,70.9,72.9,81.0,81.9,81.0,82.1,81.9,82.3,82.9,82.0,82.8,82.8,83.3,83.0,82.8,82.3,83.1,82.8,82.6,82.0,82.7,83.2,83.3,83.1,83.0,82.6,83.2,83.2,82.7,82.5,83.4,83.3,83.0,83.0,83.1,83.2,82.9
Rank: 10,10,10,10,10,10,10,10,10,10,10,10,10,10,10,10,10,10,10,10,10,10,10,10,10,10,10,10,10,10,10,10,10,10,10,10,10,10,10,10
Seed 5/10
Train loss: 1.003,0.7213,0.6379,0.5671,0.4766,0.4147,0.325,0.2762,0.2623,0.2348,0.2095,0.1924,0.1914,0.1756,0.1721,0.1552,0.1455,0.1613,0.1476,0.1457,0.1274,0.127,0.1306,0.1213,0.1337,0.1222,0.1078,0.1062,0.0974,0.1047,0.0941,0.0968,0.0998,0.0929,0.0974,0.0986,0.0991,0.0862,0.0883,0.0871
Test loss: 0.9985,0.7325,0.6594,0.601,0.5176,0.4688,0.3803,0.3392,0.3324,0.3122,0.298,0.2928,0.3102,0.3022,0.3006,0.3023,0.3016,0.3276,0.3068,0.3134,0.3228,0.3167,0.3384,0.3248,0.3397,0.3522,0.3415,0.3286,0.3433,0.3514,0.346,0.3532,0.3359,0.3625,0.3678,0.3581,0.3903,0.3817,0.3733,0.3798
Train accuracy: 64.8,74.3,78.6,82.1,84.6,87.1,92.8,93.9,94.2,94.4,95.1,95.5,95.4,95.7,95.7,96.3,96.4,95.7,96.2,96.3,96.8,96.9,96.6,96.9,96.4,96.7,97.3,97.3,97.6,97.4,97.5,97.5,97.4,97.6,97.5,97.3,97.1,97.9,97.8,97.6
Test accuracy: 65.1,73.2,77.7,80.9,83.8,85.8,91.7,92.5,92.8,93.3,93.3,93.6,93.2,93.4,93.5,93.4,93.5,93.0,93.5,93.3,93.5,93.5,93.7,93.4,93.0,92.9,93.5,93.7,93.6,93.7,93.4,93.5,93.4,93.5,93.1,93.3,92.7,93.3,93.2,93.2
Rank: 10,10,10,10,10,10,10,10,10,10,10,10,10,10,10,10,10,10,10,10,10,10,10,10,10,10,10,10,10,10,10,10,10,10,10,10,10,10,10,10
Seed 6/10
Train loss: 1.7883,1.6986,1.6529,1.6244,1.6063,1.58,1.5654,1.5534,1.541,1.5221,1.5105,1.5058,1.496,1.4917,1.4912,1.4716,1.4658,1.4716,1.4643,1.4572,1.4585,1.457,1.4492,1.4506,1.4448,1.4362,1.4385,1.4358,1.4371,1.4313,1.4351,1.4288,1.4374,1.453,1.4305,1.4366,1.4228,1.4256,1.4244,1.4226
Test loss: 1.7861,1.7015,1.6607,1.6452,1.6221,1.6021,1.5914,1.5813,1.5733,1.5738,1.562,1.5669,1.5489,1.556,1.5594,1.5495,1.5524,1.553,1.5475,1.5729,1.5496,1.577,1.5576,1.5458,1.5405,1.5572,1.5889,1.5976,1.5456,1.5768,1.5588,1.5861,1.5929,1.6583,1.5597,1.5561,1.5762,1.5782,1.5698,1.5612
Train accuracy: 25.3,30.3,32.4,34.5,35.7,37.1,37.3,38.4,37.8,38.8,39.1,38.6,39.1,39.2,38.9,39.6,39.7,39.6,39.5,39.8,39.5,39.8,39.8,39.8,39.8,40.2,40.0,40.2,39.9,40.1,39.9,40.4,40.0,39.7,40.2,39.8,40.4,40.3,40.2,40.1
Test accuracy: 25.7,30.8,32.7,34.8,36.1,37.1,37.6,38.5,37.9,38.7,38.9,38.2,39.0,38.9,38.4,39.5,39.4,39.2,38.7,39.2,39.0,39.4,39.0,39.2,39.2,39.6,39.4,39.5,39.1,39.5,39.0,39.7,39.3,38.9,39.4,39.0,39.5,39.4,39.2,39.2
Rank: 5,5,5,5,6,6,6,6,6,6,6,6,6,6,6,6,6,6,6,6,6,6,6,6,6,6,6,6,6,6,6,6,6,6,6,6,6,6,6,6
Seed 7/10
Train loss: 1.0028,0.7805,0.5493,0.4539,0.3892,0.3488,0.3041,0.276,0.2576,0.2319,0.2281,0.2119,0.1897,0.1976,0.1763,0.1761,0.1731,0.1618,0.1472,0.153,0.1478,0.149,0.1321,0.1217,0.1194,0.1213,0.1265,0.1211,0.1147,0.1055,0.1121,0.1047,0.1126,0.0925,0.0926,0.0969,0.097,0.0913,0.0887,0.0879
Test loss: 1.0064,0.7795,0.567,0.4827,0.4228,0.3976,0.3605,0.3343,0.3274,0.317,0.3102,0.3074,0.2922,0.3173,0.2996,0.3178,0.3019,0.3116,0.3036,0.3199,0.3258,0.3161,0.3146,0.3062,0.3124,0.3304,0.3335,0.3249,0.3477,0.3265,0.3409,0.3485,0.3514,0.332,0.3384,0.3523,0.3437,0.3548,0.3536,0.3408
Train accuracy: 66.9,78.8,87.8,89.7,91.2,91.6,92.8,93.3,93.7,94.4,94.2,94.6,95.2,94.9,95.5,95.4,95.2,95.7,96.1,96.0,96.0,95.9,96.5,96.9,96.9,96.8,96.4,96.7,96.9,97.2,96.9,97.1,96.9,97.6,97.5,97.3,97.3,97.5,97.7,97.7
Test accuracy: 67.0,79.3,87.9,89.4,90.9,90.8,91.8,92.3,92.6,92.5,92.6,92.9,92.9,92.8,93.1,92.6,92.9,92.7,93.0,92.9,92.7,92.9,93.0,93.1,93.2,93.4,92.9,93.1,92.9,93.2,92.7,92.5,93.0,93.1,92.9,92.9,93.0,92.7,92.8,92.9
Rank: 10,10,10,10,10,10,10,10,10,10,10,10,10,10,10,10,10,10,10,10,10,10,10,10,10,10,10,10,10,10,10,10,10,10,10,10,10,10,10,10
Seed 8/10
Train loss: 1.6912,1.5852,1.5275,1.4846,1.4409,1.4181,1.3875,1.3505,1.3334,1.3174,1.3042,1.2946,1.2832,1.2724,1.2647,1.2577,1.2517,1.237,1.2382,1.2267,1.2227,1.2275,1.2104,1.206,1.1965,1.1957,1.204,1.1878,1.1836,1.1788,1.1701,1.163,1.1572,1.1502,1.159,1.1579,1.1701,1.1461,1.1543,1.1389
Test loss: 1.691,1.5874,1.5332,1.4948,1.4475,1.4248,1.3988,1.3711,1.3611,1.3469,1.337,1.3283,1.3321,1.3194,1.3127,1.3115,1.3114,1.3011,1.3067,1.2934,1.2905,1.3024,1.305,1.3035,1.2959,1.2916,1.311,1.298,1.277,1.2772,1.286,1.2791,1.2699,1.2814,1.2855,1.2822,1.2873,1.2807,1.3011,1.2751
Train accuracy: 25.1,29.4,31.4,36.6,36.7,40.8,39.7,46.2,44.5,45.2,46.4,44.7,46.5,47.6,46.9,46.3,44.6,48.7,48.5,48.4,50.5,47.2,49.4,50.9,51.9,50.7,48.9,51.5,51.6,51.9,52.9,51.8,52.6,53.4,52.9,53.2,52.0,53.6,51.6,53.7
Test accuracy: 25.3,29.4,30.8,36.3,37.1,40.9,40.2,46.1,44.1,44.5,45.7,43.9,45.4,46.5,46.0,44.9,43.5,47.2,47.4,46.9,48.9,45.7,48.4,49.7,50.8,49.5,47.6,50.2,49.5,50.2,51.4,50.0,50.6,51.4,50.8,51.1,49.9,51.3,49.6,51.8
Rank: 7,6,7,7,8,8,8,8,8,8,8,8,8,8,8,8,8,8,8,8,8,8,8,8,8,8,8,8,8,8,8,8,8,8,8,8,8,8,8,8
Seed 9/10
Train loss: 2.3025,2.3012,2.3012,2.3012,2.3012,2.3012,2.3012,2.3012,2.3012,2.3012,2.3012,2.3012,2.3012,2.3012,2.3012,2.3012,2.3012,2.3012,2.3012,2.3012,2.3012,2.3012,2.3012,2.3012,2.3012,2.3012,2.3012,2.3012,2.3012,2.3012,2.3012,2.3012,2.3012,2.3012,2.3012,2.3012,2.3012,2.3012,2.3012,2.3012
Test loss: 2.3028,2.3012,2.3011,2.301,2.301,2.301,2.301,2.301,2.3012,2.3011,2.301,2.301,2.3011,2.301,2.3011,2.3011,2.3011,2.301,2.301,2.3011,2.3011,2.3011,2.301,2.301,2.3011,2.301,2.3011,2.301,2.301,2.3011,2.301,2.301,2.301,2.3011,2.3011,2.301,2.301,2.301,2.3011,2.301
Train accuracy: 9.9,11.2,11.2,11.2,11.2,11.2,11.2,11.2,11.2,11.2,11.2,11.2,11.2,11.2,11.2,11.2,11.2,11.2,11.2,11.2,11.2,11.2,11.2,11.2,11.2,11.2,11.2,11.2,11.2,11.2,11.2,11.2,11.2,11.2,11.2,11.2,11.2,11.2,11.2,11.2
Test accuracy: 9.6,11.3,11.3,11.3,11.3,11.3,11.3,11.3,11.3,11.3,11.3,11.3,11.3,11.3,11.3,11.3,11.3,11.3,11.3,11.3,11.3,11.3,11.3,11.3,11.3,11.3,11.3,11.3,11.3,11.3,11.3,11.3,11.3,11.3,11.3,11.3,11.3,11.3,11.3,11.3
Rank: 1,1,1,1,1,1,1,1,1,1,1,1,1,1,1,1,1,1,1,1,1,1,1,1,1,1,1,1,1,1,1,1,1,1,1,1,1,1,1,1
Seed 10/10
Train loss: 2.3022,2.3012,2.3012,2.3012,2.3012,2.3012,2.3012,2.3012,2.3012,2.3012,2.3012,2.3012,2.3012,2.3012,2.3012,2.3012,2.3012,2.3012,2.3012,2.3012,2.3012,2.3012,2.3012,2.3012,2.3012,2.3012,2.3012,2.3012,2.3012,2.3012,2.3012,2.3012,2.3012,2.3012,2.3012,2.3012,2.3012,2.3012,2.3012,2.3012
Test loss: 2.3021,2.3011,2.301,2.3011,2.3011,2.3011,2.301,2.301,2.301,2.3011,2.3011,2.3011,2.301,2.301,2.3011,2.3011,2.3011,2.301,2.3011,2.301,2.3011,2.301,2.3011,2.301,2.301,2.3011,2.301,2.3011,2.3011,2.301,2.3011,2.301,2.3011,2.3011,2.301,2.3011,2.301,2.3011,2.3011,2.3011
Train accuracy: 9.8,11.2,11.2,11.2,11.2,11.2,11.2,11.2,11.2,11.2,11.2,11.2,11.2,11.2,11.2,11.2,11.2,11.2,11.2,11.2,11.2,11.2,11.2,11.2,11.2,11.2,11.2,11.2,11.2,11.2,11.2,11.2,11.2,11.2,11.2,11.2,11.2,11.2,11.2,11.2
Test accuracy: 9.7,11.3,11.3,11.3,11.3,11.3,11.3,11.3,11.3,11.3,11.3,11.3,11.3,11.3,11.3,11.3,11.3,11.3,11.3,11.3,11.3,11.3,11.3,11.3,11.3,11.3,11.3,11.3,11.3,11.3,11.3,11.3,11.3,11.3,11.3,11.3,11.3,11.3,11.3,11.3
Rank: 1,1,1,1,1,1,1,1,1,1,1,1,1,1,1,1,1,1,1,1,1,1,1,1,1,1,1,1,1,1,1,1,1,1,1,1,1,1,1,1
