Seed 1/10
Train loss: 0.8167,0.4764,0.2974,0.2092,0.17,0.1465,0.1283,0.1085,0.1012,0.0867,0.0829,0.0787,0.0763,0.0812,0.0673,0.0642,0.0539,0.0549,0.0509,0.0555,0.0499,0.0478,0.0487,0.0433,0.0421,0.0478,0.043,0.0391,0.0425,0.0353,0.0418,0.0365,0.0406,0.0368,0.0391,0.0311,0.033,0.0284,0.0296,0.0317
Test loss: 0.934,0.5121,0.3732,0.2451,0.2281,0.2335,0.2531,0.2499,0.1787,0.1716,0.1718,0.1826,0.1906,0.1815,0.1564,0.1765,0.1666,0.2919,0.2339,0.1942,0.1514,0.1554,0.1556,0.2424,0.1855,0.16,0.1706,0.1833,0.1892,0.1634,0.1688,0.1816,0.2115,0.178,0.1912,0.2022,0.207,0.2101,0.1938,0.215
Train accuracy: 78.9,91.5,94.1,95.6,96.2,96.5,96.9,97.2,97.5,97.8,97.9,97.9,98.0,97.8,98.1,98.4,98.7,98.6,98.7,98.5,98.7,98.9,98.8,98.9,99.0,98.8,98.9,99.1,98.9,99.1,99.0,99.1,99.0,99.1,99.0,99.2,99.2,99.4,99.3,99.2
Test accuracy: 78.5,91.4,93.6,94.8,95.1,95.5,95.8,95.8,95.9,95.8,96.1,96.0,96.2,95.8,95.9,96.2,96.3,96.3,96.3,96.2,96.1,96.2,96.0,96.2,96.3,95.9,96.1,96.5,96.2,96.4,96.3,96.5,96.3,96.3,96.2,96.5,96.2,96.5,96.4,96.3
Rank: 10,10,10,10,10,10,10,10,10,10,10,10,10,10,10,10,10,10,10,10,10,10,10,10,10,10,10,10,10,10,10,10,10,10,10,10,10,10,10,10
Seed 2/10
Train loss: 0.1924,0.1246,0.0902,0.0715,0.0604,0.0483,0.0517,0.0395,0.032,0.027,0.0303,0.0241,0.0231,0.0213,0.0202,0.0196,0.0157,0.0163,0.0161,0.0163,0.0161,0.0133,0.0133,0.014,0.0105,0.0136,0.0101,0.0091,0.0171,0.0106,0.0111,0.0088,0.012,0.0126,0.0084,0.0078,0.0078,0.0084,0.0087,0.0105
Test loss: 0.2098,0.1577,0.1673,0.1101,0.1076,0.1148,0.1214,0.0954,0.103,0.1166,0.0992,0.091,0.0884,0.1618,0.0976,0.1169,0.099,0.0971,0.13,0.5051,0.1129,0.1015,0.1088,0.0885,0.102,0.1214,0.1132,0.1206,0.1036,0.1096,0.1092,0.1126,0.1221,0.1187,0.1019,0.1002,0.1061,0.1025,0.0995,0.1097
Train accuracy: 95.7,97.1,97.6,98.1,98.3,98.7,98.6,98.9,99.2,99.3,99.3,99.4,99.4,99.5,99.5,99.5,99.6,99.6,99.6,99.6,99.6,99.7,99.6,99.7,99.7,99.7,99.7,99.7,99.6,99.7,99.7,99.8,99.7,99.7,99.8,99.8,99.8,99.8,99.8,99.8
Test accuracy: 96.0,96.7,97.1,97.4,97.4,97.6,97.4,97.5,97.7,97.8,97.7,97.8,97.8,97.8,97.8,97.8,98.0,97.9,98.0,97.8,98.0,97.9,98.0,98.1,97.9,97.9,98.0,98.2,97.8,97.8,97.9,98.0,97.9,98.0,98.2,98.1,98.0,98.0,98.1,98.1
Rank: 10,10,10,10,10,10,10,10,10,10,10,10,10,10,10,10,10,10,10,10,10,10,10,10,10,10,10,10,10,10,10,10,10,10,10,10,10,10,10,10
Seed 3/10
Train loss: 0.4707,0.2654,0.1642,0.0997,0.0913,0.0699,0.0567,0.0434,0.0483,0.0358,0.0287,0.0267,0.025,0.0254,0.0255,0.023,0.0163,0.02,0.0155,0.0141,0.0159,0.0129,0.0185,0.0213,0.0137,0.0138,0.0138,0.0111,0.0126,0.0206,0.0127,0.0087,0.0141,0.0096,0.0074,0.0115,0.0075,0.0072,0.0121,0.0106
Test loss: 0.5836,0.6573,0.2297,0.1362,0.1501,0.109,0.1057,0.1058,0.1003,0.0938,0.0972,0.0896,0.0833,0.1052,0.0869,0.097,0.1048,0.1144,0.0904,0.0935,0.0856,0.097,0.123,0.1081,0.0873,0.0983,0.1469,0.0877,0.1038,0.1644,0.0945,0.0871,0.0941,0.1019,0.0971,0.1044,0.0849,0.0961,0.1068,0.1115
Train accuracy: 95.8,96.8,96.8,98.1,97.8,98.4,98.7,99.1,98.9,99.2,99.4,99.5,99.5,99.5,99.5,99.5,99.7,99.6,99.7,99.8,99.7,99.8,99.6,99.5,99.7,99.7,99.7,99.8,99.7,99.5,99.7,99.8,99.7,99.8,99.9,99.7,99.9,99.8,99.7,99.8
Test accuracy: 95.8,96.4,96.5,97.4,97.0,97.4,97.4,97.9,97.5,97.8,98.2,98.0,97.9,97.8,97.8,98.1,98.2,97.9,98.2,98.0,98.0,98.1,97.8,97.7,98.0,98.0,97.9,98.2,98.0,97.7,98.1,98.1,97.9,98.0,98.1,98.0,98.2,98.0,97.8,98.0
Rank: 10,10,10,10,10,10,10,10,10,10,10,10,10,10,10,10,10,10,10,10,10,10,10,10,10,10,10,10,10,10,10,10,10,10,10,10,10,10,10,10
Seed 4/10
Train loss: 0.4105,0.2075,0.1343,0.1004,0.0761,0.0612,0.0525,0.0428,0.0437,0.0427,0.0335,0.0289,0.0305,0.0258,0.0235,0.0204,0.0198,0.0195,0.0184,0.0171,0.0159,0.0171,0.0158,0.0134,0.0184,0.0114,0.0128,0.0112,0.0141,0.0145,0.0102,0.0098,0.0149,0.0109,0.0103,0.0094,0.0107,0.0114,0.0362,0.0078
Test loss: 0.5542,0.2542,0.2023,0.1643,0.1285,0.1251,0.1378,0.0868,0.0971,0.107,0.0958,0.0951,0.1133,0.0882,0.0953,0.103,0.108,0.0936,0.1004,0.1061,0.1051,0.1007,0.1123,0.0986,0.1084,0.0961,0.0915,0.0926,0.1066,0.1044,0.0914,0.0884,0.1031,0.0974,0.1009,0.097,0.0991,0.1051,0.1894,0.0973
Train accuracy: 94.1,96.7,97.5,98.0,98.3,98.6,98.7,99.0,98.9,98.9,99.1,99.3,99.2,99.3,99.4,99.5,99.5,99.5,99.6,99.5,99.6,99.6,99.6,99.7,99.5,99.7,99.7,99.7,99.7,99.6,99.7,99.8,99.7,99.7,99.7,99.8,99.7,99.7,99.0,99.8
Test accuracy: 94.4,96.2,96.8,97.3,97.2,97.5,97.5,97.8,97.5,97.5,97.8,97.7,97.7,97.8,97.8,98.0,97.8,97.7,98.0,98.1,97.7,98.0,97.9,98.0,97.8,98.1,98.0,98.0,97.8,97.8,98.0,98.1,97.9,98.0,98.0,98.0,98.0,98.0,97.0,98.0
Rank: 10,10,10,10,10,10,10,10,10,10,10,10,10,10,10,10,10,10,10,10,10,10,10,10,10,10,10,10,10,10,10,10,10,10,10,10,10,10,10,10
Seed 5/10
Train loss: 0.4965,0.2878,0.1611,0.1099,0.0972,0.0791,0.0629,0.0558,0.047,0.0499,0.0454,0.0392,0.0376,0.0303,0.0263,0.0433,0.0243,0.0212,0.0249,0.0202,0.0186,0.0189,0.0264,0.0146,0.0179,0.0163,0.0147,0.0132,0.0151,0.0135,0.0166,0.0127,0.014,0.0135,0.0138,0.0109,0.0109,0.0091,0.0211,0.0095
Test loss: 0.5209,0.4046,0.2049,0.1802,0.1637,0.1327,0.1846,0.1332,0.1534,0.1425,0.1202,0.1176,0.2966,0.1156,0.126,0.1493,0.1187,0.113,0.1445,0.1349,0.1268,0.1558,0.1819,0.1031,0.1304,0.1291,0.14,0.2269,0.1198,0.1048,0.1202,0.1089,0.1161,0.1133,0.108,0.1458,0.1107,0.1072,0.1771,0.1147
Train accuracy: 95.5,96.0,96.9,97.8,97.9,98.2,98.7,98.9,99.1,98.9,99.0,99.2,99.2,99.4,99.6,98.9,99.5,99.6,99.5,99.6,99.6,99.6,99.4,99.7,99.6,99.7,99.7,99.7,99.7,99.7,99.6,99.7,99.7,99.7,99.7,99.7,99.8,99.8,99.4,99.8
Test accuracy: 95.5,95.9,96.3,96.9,96.9,97.1,97.1,97.3,97.5,97.2,97.2,97.5,97.3,97.4,97.5,96.9,97.4,97.6,97.7,97.6,97.6,97.7,97.2,97.8,97.5,97.7,97.4,97.7,97.6,97.8,97.5,97.8,97.7,97.8,97.9,97.8,97.7,97.8,97.2,97.7
Rank: 10,10,10,10,10,10,10,10,10,10,10,10,10,10,10,10,10,10,10,10,10,10,10,10,10,10,10,10,10,10,10,10,10,10,10,10,10,10,10,10
Seed 6/10
Train loss: 0.6877,0.2809,0.1923,0.1544,0.1317,0.1082,0.1008,0.0858,0.0804,0.0695,0.059,0.0608,0.0516,0.0511,0.0469,0.0459,0.0404,0.0378,0.0378,0.0385,0.0385,0.036,0.0315,0.028,0.0344,0.0251,0.0231,0.0254,0.0208,0.0236,0.0238,0.0192,0.0187,0.0193,0.0185,0.0165,0.0218,0.023,0.0171,0.0138
Test loss: 0.7672,0.2985,0.3142,0.2512,0.2519,0.1725,0.3147,0.4155,0.3414,0.2601,0.1504,0.2598,0.348,0.1495,0.1657,0.2691,0.1479,0.1985,0.2353,0.143,0.1203,0.149,0.1178,0.1151,0.1341,0.1491,0.125,0.1054,0.1114,0.1195,0.1064,0.1225,0.1284,0.1047,0.0914,0.1002,0.1221,0.1119,0.104,0.1013
Train accuracy: 92.2,94.6,95.7,96.3,96.8,97.3,97.4,97.8,97.9,98.2,98.6,98.4,98.6,98.8,98.8,98.9,98.9,99.1,99.2,99.1,99.2,99.1,99.2,99.3,99.1,99.4,99.5,99.4,99.5,99.4,99.4,99.5,99.6,99.5,99.5,99.6,99.4,99.4,99.6,99.7
Test accuracy: 92.5,94.4,95.2,95.4,95.8,96.1,96.3,96.7,96.4,96.7,96.8,96.7,97.0,97.0,97.2,97.0,97.3,97.3,97.3,97.3,97.5,97.5,97.6,97.7,97.4,97.6,97.8,97.6,97.7,97.6,97.5,97.6,97.8,97.8,97.9,97.8,97.5,97.6,97.9,97.8
Rank: 10,10,10,10,10,10,10,10,10,10,10,10,10,10,10,10,10,10,10,10,10,10,10,10,10,10,10,10,10,10,10,10,10,10,10,10,10,10,10,10
Seed 7/10
Train loss: 0.5647,0.2759,0.1816,0.115,0.0939,0.0742,0.0645,0.0489,0.0446,0.048,0.0382,0.034,0.0389,0.033,0.0272,0.0286,0.026,0.0308,0.0226,0.02,0.0233,0.0224,0.0191,0.0161,0.0299,0.0156,0.0155,0.0147,0.0144,0.0137,0.0134,0.0136,0.0128,0.0144,0.0152,0.014,0.0133,0.0142,0.0133,0.0207
Test loss: 0.6011,0.3331,0.2017,0.2215,0.1403,0.1214,0.1916,0.1088,0.113,0.1108,0.102,0.0971,0.1054,0.1219,0.1046,0.1103,0.0991,0.2449,0.1049,0.0996,0.1021,0.1016,0.1008,0.1014,0.1216,0.1071,0.1021,0.0998,0.1626,0.101,0.0948,0.1065,0.1048,0.1208,0.1048,0.1131,0.1066,0.103,0.1008,0.1164
Train accuracy: 93.5,96.0,95.8,97.5,97.9,98.3,98.3,98.8,98.9,98.6,99.0,99.1,99.0,99.1,99.3,99.2,99.3,99.1,99.4,99.5,99.5,99.5,99.6,99.7,99.1,99.7,99.7,99.7,99.7,99.7,99.7,99.7,99.7,99.7,99.7,99.7,99.7,99.6,99.7,99.4
Test accuracy: 93.3,95.7,95.3,96.5,96.7,97.3,96.9,97.3,97.2,97.0,97.1,97.5,97.2,97.1,97.3,97.2,97.5,97.2,97.5,97.5,97.6,97.5,97.6,97.7,97.1,97.7,97.6,97.5,97.7,97.6,97.7,97.4,97.7,97.7,97.6,97.6,97.5,97.5,97.5,97.2
Rank: 10,10,10,10,10,10,10,10,10,10,10,10,10,10,10,10,10,10,10,10,10,10,10,10,10,10,10,10,10,10,10,10,10,10,10,10,10,10,10,10
Seed 8/10
Train loss: 0.5189,0.1905,0.1185,0.0848,0.0667,0.0516,0.046,0.0358,0.0346,0.0323,0.0304,0.0314,0.0242,0.0233,0.0235,0.0195,0.0291,0.022,0.0178,0.0143,0.0186,0.0242,0.0143,0.0174,0.0198,0.0136,0.011,0.0184,0.0137,0.0124,0.0097,0.0185,0.0129,0.0098,0.0123,0.0112,0.0116,0.0091,0.0108,0.0122
Test loss: 0.5271,0.2165,0.1446,0.1173,0.1166,0.11,0.1104,0.091,0.093,0.0957,0.1103,0.1104,0.0909,0.0979,0.1071,0.1006,0.1148,0.1163,0.0976,0.092,0.1106,0.1437,0.1026,0.0988,0.1129,0.1098,0.1015,0.1073,0.1069,0.1006,0.1029,0.1166,0.1243,0.106,0.1008,0.1034,0.0968,0.1034,0.1026,0.1027
Train accuracy: 92.2,96.3,97.4,98.2,98.5,98.9,99.0,99.2,99.2,99.3,99.3,99.3,99.5,99.5,99.4,99.6,99.2,99.5,99.6,99.7,99.6,99.4,99.7,99.6,99.5,99.7,99.8,99.5,99.7,99.7,99.8,99.5,99.7,99.8,99.7,99.7,99.8,99.8,99.8,99.8
Test accuracy: 92.0,96.3,96.8,97.3,97.7,97.5,97.6,97.8,97.8,97.8,97.8,97.5,97.7,97.7,97.7,97.8,97.3,97.5,97.8,97.9,97.7,97.4,97.8,97.8,97.6,98.0,98.0,97.7,97.8,97.8,98.0,97.6,97.7,97.8,98.0,97.7,97.8,97.9,98.0,98.0
Rank: 10,10,10,10,10,10,10,10,10,10,10,10,10,10,10,10,10,10,10,10,10,10,10,10,10,10,10,10,10,10,10,10,10,10,10,10,10,10,10,10
Seed 9/10
Train loss: 0.387,0.2318,0.1533,0.1169,0.0947,0.0927,0.0652,0.0593,0.0547,0.0497,0.0436,0.0387,0.0385,0.0347,0.0295,0.0269,0.0285,0.0277,0.0252,0.0254,0.025,0.0209,0.0196,0.0184,0.0184,0.018,0.0172,0.0199,0.015,0.0155,0.0227,0.0138,0.0154,0.0147,0.0144,0.0187,0.0117,0.0116,0.0102,0.0184
Test loss: 0.5137,0.2781,0.218,0.1621,0.22,0.2114,0.1852,0.1553,0.153,0.1689,0.1526,0.1178,0.1999,0.1453,0.1495,0.2095,0.1132,0.1405,0.1122,0.1219,0.2364,0.1412,0.1522,0.1448,0.124,0.1832,0.1351,0.138,0.1367,0.1233,0.1385,0.155,0.1416,0.1773,0.2187,0.1325,0.1654,0.2814,0.1536,0.1948
Train accuracy: 91.7,94.8,96.8,97.4,98.1,97.9,98.5,98.6,98.8,98.8,98.9,99.2,99.2,99.2,99.3,99.4,99.3,99.4,99.4,99.4,99.4,99.5,99.6,99.6,99.6,99.6,99.6,99.5,99.7,99.6,99.4,99.7,99.7,99.7,99.7,99.6,99.8,99.8,99.8,99.7
Test accuracy: 92.7,95.0,96.2,96.9,97.2,96.8,97.3,97.3,97.3,97.3,97.4,97.7,97.6,97.6,97.6,97.6,97.4,97.4,97.5,97.7,97.5,97.8,97.8,97.8,97.8,98.0,97.8,97.5,97.9,97.8,97.6,97.8,97.7,97.7,97.8,97.5,98.0,97.9,97.9,97.8
Rank: 10,10,10,10,10,10,10,10,10,10,10,10,10,10,10,10,10,10,10,10,10,10,10,10,10,10,10,10,10,10,10,10,10,10,10,10,10,10,10,10
Seed 10/10
Train loss: 0.2225,0.1538,0.1015,0.0722,0.06,0.0472,0.0393,0.0361,0.0309,0.0266,0.0226,0.0208,0.0236,0.0203,0.0155,0.0158,0.016,0.0115,0.0135,0.0118,0.0082,0.0101,0.0097,0.0092,0.0077,0.0103,0.0074,0.0064,0.0081,0.006,0.0071,0.005,0.0048,0.0079,0.0057,0.0055,0.0052,0.0153,0.0047,0.0044
Test loss: 0.3451,0.197,0.3094,0.2333,0.2661,0.4066,0.2621,0.3322,0.089,0.1731,0.0943,0.1493,0.0916,0.2946,0.0909,0.1719,0.0799,0.077,0.0916,0.0969,0.0796,0.1021,0.0969,0.095,0.0819,0.0793,0.0807,0.1255,0.1218,0.0946,0.1148,0.1141,0.0882,0.1108,0.1287,0.0912,0.1066,0.0956,0.0876,0.0759
Train accuracy: 95.4,96.3,97.5,98.1,98.5,98.7,98.9,99.0,99.2,99.2,99.4,99.5,99.5,99.6,99.7,99.7,99.7,99.8,99.7,99.8,99.8,99.8,99.8,99.8,99.8,99.8,99.8,99.9,99.8,99.9,99.9,99.9,99.9,99.8,99.9,99.9,99.9,99.6,99.9,99.9
Test accuracy: 95.5,96.2,97.1,97.3,97.6,97.6,98.0,97.9,98.1,98.0,98.1,98.0,98.1,98.1,98.2,98.1,98.3,98.4,98.0,98.3,98.3,98.3,98.4,98.4,98.3,98.3,98.3,98.2,98.2,98.4,98.3,98.3,98.3,98.2,98.3,98.2,98.2,97.8,98.4,98.4
Rank: 10,10,10,10,10,10,10,10,10,10,10,10,10,10,10,10,10,10,10,10,10,10,10,10,10,10,10,10,10,10,10,10,10,10,10,10,10,10,10,10
