Seed 1/10
Train loss: 0.3238,0.1473,0.0986,0.0768,0.0617,0.0502,0.0583,0.0318,0.0279,0.021,0.0224,0.0186,0.0147,0.0157,0.0186,0.0166,0.0116,0.0117,0.0119,0.0127,0.0095,0.0098,0.0085,0.0077,0.0082,0.01,0.0106,0.0121,0.0136,0.0076,0.0087,0.0048,0.0115,0.0046,0.0069,0.0096,0.0145,0.0057,0.0043,0.0045
Test loss: 0.3237,0.1649,0.1218,0.1047,0.1058,0.1,0.1071,0.0955,0.0956,0.0968,0.0972,0.1004,0.1037,0.1066,0.1187,0.1072,0.1018,0.1022,0.1048,0.117,0.1127,0.1257,0.1203,0.1122,0.1129,0.1249,0.1288,0.1253,0.1407,0.1118,0.1274,0.1175,0.1341,0.1302,0.1395,0.1341,0.1607,0.1373,0.1388,0.1368
Train accuracy: 93.8,95.9,97.2,97.8,98.3,98.6,98.1,99.1,99.1,99.4,99.3,99.5,99.5,99.5,99.4,99.5,99.6,99.6,99.7,99.6,99.7,99.7,99.8,99.8,99.7,99.7,99.7,99.6,99.6,99.8,99.7,99.9,99.6,99.9,99.8,99.7,99.6,99.8,99.9,99.9
Test accuracy: 93.8,95.4,96.5,96.8,97.0,97.2,96.8,97.6,97.7,97.7,97.6,97.8,97.8,97.7,97.6,97.7,97.9,97.7,97.9,97.9,97.8,97.7,98.0,97.8,97.8,97.7,97.7,97.4,97.5,97.8,97.6,97.9,97.6,97.9,97.6,97.5,97.4,97.7,97.9,97.8
Rank: 10,10,10,10,10,10,10,10,10,10,10,10,10,10,10,10,10,10,10,10,10,10,10,10,10,10,10,10,10,10,10,10,10,10,10,10,10,10,10,10
Seed 2/10
Train loss: 0.535,0.3097,0.2194,0.1365,0.1133,0.071,0.0483,0.0465,0.031,0.0285,0.021,0.0244,0.0162,0.0132,0.0234,0.0132,0.0116,0.0159,0.0086,0.0131,0.0069,0.017,0.006,0.0064,0.0072,0.0078,0.0156,0.0099,0.009,0.0072,0.0079,0.0065,0.0052,0.0069,0.0075,0.002,0.0181,0.0033,0.0033,0.0047
Test loss: 0.5397,0.3171,0.2385,0.1598,0.1459,0.1103,0.086,0.1019,0.0924,0.1035,0.0937,0.1018,0.096,0.0938,0.1266,0.1061,0.1009,0.1209,0.1024,0.1164,0.1074,0.1301,0.1219,0.108,0.1344,0.1235,0.1453,0.1103,0.1252,0.1277,0.13,0.1129,0.1113,0.1391,0.134,0.1272,0.1395,0.1256,0.1251,0.1266
Train accuracy: 81.9,86.1,93.8,96.5,97.0,97.9,98.8,98.6,99.1,99.1,99.4,99.2,99.5,99.6,99.2,99.6,99.7,99.5,99.8,99.6,99.8,99.5,99.8,99.8,99.8,99.8,99.5,99.7,99.7,99.8,99.8,99.8,99.9,99.8,99.8,100.0,99.4,99.9,99.9,99.9
Test accuracy: 81.5,85.8,93.4,95.8,96.3,97.0,97.5,97.1,97.5,97.5,97.7,97.5,97.6,97.8,97.4,97.6,97.7,97.6,97.8,97.8,97.9,97.5,97.7,98.1,97.7,98.0,97.5,98.0,97.7,97.7,97.7,98.0,98.0,97.8,97.8,98.0,97.4,98.0,98.0,97.9
Rank: 10,10,10,10,10,10,10,10,10,10,10,10,10,10,10,10,10,10,10,10,10,10,10,10,10,10,10,10,10,10,10,10,10,10,10,10,10,10,10,10
Seed 3/10
Train loss: 0.1297,0.0958,0.0605,0.0606,0.0397,0.0368,0.0373,0.021,0.0235,0.0179,0.0148,0.0138,0.0125,0.0094,0.0097,0.0072,0.0093,0.0077,0.0037,0.0065,0.0095,0.0051,0.005,0.0047,0.0029,0.0071,0.0084,0.0079,0.0045,0.0022,0.0032,0.0084,0.0046,0.0061,0.0027,0.0049,0.0024,0.0031,0.0019,0.0016
Test loss: 0.1342,0.1088,0.0834,0.0986,0.0779,0.0795,0.0818,0.0694,0.0731,0.0788,0.0722,0.0807,0.0877,0.0913,0.082,0.0869,0.0962,0.085,0.0926,0.0967,0.0951,0.0818,0.0911,0.0975,0.0914,0.1097,0.1024,0.1087,0.0926,0.0938,0.1024,0.0943,0.1118,0.127,0.1039,0.1185,0.0989,0.1096,0.1123,0.1013
Train accuracy: 96.3,97.3,98.3,98.2,98.9,99.0,98.9,99.4,99.3,99.4,99.6,99.6,99.6,99.7,99.7,99.8,99.7,99.8,99.9,99.8,99.7,99.8,99.8,99.8,99.9,99.8,99.7,99.8,99.9,99.9,99.9,99.7,99.8,99.8,99.9,99.9,99.9,99.9,99.9,99.9
Test accuracy: 96.1,96.9,97.5,97.3,97.9,97.8,97.8,98.2,98.0,98.1,98.2,98.0,98.0,98.1,98.2,98.2,98.0,98.1,98.3,98.2,98.2,98.3,98.2,98.2,98.4,98.1,97.9,98.1,98.2,98.4,98.4,98.0,98.0,98.1,98.3,98.3,98.5,98.3,98.2,98.3
Rank: 10,10,10,10,10,10,10,10,10,10,10,10,10,10,10,10,10,10,10,10,10,10,10,10,10,10,10,10,10,10,10,10,10,10,10,10,10,10,10,10
Seed 4/10
Train loss: 2.3024,2.3013,2.3012,2.3012,2.3012,2.3012,2.3012,2.3012,2.3012,2.3012,2.3012,2.3012,2.3012,2.3012,2.3012,2.3012,2.3012,2.3012,2.3012,2.3012,2.3012,2.3012,2.3012,2.3012,2.3012,2.3012,2.3012,2.3012,2.3012,2.3012,2.3012,2.3012,2.3012,2.3012,2.3012,2.3012,2.3012,2.3012,2.3012,2.3012
Test loss: 2.3025,2.3012,2.3011,2.3011,2.301,2.301,2.301,2.3011,2.3011,2.301,2.301,2.301,2.3011,2.301,2.301,2.301,2.301,2.301,2.3011,2.3011,2.3011,2.3011,2.301,2.301,2.3011,2.301,2.3011,2.301,2.3011,2.3011,2.3011,2.301,2.301,2.301,2.301,2.301,2.3011,2.3011,2.3011,2.301
Train accuracy: 10.4,11.2,11.2,11.2,11.2,11.2,11.2,11.2,11.2,11.2,11.2,11.2,11.2,11.2,11.2,11.2,11.2,11.2,11.2,11.2,11.2,11.2,11.2,11.2,11.2,11.2,11.2,11.2,11.2,11.2,11.2,11.2,11.2,11.2,11.2,11.2,11.2,11.2,11.2,11.2
Test accuracy: 10.3,11.3,11.3,11.3,11.3,11.3,11.3,11.3,11.3,11.3,11.3,11.3,11.3,11.3,11.3,11.3,11.3,11.3,11.3,11.3,11.3,11.3,11.3,11.3,11.3,11.3,11.3,11.3,11.3,11.3,11.3,11.3,11.3,11.3,11.3,11.3,11.3,11.3,11.3,11.3
Rank: 1,1,1,1,1,1,1,1,1,1,1,1,1,1,1,1,1,1,1,1,1,1,1,1,1,1,1,1,1,1,1,1,1,1,1,1,1,1,1,1
Seed 5/10
Train loss: 1.1468,1.0362,0.9696,0.243,0.156,0.1197,0.102,0.0814,0.0706,0.0674,0.0574,0.0571,0.0431,0.0364,0.034,0.0331,0.0278,0.0284,0.0273,0.0344,0.0229,0.023,0.0156,0.0194,0.0159,0.0231,0.0153,0.0172,0.0167,0.0155,0.0122,0.0135,0.0131,0.0381,0.0147,0.0105,0.0133,0.0111,0.0095,0.0129
Test loss: 1.1594,1.0526,0.9957,0.2658,0.1855,0.1662,0.1578,0.1367,0.1324,0.1366,0.1336,0.1458,0.1366,0.1336,0.147,0.1332,0.1413,0.1455,0.1486,0.1653,0.1467,0.1713,0.1467,0.1641,0.1684,0.1788,0.1607,0.1652,0.1688,0.1727,0.1766,0.165,0.1742,0.2227,0.1809,0.1759,0.1829,0.1764,0.1638,0.1752
Train accuracy: 50.4,55.7,61.6,94.3,95.9,96.8,97.1,97.8,98.1,98.2,98.4,98.4,98.8,99.0,99.0,99.1,99.3,99.2,99.2,98.9,99.4,99.3,99.6,99.4,99.5,99.3,99.6,99.5,99.5,99.6,99.7,99.6,99.6,98.8,99.6,99.7,99.6,99.7,99.8,99.6
Test accuracy: 49.7,55.5,60.9,93.7,95.1,95.4,95.9,96.3,96.5,96.3,96.5,96.3,96.6,96.6,96.5,96.7,96.5,96.5,96.5,96.1,96.5,96.3,96.8,96.6,96.5,96.3,96.7,96.5,96.3,96.4,96.5,96.6,96.6,95.8,96.2,96.4,96.5,96.5,96.6,96.5
Rank: 9,10,10,10,10,10,10,10,10,10,10,10,10,10,10,10,10,10,10,10,10,10,10,10,10,10,10,10,10,10,10,10,10,10,10,10,10,10,10,10
Seed 6/10
Train loss: 0.3691,0.2657,0.177,0.1357,0.1385,0.099,0.0929,0.0788,0.0761,0.0721,0.0579,0.0497,0.0513,0.0468,0.0416,0.0384,0.0331,0.0422,0.0337,0.0263,0.0262,0.0234,0.0282,0.0267,0.0217,0.0171,0.0307,0.0273,0.0192,0.0149,0.0215,0.0212,0.025,0.0238,0.0197,0.0111,0.0182,0.0119,0.0139,0.0127
Test loss: 0.3717,0.2589,0.1939,0.1594,0.1686,0.1424,0.1296,0.1275,0.129,0.1321,0.1217,0.118,0.1357,0.1445,0.1364,0.1389,0.1271,0.1501,0.1431,0.1386,0.138,0.151,0.1427,0.1514,0.1633,0.1349,0.1724,0.166,0.166,0.1459,0.1572,0.1455,0.1604,0.1775,0.1645,0.1503,0.1656,0.1666,0.169,0.1673
Train accuracy: 90.9,93.0,95.1,96.3,96.2,97.2,97.4,97.8,97.6,97.8,98.3,98.6,98.5,98.6,98.8,98.8,99.1,98.6,99.0,99.2,99.2,99.3,99.1,99.2,99.4,99.5,99.1,99.2,99.4,99.6,99.3,99.4,99.3,99.3,99.4,99.7,99.5,99.7,99.6,99.7
Test accuracy: 90.6,93.0,94.7,95.6,95.7,96.1,96.3,96.7,96.6,96.4,96.7,96.9,96.7,96.5,96.7,96.7,96.8,96.4,96.6,96.9,97.0,96.8,96.7,96.8,96.7,97.1,96.6,96.8,96.8,97.0,97.0,97.0,96.7,96.7,96.9,97.2,96.8,96.9,97.0,97.1
Rank: 10,10,10,10,10,10,10,10,10,10,10,10,10,10,10,10,10,10,10,10,10,10,10,10,10,10,10,10,10,10,10,10,10,10,10,10,10,10,10,10
Seed 7/10
Train loss: 0.1413,0.0978,0.0892,0.0557,0.0377,0.0466,0.0373,0.0223,0.0214,0.0177,0.0184,0.0142,0.0139,0.012,0.0149,0.0107,0.0127,0.0052,0.0066,0.0043,0.0046,0.007,0.0094,0.0052,0.0121,0.0038,0.0038,0.0076,0.0033,0.0035,0.007,0.0058,0.0055,0.0021,0.0034,0.0156,0.0067,0.0036,0.0085,0.0081
Test loss: 0.145,0.1129,0.1049,0.0892,0.0729,0.0886,0.0857,0.068,0.0774,0.0832,0.094,0.0761,0.0863,0.0902,0.0896,0.0959,0.1007,0.0808,0.0896,0.0902,0.0887,0.0959,0.1049,0.1115,0.1185,0.1108,0.109,0.1101,0.1099,0.0941,0.1122,0.1222,0.1146,0.1034,0.1035,0.1143,0.114,0.0955,0.1193,0.1083
Train accuracy: 95.9,97.2,97.4,98.4,98.9,98.6,98.8,99.4,99.3,99.5,99.4,99.6,99.6,99.6,99.5,99.7,99.6,99.8,99.8,99.9,99.9,99.8,99.7,99.8,99.6,99.9,99.9,99.8,99.9,99.9,99.8,99.8,99.8,99.9,99.9,99.6,99.8,99.9,99.8,99.8
Test accuracy: 95.6,96.7,96.9,97.4,97.9,97.4,97.7,98.2,98.1,97.8,97.7,98.2,98.1,98.0,98.0,97.9,97.9,98.3,98.1,98.1,98.3,98.1,97.9,98.0,97.8,98.1,98.2,98.0,98.2,98.3,98.2,98.1,98.0,98.3,98.2,97.9,98.2,98.3,98.2,98.1
Rank: 10,10,10,10,10,10,10,10,10,10,10,10,10,10,10,10,10,10,10,10,10,10,10,10,10,10,10,10,10,10,10,10,10,10,10,10,10,10,10,10
Seed 8/10
Train loss: 0.4219,0.2381,0.159,0.0743,0.0551,0.0348,0.0232,0.0214,0.0215,0.013,0.0134,0.0121,0.0106,0.0105,0.0125,0.0068,0.0133,0.0101,0.0056,0.0084,0.0071,0.0065,0.0047,0.009,0.0064,0.0065,0.0061,0.0036,0.0075,0.0136,0.0031,0.0211,0.0031,0.0037,0.0037,0.0042,0.003,0.0035,0.0027,0.0061
Test loss: 0.4176,0.2474,0.1926,0.0974,0.0796,0.0719,0.0545,0.0638,0.0657,0.0582,0.0524,0.0681,0.0724,0.064,0.0718,0.0555,0.0841,0.0766,0.0818,0.0811,0.0838,0.0768,0.0751,0.0902,0.0745,0.0883,0.0881,0.0833,0.1007,0.1012,0.0945,0.1079,0.0922,0.0886,0.095,0.0845,0.0878,0.0907,0.0875,0.0926
Train accuracy: 91.1,94.3,95.9,97.9,98.4,99.0,99.4,99.3,99.3,99.6,99.6,99.6,99.7,99.7,99.6,99.8,99.5,99.7,99.8,99.7,99.8,99.8,99.9,99.7,99.8,99.8,99.8,99.9,99.8,99.6,99.9,99.4,99.9,99.9,99.9,99.9,99.9,99.9,99.9,99.8
Test accuracy: 90.9,94.1,95.1,97.2,97.5,97.8,98.5,98.2,98.1,98.3,98.6,98.4,98.2,98.4,98.1,98.5,98.1,98.3,98.3,98.4,98.3,98.2,98.4,98.2,98.4,98.3,98.2,98.5,98.3,98.0,98.3,97.9,98.5,98.5,98.4,98.3,98.4,98.4,98.5,98.3
Rank: 10,10,10,10,10,10,10,10,10,10,10,10,10,10,10,10,10,10,10,10,10,10,10,10,10,10,10,10,10,10,10,10,10,10,10,10,10,10,10,10
Seed 9/10
Train loss: 0.7066,0.2474,0.1584,0.1244,0.109,0.0901,0.076,0.0752,0.0637,0.0663,0.0558,0.0506,0.0562,0.0434,0.0475,0.0359,0.0334,0.0338,0.0399,0.0288,0.0319,0.0297,0.0254,0.0276,0.0459,0.0252,0.0228,0.0188,0.023,0.0232,0.023,0.0149,0.0189,0.0193,0.0233,0.0167,0.0199,0.0235,0.0306,0.0136
Test loss: 0.7043,0.2621,0.176,0.1528,0.1371,0.1255,0.1138,0.1306,0.1205,0.1281,0.1118,0.1169,0.1303,0.1191,0.1404,0.1183,0.1185,0.1255,0.1283,0.1218,0.1309,0.1325,0.1355,0.1263,0.1614,0.138,0.135,0.1311,0.1377,0.1448,0.1397,0.1419,0.1396,0.1556,0.1577,0.1401,0.1454,0.1635,0.1697,0.139
Train accuracy: 76.1,94.6,96.0,96.7,97.0,97.6,98.0,97.8,98.3,98.1,98.4,98.5,98.4,98.7,98.6,99.0,99.1,99.0,98.9,99.2,99.1,99.2,99.3,99.1,98.6,99.3,99.4,99.5,99.3,99.4,99.3,99.6,99.5,99.5,99.4,99.6,99.4,99.3,99.1,99.7
Test accuracy: 75.8,94.2,95.6,96.0,96.3,96.4,97.0,96.5,96.9,96.5,97.0,96.8,96.6,96.9,96.5,97.1,97.2,97.0,96.8,96.9,96.9,97.1,97.0,97.2,96.5,97.0,97.1,97.3,97.2,96.9,97.0,97.2,97.2,97.0,96.9,97.2,97.0,96.8,96.7,97.3
Rank: 10,10,10,10,10,10,10,10,10,10,10,10,10,10,10,10,10,10,10,10,10,10,10,10,10,10,10,10,10,10,10,10,10,10,10,10,10,10,10,10
Seed 10/10
Train loss: 0.23,0.1715,0.089,0.0683,0.0668,0.0487,0.0364,0.033,0.0363,0.0232,0.0193,0.0176,0.0163,0.0238,0.0245,0.0141,0.0273,0.0095,0.0073,0.0104,0.01,0.0165,0.0108,0.0084,0.0123,0.0079,0.0189,0.0076,0.009,0.0056,0.006,0.0061,0.0087,0.0043,0.0028,0.0056,0.0091,0.0053,0.0021,0.005
Test loss: 0.2239,0.1647,0.1102,0.0933,0.0974,0.0846,0.0701,0.0772,0.0886,0.0756,0.0703,0.0744,0.0726,0.0873,0.0923,0.0979,0.1108,0.0984,0.089,0.0919,0.0921,0.1093,0.1011,0.1069,0.0973,0.1088,0.1148,0.0992,0.1009,0.1009,0.1083,0.1077,0.1145,0.0885,0.1097,0.095,0.1137,0.1153,0.104,0.106
Train accuracy: 93.2,94.8,97.3,97.9,98.0,98.5,99.0,99.0,98.9,99.3,99.5,99.5,99.5,99.2,99.2,99.6,99.1,99.7,99.8,99.7,99.7,99.5,99.7,99.7,99.6,99.7,99.4,99.8,99.7,99.8,99.8,99.8,99.7,99.9,99.9,99.8,99.7,99.8,99.9,99.8
Test accuracy: 93.5,95.2,96.7,97.1,97.3,97.3,98.0,97.9,97.6,98.0,98.1,98.1,98.2,97.9,97.6,97.9,97.7,97.9,98.2,97.9,98.1,97.7,98.0,98.0,97.9,98.0,97.7,98.1,98.1,98.2,97.9,98.1,97.9,98.3,98.2,98.0,97.9,97.9,98.2,98.1
Rank: 10,10,10,10,10,10,10,10,10,10,10,10,10,10,10,10,10,10,10,10,10,10,10,10,10,10,10,10,10,10,10,10,10,10,10,10,10,10,10,10
