Seed 1/10
Train loss: 2.3106,2.3013,2.3012,2.3012,2.3012,2.3012,2.3012,2.3012,2.3012,2.3012,2.3012,2.3012,2.3012,2.3012,2.3012,2.3012,2.3012,2.3012,2.3012,2.3012,2.3012,2.3012,2.3012,2.3012,2.3012,2.3012,2.3012,2.3012,2.3012,2.3012,2.3012,2.3012,2.3012,2.3012,2.3012,2.3012,2.3012,2.3012,2.3012,2.3012
Test loss: 2.3112,2.3013,2.3011,2.3011,2.3011,2.3011,2.3011,2.3011,2.3011,2.3011,2.3011,2.3011,2.3011,2.3011,2.3011,2.3011,2.3011,2.3011,2.3011,2.3011,2.3011,2.3011,2.3011,2.3011,2.3011,2.3011,2.3011,2.3011,2.3011,2.3011,2.3011,2.3011,2.3011,2.3011,2.3011,2.3011,2.3011,2.3011,2.3011,2.3011
Train accuracy: 10.4,11.2,11.2,11.2,11.2,11.2,11.2,11.2,11.2,11.2,11.2,11.2,11.2,11.2,11.2,11.2,11.2,11.2,11.2,11.2,11.2,11.2,11.2,11.2,11.2,11.2,11.2,11.2,11.2,11.2,11.2,11.2,11.2,11.2,11.2,11.2,11.2,11.2,11.2,11.2
Test accuracy: 10.3,11.3,11.3,11.3,11.3,11.3,11.3,11.3,11.3,11.3,11.3,11.3,11.3,11.3,11.3,11.3,11.3,11.3,11.3,11.3,11.3,11.3,11.3,11.3,11.3,11.3,11.3,11.3,11.3,11.3,11.3,11.3,11.3,11.3,11.3,11.3,11.3,11.3,11.3,11.3
Rank: 1,1,1,1,1,1,1,1,1,1,1,1,1,1,1,1,1,1,1,1,1,1,1,1,1,1,1,1,1,1,1,1,1,1,1,1,1,1,1,1
Seed 2/10
Train loss: 1.7779,1.6403,1.5751,1.5336,1.503,1.4748,1.4571,1.4482,1.426,1.4132,1.4072,1.3949,1.3861,1.3844,1.3742,1.3594,1.3569,1.3467,1.3421,1.3402,1.3328,1.3245,1.3305,1.3141,1.3363,1.3091,1.308,1.3069,1.3152,1.2941,1.2938,1.2881,1.2836,1.2872,1.2852,1.2788,1.2743,1.2766,1.2835,1.2688
Test loss: 1.7832,1.6533,1.5922,1.5578,1.5307,1.507,1.4911,1.4912,1.4731,1.4647,1.4614,1.4586,1.4462,1.4603,1.4471,1.442,1.4517,1.4262,1.4397,1.4497,1.4465,1.4501,1.4517,1.4339,1.4318,1.4575,1.466,1.4543,1.5012,1.4429,1.4399,1.456,1.467,1.4775,1.4615,1.4338,1.4585,1.4798,1.4974,1.4587
Train accuracy: 29.4,32.1,34.5,35.2,36.5,37.5,37.7,38.2,38.9,39.2,39.5,40.7,41.0,43.1,41.7,43.1,43.8,44.2,44.1,45.1,44.6,45.2,44.0,45.5,43.9,46.0,45.6,45.5,45.6,45.9,45.9,46.0,46.2,46.3,45.9,46.1,46.3,46.4,46.1,46.4
Test accuracy: 28.7,31.0,33.5,34.1,35.6,36.9,37.0,37.4,38.1,38.4,38.7,39.6,40.2,42.0,40.5,42.0,42.2,42.9,42.9,43.6,43.2,43.9,42.3,44.1,42.6,44.3,43.9,43.9,44.1,44.1,44.0,44.4,44.6,44.7,44.2,44.6,44.6,44.7,44.4,44.5
Rank: 7,6,6,7,7,7,7,7,7,7,7,7,7,7,7,7,7,7,7,7,7,7,7,7,7,7,7,7,7,7,7,7,7,7,7,7,7,7,7,7
Seed 3/10
Train loss: 1.8924,1.8132,1.774,1.7489,1.7286,1.7158,1.7042,1.6957,1.6905,1.6819,1.6785,1.6753,1.6706,1.6668,1.666,1.6682,1.6617,1.662,1.6581,1.6582,1.6565,1.6535,1.652,1.6518,1.6559,1.6488,1.6484,1.6465,1.6471,1.6459,1.6413,1.6414,1.6636,1.6389,1.5919,1.516,1.4867,1.4714,1.4588,1.4502
Test loss: 1.8947,1.8174,1.7796,1.7505,1.7396,1.7292,1.7238,1.7263,1.712,1.7161,1.7114,1.7052,1.7076,1.7153,1.7231,1.7241,1.7106,1.7228,1.7225,1.7106,1.7285,1.7154,1.7007,1.7156,1.7261,1.705,1.7235,1.7087,1.7114,1.7172,1.706,1.7045,1.769,1.6956,1.632,1.5625,1.532,1.534,1.5237,1.5176
Train accuracy: 20.3,29.2,30.6,30.6,30.9,30.9,31.0,31.2,31.1,31.3,31.2,31.2,31.3,31.4,31.4,31.4,31.4,31.5,31.5,31.5,31.6,31.6,31.6,31.6,31.7,31.8,31.7,31.8,31.8,31.8,31.9,32.0,32.1,32.3,34.7,38.0,38.8,38.9,39.3,39.6
Test accuracy: 19.7,28.9,30.4,30.6,30.8,30.7,30.8,30.9,30.8,31.0,30.9,31.0,30.9,31.1,31.0,31.0,31.0,31.2,31.1,31.1,31.2,31.1,31.2,31.2,31.2,31.2,31.2,31.3,31.1,31.2,31.5,31.5,31.6,31.9,34.6,37.7,38.2,38.1,38.5,38.7
Rank: 5,5,5,5,5,5,5,5,5,5,5,5,5,5,5,5,5,5,5,5,5,5,6,6,6,6,6,6,6,6,6,6,6,6,7,7,7,7,7,7
Seed 4/10
Train loss: 1.8186,1.694,1.6209,1.5748,1.5397,1.5111,1.4856,1.4643,1.4482,1.4405,1.4335,1.4238,1.4133,1.4013,1.4074,1.3862,1.3747,1.3706,1.3588,1.3664,1.351,1.3322,1.3256,1.3175,1.319,1.3465,1.3028,1.3078,1.3017,1.2851,1.3009,1.2689,1.2833,1.2641,1.2775,1.2582,1.2637,1.2546,1.2728,1.2718
Test loss: 1.8179,1.7074,1.6448,1.6076,1.5825,1.5617,1.5484,1.5382,1.5343,1.5303,1.5319,1.5375,1.5366,1.5342,1.5605,1.5467,1.5478,1.5566,1.5561,1.5781,1.5863,1.5603,1.5684,1.5834,1.612,1.6737,1.6102,1.6208,1.6487,1.6056,1.6843,1.6569,1.6761,1.6697,1.7048,1.6675,1.7123,1.679,1.736,1.7623
Train accuracy: 19.1,29.3,33.4,37.3,38.7,40.3,41.1,41.7,42.9,42.4,42.8,43.6,43.4,44.0,43.2,43.4,42.9,43.3,43.5,43.8,43.9,45.1,45.9,45.0,45.5,45.2,45.8,44.8,45.7,45.5,45.7,47.1,46.0,46.7,45.9,47.3,46.8,46.9,47.3,46.7
Test accuracy: 19.2,29.6,33.4,36.2,37.6,38.9,40.1,40.8,41.9,41.7,42.0,42.7,42.1,42.8,41.7,41.7,41.7,42.1,41.7,41.8,41.8,43.5,44.0,43.3,43.7,42.9,43.6,42.3,43.0,43.1,43.4,44.6,43.9,44.4,43.7,44.9,44.2,44.5,45.0,43.8
Rank: 7,7,7,7,8,8,8,8,8,8,8,8,8,8,8,8,8,8,8,8,8,8,8,8,8,8,8,8,8,8,8,8,8,8,8,8,8,8,8,8
Seed 5/10
Train loss: 1.8003,1.6934,1.6314,1.5895,1.5607,1.5418,1.5209,1.5048,1.4895,1.4773,1.4629,1.4538,1.4498,1.4436,1.4334,1.4314,1.4159,1.4025,1.3974,1.398,1.3944,1.3797,1.3823,1.3876,1.3811,1.3693,1.3577,1.3875,1.3475,1.3754,1.3422,1.3806,1.3546,1.3466,1.339,1.3515,1.3319,1.3285,1.3362,1.3322
Test loss: 1.7914,1.6859,1.6317,1.5983,1.5774,1.5655,1.5494,1.5422,1.5318,1.5308,1.5287,1.5319,1.5374,1.5438,1.5401,1.555,1.5456,1.5353,1.5484,1.5581,1.571,1.5545,1.5615,1.5964,1.6009,1.5824,1.5759,1.6338,1.563,1.6386,1.5961,1.6716,1.6427,1.6449,1.6435,1.6716,1.6121,1.6301,1.6521,1.6625
Train accuracy: 27.7,31.9,34.7,36.7,38.6,39.2,40.3,41.2,41.7,41.8,42.2,42.1,42.7,42.7,42.8,43.2,43.1,43.8,44.2,43.6,44.0,44.4,44.3,44.3,44.8,44.4,45.2,44.3,45.3,45.2,45.3,45.2,45.8,45.9,46.0,45.6,45.9,46.0,45.6,46.2
Test accuracy: 28.2,32.0,34.6,36.7,38.5,38.8,39.9,41.0,41.3,41.1,41.5,41.1,41.7,41.7,41.7,42.0,41.6,42.5,42.8,42.2,42.6,43.1,42.7,42.7,43.3,43.1,43.4,42.8,43.4,43.6,43.9,43.5,44.0,43.7,44.1,43.8,44.0,43.8,43.7,44.1
Rank: 7,7,7,7,7,7,7,7,7,7,7,7,7,7,7,7,7,7,7,7,7,7,7,7,7,7,7,7,7,7,7,7,7,7,7,7,7,7,7,7
Seed 6/10
Train loss: 1.7546,1.643,1.5827,1.5505,1.5052,1.4775,1.4566,1.4354,1.4218,1.4025,1.3943,1.3806,1.3747,1.3722,1.3645,1.3466,1.3538,1.3274,1.3207,1.3246,1.3462,1.3165,1.3072,1.2929,1.2953,1.2935,1.2932,1.2955,1.2792,1.283,1.277,1.2772,1.2779,1.2798,1.2617,1.2639,1.2636,1.2747,1.2554,1.2615
Test loss: 1.7459,1.6438,1.5913,1.5742,1.5362,1.5137,1.4994,1.491,1.4929,1.4791,1.4784,1.4744,1.4664,1.4787,1.4634,1.4761,1.5075,1.4645,1.476,1.484,1.481,1.4831,1.4982,1.4659,1.5101,1.517,1.4845,1.5235,1.5279,1.5324,1.5447,1.5522,1.4941,1.5019,1.5565,1.5458,1.5526,1.5989,1.5575,1.5797
Train accuracy: 31.6,29.5,34.1,35.1,39.8,42.0,43.6,44.3,43.2,44.2,43.1,44.2,44.1,44.1,44.9,45.4,44.4,45.8,46.0,46.2,44.4,45.5,46.6,46.7,46.5,46.6,46.2,46.3,47.2,46.9,47.0,47.0,46.4,46.1,47.1,47.4,47.3,47.0,47.1,47.3
Test accuracy: 31.4,29.2,33.1,33.4,39.0,41.4,43.1,43.7,42.1,43.5,42.1,43.3,43.2,43.3,44.0,44.6,43.6,45.0,45.1,45.1,43.7,44.6,45.6,45.5,45.1,45.3,44.9,45.0,45.8,45.2,45.5,45.1,45.1,44.6,45.5,45.9,45.8,45.0,45.3,45.6
Rank: 6,7,6,7,7,7,7,7,6,6,6,6,6,6,6,6,6,6,6,7,6,7,6,6,6,6,7,7,6,6,7,7,6,6,7,7,7,7,7,7
Seed 7/10
Train loss: 1.795,1.6568,1.5969,1.5565,1.5253,1.5,1.4804,1.4579,1.4497,1.4351,1.4286,1.4232,1.4157,1.3991,1.4038,1.3956,1.3864,1.373,1.3736,1.3599,1.3746,1.3637,1.3595,1.3601,1.3532,1.3368,1.3464,1.3284,1.3348,1.3301,1.3349,1.3166,1.3084,1.3079,1.3287,1.3056,1.3055,1.3186,1.3103,1.302
Test loss: 1.8003,1.6711,1.6167,1.5839,1.5614,1.5468,1.5347,1.5229,1.5203,1.5149,1.5208,1.5122,1.5184,1.5084,1.5365,1.5303,1.524,1.5294,1.5312,1.5322,1.528,1.5416,1.5468,1.5526,1.5413,1.5585,1.563,1.556,1.591,1.5817,1.581,1.5983,1.6156,1.6034,1.6179,1.6215,1.6454,1.6109,1.631,1.6418
Train accuracy: 28.7,32.8,35.1,37.2,39.0,39.8,39.3,41.4,41.6,41.4,42.2,42.0,42.0,43.0,42.5,42.7,43.0,43.5,43.2,44.0,43.2,43.6,43.6,43.3,43.7,44.3,43.8,44.6,44.5,44.1,44.1,45.3,45.2,45.0,43.8,45.4,44.6,44.5,44.6,45.0
Test accuracy: 29.1,32.7,34.7,36.3,38.2,38.7,38.3,40.5,40.8,40.6,41.4,41.1,41.2,42.2,41.5,41.3,41.8,42.3,41.6,42.6,42.1,42.3,42.5,41.7,42.2,42.8,42.5,42.9,43.1,42.8,42.6,43.4,43.5,43.0,42.0,43.3,42.5,42.7,42.5,43.0
Rank: 6,7,7,7,7,7,7,7,7,7,7,7,7,7,7,7,7,7,7,7,7,7,7,7,7,7,7,7,7,7,7,7,7,7,7,7,7,7,7,7
Seed 8/10
Train loss: 1.7816,1.6556,1.5835,1.5418,1.5145,1.4839,1.4606,1.4415,1.4244,1.4112,1.3914,1.3861,1.374,1.3637,1.3688,1.3623,1.3602,1.3464,1.3399,1.3364,1.3318,1.3347,1.3146,1.3475,1.3037,1.3113,1.326,1.2959,1.3077,1.2996,1.2979,1.2863,1.2819,1.2935,1.2779,1.2772,1.3128,1.2667,1.2731,1.291
Test loss: 1.785,1.6642,1.5949,1.5609,1.5326,1.5114,1.4894,1.4756,1.4617,1.4522,1.4444,1.4437,1.4281,1.4363,1.4341,1.4278,1.4281,1.4234,1.4448,1.4167,1.4258,1.4248,1.4192,1.4335,1.4163,1.4364,1.4305,1.4517,1.4192,1.4375,1.4265,1.4443,1.4526,1.4354,1.4285,1.4524,1.4619,1.463,1.4392,1.4619
Train accuracy: 22.4,25.4,34.3,36.1,37.3,39.5,40.8,41.0,41.8,41.9,43.0,42.9,43.2,43.8,43.4,43.3,43.5,43.5,43.9,44.1,44.4,44.2,44.3,43.3,44.8,44.6,44.0,45.3,44.5,45.0,45.1,45.4,45.4,44.9,45.5,45.6,43.8,46.0,45.4,45.0
Test accuracy: 22.9,25.0,34.3,36.0,36.9,39.4,40.5,40.7,41.5,41.6,42.5,42.4,42.6,42.9,42.8,42.6,42.7,42.8,43.1,43.1,43.1,43.0,43.4,42.4,43.7,43.6,43.1,43.9,43.5,43.8,43.9,44.2,43.9,43.5,44.5,44.2,42.5,44.5,43.8,43.6
Rank: 6,6,7,7,7,7,7,7,7,7,7,7,7,7,7,7,7,7,7,7,7,7,7,7,7,7,7,7,7,7,7,7,7,7,7,7,7,7,7,7
Seed 9/10
Train loss: 1.7185,1.6142,1.5356,1.4891,1.4558,1.4389,1.4034,1.3774,1.3603,1.3641,1.3509,1.3213,1.3127,1.3062,1.3061,1.2848,1.2668,1.2803,1.2722,1.2663,1.2623,1.2435,1.2719,1.2668,1.2267,1.2533,1.2353,1.2075,1.2207,1.2333,1.2051,1.2017,1.1798,1.2172,1.1752,1.2004,1.1998,1.202,1.1809,1.1776
Test loss: 1.7182,1.6189,1.551,1.5072,1.4841,1.4753,1.4469,1.4268,1.4222,1.4293,1.4278,1.41,1.4097,1.4111,1.422,1.4122,1.3973,1.4271,1.4181,1.4368,1.4193,1.4171,1.4662,1.4728,1.4349,1.4734,1.4653,1.4347,1.4587,1.4902,1.4352,1.478,1.4339,1.5099,1.4636,1.5182,1.5164,1.5049,1.5011,1.5121
Train accuracy: 29.3,34.9,38.0,39.2,39.5,39.5,40.7,41.5,43.2,42.7,43.4,44.8,45.5,46.5,46.5,47.4,49.0,47.9,48.9,48.6,48.9,49.9,48.1,48.7,49.8,49.4,49.0,50.5,50.2,49.5,50.3,51.6,51.6,50.9,51.7,51.8,51.2,48.5,51.4,51.8
Test accuracy: 29.3,35.4,38.2,38.9,39.0,39.1,40.0,41.0,42.3,41.8,42.4,43.8,44.4,45.2,45.1,45.6,47.3,46.4,47.5,47.0,47.0,48.2,46.3,47.0,47.5,47.5,47.2,48.5,48.0,47.9,48.1,49.2,49.1,49.1,49.2,49.5,48.9,46.4,48.8,49.2
Rank: 7,8,8,8,8,8,8,8,8,8,8,8,8,8,8,8,8,8,8,8,8,8,8,8,8,8,8,8,8,8,8,8,8,8,8,8,8,8,8,8
Seed 10/10
Train loss: 1.7481,1.5865,1.5001,1.4248,1.3702,1.3314,1.3093,1.2774,1.2563,1.2371,1.2223,1.2127,1.2086,1.1767,1.2032,1.1534,1.154,1.1305,1.1231,1.1184,1.1206,1.1123,1.0956,1.1107,1.0845,1.0861,1.0714,1.0664,1.0717,1.0553,1.0613,1.0421,1.0334,1.0712,1.025,1.0352,1.0328,1.0249,1.0065,1.0347
Test loss: 1.7469,1.5974,1.52,1.4506,1.4034,1.3679,1.3569,1.3313,1.321,1.3113,1.3037,1.3072,1.3184,1.2982,1.34,1.2833,1.2955,1.2894,1.2776,1.2816,1.2926,1.2951,1.2989,1.3109,1.2895,1.2896,1.2792,1.2802,1.3076,1.2931,1.2826,1.2739,1.2975,1.3446,1.3081,1.3302,1.3104,1.308,1.3245,1.2991
Train accuracy: 25.8,28.5,33.7,39.3,42.0,42.9,41.8,42.9,44.2,45.5,47.2,48.1,48.2,51.0,49.3,52.2,51.6,53.1,53.3,53.2,53.7,54.4,54.9,54.2,54.8,53.8,55.1,54.8,56.9,55.8,55.3,55.9,57.8,57.4,58.9,58.1,58.8,57.9,59.5,56.9
Test accuracy: 25.5,28.9,33.9,39.4,42.0,42.7,42.0,43.1,44.0,44.7,46.6,47.1,47.4,50.0,48.4,50.5,50.1,51.4,51.1,51.2,51.3,52.5,52.6,52.3,52.5,51.8,52.5,52.8,54.7,53.7,53.2,53.6,55.3,55.0,55.9,55.5,56.0,55.1,56.6,54.9
Rank: 7,7,8,8,8,8,8,8,8,9,9,9,9,9,9,9,9,9,9,10,10,10,10,10,9,10,10,10,10,10,10,10,10,10,10,10,10,10,10,10
