Seed 1/10
Train loss: 1.8238,1.7234,1.6709,1.642,1.6132,1.5952,1.5813,1.5603,1.5513,1.5473,1.5309,1.5227,1.5173,1.5158,1.5032,1.5012,1.4976,1.4894,1.4869,1.4883,1.4167,1.3816,1.369,1.3566,1.3461,1.3563,1.3352,1.3293,1.3254,1.3201,1.3105,1.3131,1.3017,1.3037,1.3097,1.3018,1.2855,1.2919,1.3002,1.2863
Test loss: 1.8303,1.732,1.6801,1.6546,1.6243,1.6081,1.5987,1.5766,1.5687,1.5671,1.5543,1.5445,1.5391,1.5398,1.5309,1.529,1.5264,1.5216,1.5148,1.5167,1.4432,1.4098,1.3986,1.3879,1.377,1.3825,1.366,1.3639,1.3629,1.3544,1.3488,1.3507,1.3395,1.3415,1.3471,1.3417,1.3318,1.3398,1.3399,1.3292
Train accuracy: 27.6,31.8,32.6,34.1,35.9,36.7,36.9,38.3,38.5,38.7,39.0,39.1,38.8,39.1,39.5,39.0,39.6,39.7,39.6,40.2,44.0,45.2,45.6,46.1,45.8,45.0,45.6,46.7,46.6,46.8,46.9,46.7,47.2,47.0,47.3,47.0,47.6,47.3,46.3,47.4
Test accuracy: 27.1,31.2,32.5,33.8,35.9,36.8,37.2,38.2,38.4,38.5,38.9,38.7,38.7,39.0,39.0,38.7,39.2,39.2,39.3,39.8,43.5,44.6,45.0,45.7,45.1,44.8,44.9,46.0,45.9,46.2,46.0,45.7,46.4,45.9,46.6,46.0,46.6,46.4,45.3,46.5
Rank: 6,6,6,6,6,6,6,6,6,7,7,7,7,7,7,7,7,7,7,7,8,8,8,8,7,7,7,7,7,7,7,7,7,7,7,7,7,7,7,7
Seed 2/10
Train loss: 1.7458,1.5996,1.5214,1.4762,1.4353,1.4098,1.38,1.362,1.3425,1.3322,1.3144,1.2962,1.2885,1.2917,1.2698,1.2648,1.2483,1.2423,1.2283,1.2186,1.2186,1.2197,1.2086,1.2004,1.2001,1.2092,1.1897,1.1911,1.1741,1.1786,1.1674,1.1681,1.1703,1.1673,1.1556,1.1526,1.1575,1.1644,1.1474,1.1485
Test loss: 1.7394,1.5909,1.5178,1.4739,1.4368,1.411,1.3846,1.3703,1.3499,1.3403,1.3273,1.313,1.3059,1.3119,1.2899,1.2847,1.2643,1.2643,1.2525,1.2404,1.2416,1.2448,1.237,1.2261,1.2235,1.238,1.2176,1.2227,1.2048,1.2068,1.199,1.2009,1.2048,1.1983,1.1866,1.1836,1.1905,1.193,1.1841,1.1826
Train accuracy: 28.4,34.7,34.4,38.4,38.4,41.2,39.5,40.9,47.0,48.6,48.1,50.9,49.1,50.8,50.2,51.1,51.2,52.0,52.3,53.1,52.8,53.1,53.6,53.3,52.9,53.4,53.9,53.8,54.3,53.5,54.2,54.0,53.9,53.8,54.5,54.2,54.2,53.9,54.4,54.5
Test accuracy: 28.2,34.6,34.6,39.3,38.7,41.6,40.0,41.1,47.5,49.0,48.3,51.3,48.8,50.9,49.9,51.5,51.6,52.2,52.4,53.5,53.1,53.1,53.7,53.3,52.8,53.8,53.9,53.8,54.4,53.3,54.0,53.9,53.6,53.9,54.4,53.7,53.9,53.7,54.0,54.2
Rank: 7,7,7,8,8,8,8,7,7,7,7,7,7,7,8,8,8,8,8,8,8,8,8,8,7,8,8,8,8,7,8,8,8,8,8,8,8,8,8,8
Seed 3/10
Train loss: 1.7707,1.6447,1.5789,1.5428,1.5031,1.481,1.4597,1.4612,1.4232,1.4055,1.3922,1.3866,1.3688,1.3611,1.3527,1.3414,1.331,1.3426,1.3242,1.3278,1.3182,1.3162,1.3059,1.302,1.2968,1.2944,1.2893,1.2893,1.2826,1.2799,1.2762,1.2771,1.2746,1.2759,1.2672,1.2744,1.2576,1.2634,1.2554,1.2529
Test loss: 1.7773,1.6595,1.5973,1.5642,1.5249,1.5052,1.4865,1.4876,1.453,1.4354,1.4254,1.4262,1.4053,1.397,1.3927,1.3857,1.3749,1.386,1.3722,1.3687,1.3655,1.3604,1.351,1.3485,1.3441,1.3435,1.3404,1.339,1.3338,1.3341,1.3228,1.3335,1.3286,1.3337,1.3173,1.3248,1.3123,1.3193,1.315,1.3171
Train accuracy: 26.2,32.9,32.4,37.6,39.3,39.2,43.7,41.5,44.8,45.3,45.8,46.0,46.5,46.5,46.8,47.3,47.4,46.6,47.7,46.8,47.1,47.4,47.5,47.5,47.8,47.4,47.5,48.0,47.6,47.8,47.6,48.0,48.1,47.6,48.0,47.5,48.2,47.9,48.4,48.5
Test accuracy: 25.8,32.4,32.1,37.3,38.8,38.6,43.4,40.7,44.3,44.8,45.2,45.3,45.9,45.4,46.1,46.4,46.4,45.6,46.8,46.1,46.1,46.7,46.7,46.3,47.1,46.3,46.5,47.0,46.6,46.7,46.6,46.9,47.0,46.1,46.9,46.3,47.0,46.7,47.4,47.4
Rank: 6,6,6,7,7,7,7,7,7,7,7,7,7,7,7,7,7,7,7,7,7,7,7,7,7,7,7,7,7,7,7,7,7,7,7,7,7,7,7,7
Seed 4/10
Train loss: 2.3099,2.3014,2.3012,2.3012,2.3012,2.3012,2.3012,2.3012,2.3012,2.3012,2.3012,2.3012,2.3012,2.3012,2.3012,2.3012,2.3012,2.3012,2.3012,2.3012,2.3012,2.3012,2.3012,2.3012,2.3012,2.3012,2.3012,2.3012,2.3012,2.3012,2.3012,2.3012,2.3012,2.3012,2.3012,2.3012,2.3012,2.3012,2.3012,2.3012
Test loss: 2.3104,2.3014,2.3011,2.301,2.3012,2.301,2.3011,2.301,2.301,2.301,2.301,2.301,2.301,2.301,2.301,2.301,2.3012,2.301,2.301,2.301,2.301,2.3011,2.3011,2.3011,2.3011,2.3011,2.3012,2.301,2.301,2.3011,2.301,2.3011,2.3011,2.3011,2.301,2.301,2.301,2.301,2.301,2.301
Train accuracy: 9.9,11.2,11.2,11.2,11.2,11.2,11.2,11.2,11.2,11.2,11.2,11.2,11.2,11.2,11.2,11.2,11.2,11.2,11.2,11.2,11.2,11.2,11.2,11.2,11.2,11.2,11.2,11.2,11.2,11.2,11.2,11.2,11.2,11.2,11.2,11.2,11.2,11.2,11.2,11.2
Test accuracy: 9.6,11.3,11.3,11.3,11.3,11.3,11.3,11.3,11.3,11.3,11.3,11.3,11.3,11.3,11.3,11.3,11.3,11.3,11.3,11.3,11.3,11.3,11.3,11.3,11.3,11.3,11.3,11.3,11.3,11.3,11.3,11.3,11.3,11.3,11.3,11.3,11.3,11.3,11.3,11.3
Rank: 1,1,1,1,1,1,1,1,1,1,1,1,1,1,1,1,1,1,1,1,1,1,1,1,1,1,1,1,1,1,1,1,1,1,1,1,1,1,1,1
Seed 5/10
Train loss: 1.7957,1.6963,1.6456,1.6027,1.5742,1.559,1.5367,1.518,1.5099,1.4979,1.4904,1.4883,1.4776,1.4679,1.4631,1.4558,1.4566,1.4539,1.4463,1.4519,1.4409,1.4434,1.4385,1.4375,1.4313,1.4262,1.4265,1.4279,1.4238,1.4232,1.4205,1.4216,1.4265,1.4201,1.4174,1.415,1.4251,1.4251,1.4137,1.4136
Test loss: 1.7913,1.6897,1.6425,1.6008,1.5705,1.5529,1.5376,1.5181,1.509,1.4976,1.4873,1.4908,1.4834,1.472,1.4701,1.4648,1.4659,1.4611,1.4581,1.4609,1.4491,1.4597,1.4495,1.4534,1.4463,1.4448,1.4422,1.4433,1.4432,1.4452,1.4458,1.4395,1.4488,1.4417,1.4386,1.4405,1.4482,1.447,1.4392,1.4384
Train accuracy: 31.7,33.1,36.6,36.5,37.6,37.6,38.3,38.8,38.8,38.8,39.0,38.9,39.3,39.4,39.3,39.6,39.4,39.6,39.7,39.1,39.5,39.5,39.7,39.6,39.7,39.9,39.8,39.9,40.0,40.0,39.8,40.0,39.7,40.0,40.1,40.1,39.7,39.8,40.1,40.2
Test accuracy: 31.9,33.5,37.0,36.8,37.9,37.7,38.2,38.8,38.7,39.0,39.1,39.0,39.4,39.4,39.2,39.3,39.1,39.4,39.5,39.2,39.7,39.2,39.6,39.6,39.5,39.6,39.6,39.6,39.6,39.7,39.2,39.6,39.3,39.5,39.7,39.6,39.4,39.4,39.6,39.6
Rank: 6,6,6,5,5,5,5,5,5,5,5,5,5,5,5,5,5,5,5,5,5,5,5,5,5,5,5,5,5,5,5,5,5,5,5,5,5,5,5,5
Seed 6/10
Train loss: 1.9626,1.7899,1.7153,1.6659,1.6434,1.5464,1.4901,1.4655,1.442,1.4351,1.4122,1.4072,1.3917,1.3785,1.3743,1.3618,1.3498,1.3571,1.352,1.3448,1.3331,1.327,1.3284,1.3254,1.3244,1.3199,1.3145,1.3183,1.3092,1.2948,1.2987,1.2886,1.2974,1.2884,1.2978,1.2857,1.2781,1.2843,1.2917,1.2832
Test loss: 1.9653,1.793,1.7196,1.6746,1.6551,1.5468,1.4997,1.474,1.4556,1.4533,1.4307,1.4233,1.4132,1.3954,1.4009,1.386,1.3781,1.3791,1.3713,1.3705,1.3612,1.3553,1.3579,1.3567,1.3532,1.3555,1.3469,1.3556,1.3447,1.33,1.3401,1.33,1.3403,1.3255,1.3377,1.3317,1.3228,1.3312,1.3331,1.3257
Train accuracy: 29.0,31.0,35.3,37.0,37.4,44.2,44.5,45.0,45.7,45.7,45.7,45.9,46.2,46.7,46.6,46.8,47.2,46.5,46.8,46.8,47.2,47.4,47.4,47.1,47.4,47.9,47.7,47.0,47.4,47.8,48.2,48.2,47.6,48.1,48.0,48.1,48.1,47.7,47.7,47.9
Test accuracy: 28.9,30.5,35.8,37.3,37.6,44.6,44.6,44.8,45.6,45.5,45.6,45.6,45.6,46.3,46.2,46.4,46.5,46.0,46.4,46.5,46.8,46.6,46.8,46.6,46.8,47.0,47.0,46.5,46.7,47.1,47.2,47.3,46.7,47.2,47.1,47.2,47.2,46.8,46.9,47.2
Rank: 6,6,6,6,6,7,7,7,7,7,7,7,7,7,7,7,7,7,7,7,7,7,7,7,7,7,7,7,7,7,7,7,7,7,7,7,7,7,7,7
Seed 7/10
Train loss: 1.8823,1.8106,1.7793,1.762,1.6539,1.5936,1.5684,1.5541,1.5407,1.5363,1.5183,1.5117,1.5026,1.5057,1.4932,1.4906,1.4974,1.4867,1.4923,1.4772,1.4742,1.4702,1.4718,1.4671,1.4716,1.4646,1.4625,1.4597,1.4608,1.4588,1.4581,1.4544,1.4589,1.4528,1.4541,1.4489,1.4504,1.4477,1.448,1.4434
Test loss: 1.8858,1.8141,1.7848,1.7691,1.6536,1.5989,1.5749,1.5621,1.5493,1.5476,1.5312,1.5247,1.5184,1.5227,1.5109,1.5092,1.5121,1.5039,1.5091,1.498,1.4976,1.491,1.4927,1.4896,1.4944,1.4906,1.4929,1.4899,1.4869,1.4851,1.4874,1.4844,1.4827,1.4847,1.4819,1.4809,1.4821,1.4785,1.4822,1.4828
Train accuracy: 26.9,29.8,30.1,30.0,37.5,37.7,37.9,38.1,38.8,38.2,38.7,38.7,38.8,38.7,39.0,38.8,38.8,39.0,38.9,39.3,39.1,39.2,39.3,39.3,39.4,39.4,39.4,39.4,39.3,39.3,39.4,39.4,39.2,39.5,39.5,39.6,39.6,39.6,39.6,39.6
Test accuracy: 26.6,29.8,30.1,29.8,37.3,37.7,37.8,38.1,38.7,38.1,38.4,38.6,38.6,38.4,38.8,38.7,38.6,38.8,38.7,39.0,38.7,38.9,39.0,39.1,39.1,38.9,38.8,38.9,39.0,39.0,39.0,38.9,38.8,39.0,39.1,39.0,39.1,39.1,39.1,39.0
Rank: 5,5,5,5,6,6,6,6,6,6,6,6,6,6,6,6,6,6,6,6,6,6,6,6,6,6,6,6,6,6,6,6,6,6,6,6,6,6,6,6
Seed 8/10
Train loss: 1.81,1.6957,1.6469,1.6155,1.5882,1.5701,1.5491,1.535,1.5165,1.5083,1.4996,1.49,1.4855,1.4796,1.4725,1.465,1.4738,1.4613,1.4639,1.4537,1.4555,1.4494,1.442,1.4424,1.4383,1.441,1.453,1.4374,1.4412,1.4308,1.4315,1.4317,1.4318,1.4352,1.4316,1.4488,1.4243,1.4269,1.4225,1.4234
Test loss: 1.8071,1.6947,1.6523,1.6161,1.5966,1.58,1.5609,1.5481,1.5305,1.5227,1.5164,1.5094,1.5042,1.5038,1.4972,1.4942,1.4993,1.491,1.4918,1.4831,1.4884,1.4846,1.4779,1.4717,1.4707,1.4703,1.4844,1.4732,1.4732,1.4702,1.4737,1.467,1.4701,1.4753,1.4695,1.4935,1.4664,1.4697,1.4617,1.4651
Train accuracy: 27.2,31.2,32.3,33.6,36.1,37.8,38.3,38.1,39.0,39.0,38.9,39.2,39.3,39.7,39.4,39.7,39.4,39.7,39.3,39.7,39.5,39.6,39.9,40.1,40.1,40.1,40.0,39.8,40.3,40.0,40.1,40.0,40.0,40.1,40.1,39.5,40.2,40.0,40.3,40.5
Test accuracy: 27.6,31.2,31.9,33.1,35.5,37.4,37.8,37.6,38.5,38.4,38.2,38.6,38.5,39.0,38.5,38.8,38.7,38.7,38.4,38.9,38.6,38.7,39.1,39.0,38.9,39.1,39.1,38.8,39.3,38.9,38.9,38.9,38.8,38.9,39.0,38.3,39.0,39.0,39.0,39.3
Rank: 6,6,6,6,6,6,6,6,6,6,6,6,6,6,6,6,6,6,6,6,6,6,6,6,6,6,6,6,6,6,6,6,6,6,6,6,6,6,6,6
Seed 9/10
Train loss: 1.8432,1.7492,1.6952,1.6687,1.6436,1.5509,1.511,1.4847,1.4714,1.4536,1.4343,1.4252,1.4087,1.3995,1.389,1.3762,1.3729,1.3648,1.3681,1.3563,1.3504,1.3414,1.3415,1.3433,1.3299,1.3386,1.3248,1.3204,1.3139,1.3185,1.3197,1.3019,1.2984,1.3057,1.2986,1.3063,1.2931,1.2906,1.2904,1.2882
Test loss: 1.8485,1.7571,1.7047,1.6811,1.6605,1.5732,1.5329,1.5099,1.4989,1.481,1.4602,1.4539,1.4417,1.4331,1.4264,1.4152,1.4118,1.4066,1.411,1.4004,1.3964,1.3905,1.3834,1.3884,1.3791,1.3919,1.3764,1.3714,1.3686,1.3734,1.3693,1.3577,1.3602,1.3612,1.3576,1.3621,1.3548,1.3512,1.3491,1.3509
Train accuracy: 28.2,28.5,29.6,30.2,32.9,36.7,38.1,40.0,41.5,42.8,44.0,42.7,44.8,44.1,45.0,45.7,45.8,45.9,45.3,45.9,45.5,46.5,46.3,45.8,46.8,45.9,46.2,46.7,47.1,47.0,46.2,47.2,47.5,47.3,47.2,46.9,47.3,47.7,47.7,47.4
Test accuracy: 28.6,28.5,29.6,30.2,32.5,36.5,37.9,39.7,41.1,42.4,43.6,42.3,44.3,43.6,44.4,44.7,44.9,45.0,44.1,44.9,44.5,45.6,45.4,44.9,45.8,44.9,44.9,45.6,45.9,45.8,45.0,46.1,45.9,46.0,46.0,45.6,45.9,46.4,46.3,46.0
Rank: 6,6,6,6,7,7,7,7,7,7,7,7,7,6,6,6,6,6,6,6,6,6,6,6,6,6,6,6,6,6,6,6,6,6,6,6,6,6,6,6
Seed 10/10
Train loss: 1.7876,1.6988,1.6443,1.606,1.6021,1.5827,1.5388,1.5185,1.5079,1.5028,1.4885,1.4799,1.474,1.4662,1.4651,1.4566,1.4586,1.4581,1.4692,1.4551,1.4429,1.4429,1.4436,1.4352,1.4379,1.4355,1.4325,1.4278,1.4249,1.433,1.4237,1.4297,1.4267,1.4422,1.4168,1.4219,1.4234,1.4223,1.4476,1.4211
Test loss: 1.7925,1.7062,1.6544,1.614,1.6061,1.5916,1.547,1.5306,1.522,1.5163,1.5008,1.4962,1.4902,1.4811,1.4758,1.4723,1.4743,1.4742,1.4834,1.4668,1.4607,1.4608,1.4621,1.4545,1.4575,1.4567,1.4507,1.4483,1.4477,1.4541,1.4445,1.4495,1.4489,1.4621,1.4397,1.4446,1.4461,1.4522,1.4632,1.4397
Train accuracy: 29.9,31.6,33.4,35.4,36.8,37.2,39.0,39.2,39.3,39.1,40.3,40.0,40.0,39.9,39.8,39.9,40.5,39.7,40.6,40.0,40.2,40.1,40.2,40.4,40.0,40.1,40.2,40.3,40.3,40.4,40.4,39.8,40.3,39.4,40.3,40.5,39.9,40.2,40.4,40.4
Test accuracy: 29.8,31.4,33.3,35.3,37.0,37.0,38.5,39.0,39.0,38.8,40.0,39.7,39.7,39.5,39.4,39.5,40.2,39.3,40.5,39.6,39.9,39.8,39.8,39.9,39.5,39.7,39.8,39.8,39.9,40.0,39.8,39.3,39.6,39.2,39.7,40.0,39.4,39.7,40.1,39.9
Rank: 6,6,6,6,7,7,7,6,6,6,6,6,6,6,6,6,6,6,6,6,6,6,6,6,6,6,6,6,6,6,6,6,6,7,6,6,6,7,6,6
