Seed 1/10
Train loss: 1.7472,1.6828,1.6302,1.5482,1.4995,1.4712,1.4435,1.3648,1.3085,1.2836,1.2775,1.2485,1.2406,1.2255,1.2134,1.206,1.2014,1.1978,1.1797,1.1867,1.1769,1.1663,1.1581,1.151,1.1634,1.1471,1.1483,1.1388,1.1366,1.1246,1.1315,1.1149,1.1198,1.113,1.1198,1.1049,1.1008,1.1015,1.1028,1.0971
Test loss: 1.7518,1.6945,1.6416,1.5627,1.5224,1.4994,1.4816,1.4032,1.3563,1.3477,1.3482,1.3252,1.3282,1.3206,1.3175,1.3273,1.3205,1.317,1.3246,1.3124,1.34,1.3254,1.3304,1.3243,1.3347,1.356,1.3401,1.334,1.3624,1.3357,1.3401,1.3394,1.3571,1.3852,1.3494,1.3704,1.3508,1.3815,1.3637,1.3619
Train accuracy: 25.2,31.1,34.0,37.7,35.9,38.2,43.2,47.5,47.0,45.9,45.7,47.0,47.1,48.7,48.1,48.8,48.8,51.3,51.1,48.4,49.8,51.1,51.2,50.7,51.1,52.4,50.8,51.3,51.0,52.4,51.0,52.6,52.3,52.9,51.9,52.8,52.7,53.9,53.6,52.4
Test accuracy: 24.5,30.6,33.9,36.9,35.4,37.0,42.0,47.5,45.5,45.0,44.2,45.5,46.2,46.0,46.9,46.3,46.9,48.7,47.9,47.1,47.3,48.2,48.0,48.2,48.1,49.1,47.5,48.9,48.2,48.7,47.5,49.0,48.5,48.6,47.7,48.6,48.7,49.2,49.2,48.5
Rank: 6,6,7,7,7,7,7,8,8,8,8,8,8,8,8,8,8,8,8,8,8,8,8,8,8,8,8,8,8,8,8,8,8,8,8,8,8,8,8,8
Seed 2/10
Train loss: 0.1563,0.1028,0.0681,0.0544,0.0405,0.0373,0.0292,0.0296,0.0242,0.0225,0.0127,0.0171,0.0137,0.012,0.0147,0.0088,0.0068,0.0121,0.0162,0.0076,0.0132,0.0052,0.0087,0.0098,0.0042,0.0084,0.005,0.0032,0.0026,0.0154,0.0036,0.0017,0.0104,0.004,0.0033,0.003,0.0021,0.0045,0.0033,0.0023
Test loss: 0.1662,0.1241,0.1231,0.0928,0.0818,0.0885,0.0939,0.0974,0.0912,0.107,0.0968,0.1185,0.1141,0.1301,0.0964,0.202,0.1073,0.1191,0.1373,0.1568,0.1284,0.1276,0.1561,0.1253,0.2419,0.1254,0.1126,0.141,0.1176,0.2701,0.2087,0.2195,0.142,0.1847,0.1384,0.122,0.1227,0.1212,0.1908,0.1917
Train accuracy: 95.9,97.2,98.3,98.6,99.0,99.1,99.3,99.2,99.4,99.4,99.7,99.5,99.7,99.7,99.6,99.8,99.9,99.7,99.6,99.8,99.7,99.9,99.8,99.7,99.9,99.8,99.9,100.0,100.0,99.6,99.9,100.0,99.7,99.9,99.9,100.0,100.0,99.9,100.0,100.0
Test accuracy: 96.0,96.9,97.6,97.8,98.0,97.9,97.6,97.6,97.8,97.8,97.8,97.7,97.9,97.8,97.8,98.1,98.2,97.9,97.9,97.8,97.8,98.2,98.0,97.9,97.9,97.9,98.1,98.0,98.0,97.8,98.0,98.1,97.9,98.1,98.0,98.1,98.2,98.0,98.1,98.1
Rank: 10,10,10,10,10,10,10,10,10,10,10,10,10,10,10,10,10,10,10,10,10,10,10,10,10,10,10,10,10,10,10,10,10,10,10,10,10,10,10,10
Seed 3/10
Train loss: 1.7431,1.6332,1.5718,1.5352,1.4934,1.4666,1.4393,1.411,1.3865,1.3706,1.3547,1.3425,1.3339,1.3223,1.3123,1.3183,1.2943,1.2928,1.2794,1.2821,1.2703,1.0906,0.7903,0.7263,0.6233,0.5216,0.4788,0.3943,0.3638,0.3394,0.3069,0.3056,0.2885,0.2713,0.2635,0.2578,0.2528,0.2525,0.2476,0.251
Test loss: 1.7628,1.6442,1.5898,1.5492,1.5181,1.488,1.4784,1.4476,1.4324,1.4194,1.4094,1.3999,1.4012,1.3946,1.3901,1.4118,1.3817,1.392,1.3855,1.3771,1.3771,1.2052,0.8988,0.8343,0.7152,0.6166,0.5919,0.5157,0.5057,0.4885,0.4775,0.4843,0.4709,0.4857,0.4677,0.4744,0.4992,0.5108,0.4879,0.5131
Train accuracy: 22.1,29.8,30.5,30.9,36.4,37.1,37.7,38.6,38.8,39.6,39.0,40.5,41.6,44.3,45.0,44.4,46.4,45.5,46.4,46.3,46.8,45.9,62.3,69.2,75.0,76.7,78.9,85.2,86.1,86.5,87.3,87.5,87.6,87.8,88.0,88.0,88.1,88.1,88.1,87.9
Test accuracy: 21.3,29.2,29.6,30.3,35.7,36.3,36.7,37.4,38.3,38.4,38.2,39.5,40.4,42.7,43.2,42.8,44.7,43.6,44.4,44.3,44.8,44.1,61.0,67.9,74.0,75.1,76.9,83.0,83.7,84.0,84.5,84.8,84.7,84.2,84.5,84.5,84.6,84.3,84.5,84.6
Rank: 6,6,7,6,7,7,6,7,6,7,7,7,7,7,7,7,7,7,7,7,7,10,10,10,10,10,10,10,10,10,10,10,10,10,10,10,10,10,10,10
Seed 4/10
Train loss: 0.5559,0.365,0.2578,0.195,0.1213,0.1117,0.0967,0.1073,0.0773,0.0682,0.0645,0.0565,0.0542,0.0419,0.0538,0.0458,0.0382,0.0441,0.0436,0.0412,0.0336,0.0323,0.0293,0.0271,0.0262,0.0283,0.0293,0.0301,0.0211,0.0225,0.021,0.0214,0.0174,0.0254,0.0189,0.0163,0.0208,0.0196,0.0258,0.0189
Test loss: 0.5773,0.4015,0.4435,0.2556,0.1898,0.2051,0.1958,0.2133,0.1671,0.1991,0.169,0.1951,0.1733,0.2508,0.2643,0.2328,0.2324,0.3785,0.2449,0.3516,0.2426,0.279,0.2868,0.3917,0.4141,0.3157,0.2875,0.2768,0.2567,0.2375,0.2634,0.3461,0.2522,0.3763,0.2245,0.2721,0.2784,0.3961,0.3138,0.301
Train accuracy: 77.7,92.7,94.9,95.4,97.1,97.4,97.6,97.2,98.1,98.4,98.4,98.7,98.8,99.1,98.8,98.9,99.2,98.9,99.0,99.0,99.2,99.2,99.4,99.5,99.5,99.4,99.4,99.3,99.7,99.6,99.6,99.6,99.7,99.5,99.7,99.8,99.6,99.6,99.4,99.7
Test accuracy: 77.5,92.6,94.3,94.8,96.0,96.1,96.1,95.7,96.3,96.4,96.4,96.6,96.5,96.6,96.3,96.3,96.5,96.3,96.4,96.4,96.3,96.4,96.5,96.5,96.5,96.5,96.5,96.3,96.7,96.5,96.5,96.6,96.6,96.2,96.5,96.6,96.6,96.6,96.0,96.5
Rank: 10,10,10,10,10,10,10,10,10,10,10,10,10,10,10,10,10,10,10,10,10,10,10,10,10,10,10,10,10,10,10,10,10,10,10,10,10,10,10,10
Seed 5/10
Train loss: 1.3126,0.9322,0.7303,0.5955,0.4262,0.3451,0.3035,0.2556,0.246,0.2252,0.2109,0.1926,0.1934,0.1668,0.16,0.1574,0.1459,0.1391,0.1366,0.1355,0.1216,0.1376,0.1174,0.1189,0.1108,0.1346,0.1147,0.1204,0.1064,0.1035,0.0945,0.0914,0.1103,0.1023,0.102,0.0911,0.0961,0.0906,0.0873,0.0855
Test loss: 1.3124,0.94,0.892,1.3516,0.6388,0.5571,0.5193,0.9046,0.4865,0.4582,1.3385,0.8085,0.7045,1.4049,1.1123,0.7295,1.1437,0.6844,0.8767,0.8014,0.8281,1.0407,0.5125,1.2831,0.7784,0.7265,0.4427,0.485,0.7207,0.6835,0.5833,0.8675,1.0949,0.6564,0.9259,0.7181,0.3891,0.8869,0.5686,0.7602
Train accuracy: 44.0,63.5,74.8,79.8,92.1,93.5,94.2,94.9,94.8,95.4,95.3,95.9,95.6,96.4,96.5,96.5,96.7,96.9,96.9,96.7,97.3,96.6,97.3,97.3,97.5,96.8,97.5,97.0,97.6,97.7,98.0,98.1,97.7,97.6,97.6,98.0,98.0,98.0,98.2,98.3
Test accuracy: 44.2,63.4,75.0,79.8,91.9,92.7,93.5,93.9,93.3,94.1,93.5,94.2,93.4,94.1,94.1,94.2,94.2,94.0,94.0,93.8,94.3,93.5,94.5,93.9,94.1,93.7,94.1,93.5,93.9,94.2,94.1,94.4,94.0,94.0,94.2,94.1,94.4,94.2,94.3,94.2
Rank: 8,10,10,10,10,10,10,10,10,10,10,10,10,10,10,10,10,10,10,10,10,10,10,10,10,10,10,10,10,10,10,10,10,10,10,10,10,10,10,10
Seed 6/10
Train loss: 0.3628,0.1998,0.1544,0.1359,0.0935,0.0683,0.0538,0.0359,0.0404,0.0305,0.0253,0.0304,0.0167,0.0206,0.0126,0.0137,0.0113,0.0177,0.01,0.0076,0.0202,0.0059,0.0129,0.0075,0.0067,0.0065,0.0076,0.0096,0.0085,0.0134,0.0129,0.0048,0.0108,0.0081,0.0051,0.0131,0.0058,0.0113,0.0055,0.0038
Test loss: 0.377,0.2493,0.2285,0.1645,0.1272,0.1332,0.146,0.1249,0.1486,0.0862,0.1146,0.1635,0.0807,0.0888,0.0842,0.0829,0.0886,0.0869,0.1167,0.0891,0.1208,0.099,0.0992,0.0953,0.0942,0.1121,0.1008,0.1136,0.0946,0.1291,0.1595,0.101,0.1133,0.1263,0.1352,0.121,0.0997,0.1162,0.1205,0.1165
Train accuracy: 91.9,94.8,95.9,96.4,97.6,98.2,98.6,99.1,98.8,99.2,99.4,99.2,99.6,99.5,99.8,99.7,99.8,99.5,99.8,99.9,99.5,99.9,99.7,99.9,99.9,99.9,99.8,99.8,99.8,99.6,99.7,100.0,99.7,99.8,99.9,99.7,99.9,99.7,99.9,100.0
Test accuracy: 92.2,94.6,95.5,96.2,97.1,97.4,97.5,97.9,97.7,97.9,98.1,97.8,98.2,98.1,98.3,98.1,98.3,98.0,98.3,98.3,97.8,98.5,98.0,98.2,98.2,98.2,98.2,98.3,98.2,97.8,98.0,98.3,97.9,98.2,98.3,97.8,98.3,98.2,98.2,98.1
Rank: 10,10,10,10,10,10,10,10,10,10,10,10,10,10,10,10,10,10,10,10,10,10,10,10,10,10,10,10,10,10,10,10,10,10,10,10,10,10,10,10
Seed 7/10
Train loss: 1.7447,1.6714,1.6227,1.5879,0.8631,0.7789,0.7341,0.7044,0.6791,0.6598,0.61,0.5432,0.5324,0.4722,0.4366,0.4184,0.3966,0.3506,0.3168,0.1097,0.0724,0.0656,0.0482,0.0526,0.0402,0.0355,0.0308,0.0329,0.0297,0.0258,0.0221,0.0245,0.0268,0.0221,0.0209,0.0214,0.0163,0.0215,0.0193,0.0232
Test loss: 1.7498,1.6874,1.6683,1.6272,0.9076,0.8308,0.7888,0.7706,0.7444,0.762,0.6847,0.6344,0.6342,0.5588,0.5369,0.5253,0.5283,0.4954,0.4473,0.1965,0.2046,0.1719,0.1807,0.1811,0.1926,0.1759,0.1864,0.1951,0.186,0.2033,0.185,0.1969,0.2128,0.2097,0.2008,0.1817,0.2061,0.1882,0.2098,0.2114
Train accuracy: 27.9,31.2,34.4,37.5,61.7,66.7,68.2,69.5,69.8,70.0,74.6,76.7,76.4,82.7,83.7,84.1,85.1,86.1,86.5,97.9,98.6,98.6,99.0,98.7,99.2,99.3,99.3,99.2,99.3,99.5,99.6,99.4,99.3,99.5,99.5,99.5,99.7,99.5,99.6,99.4
Test accuracy: 28.1,31.0,34.3,37.9,61.6,66.4,67.8,68.6,68.9,68.6,73.6,75.5,75.2,81.3,81.8,82.4,83.2,84.4,84.7,96.4,96.7,96.7,97.1,96.5,97.0,97.1,97.1,97.0,97.2,97.0,97.1,97.1,97.0,97.0,97.1,97.3,97.2,97.1,97.0,96.8
Rank: 6,6,6,6,9,10,10,10,10,10,10,10,10,10,10,10,10,10,10,10,10,10,10,10,10,10,10,10,10,10,10,10,10,10,10,10,10,10,10,10
Seed 8/10
Train loss: 0.8969,0.3048,0.2025,0.1554,0.1357,0.1108,0.102,0.077,0.0794,0.0612,0.059,0.0554,0.051,0.049,0.0409,0.0422,0.0391,0.0351,0.0349,0.0389,0.0312,0.0298,0.0248,0.0282,0.0353,0.026,0.0228,0.0303,0.0242,0.0206,0.027,0.0256,0.0293,0.0179,0.0264,0.0218,0.0228,0.0222,0.0277,0.0154
Test loss: 0.9079,0.321,0.2343,0.1904,0.1906,0.1754,0.1671,0.2371,0.1569,0.1723,0.172,0.2979,0.2435,0.1887,0.185,0.2404,0.2248,0.2189,0.308,0.2172,0.2001,0.2126,0.1964,0.2414,0.2233,0.235,0.2391,0.2436,0.2269,0.2188,0.2861,0.228,0.2076,0.2308,0.2268,0.2462,0.2502,0.2239,0.3635,0.2128
Train accuracy: 64.6,94.2,95.7,96.4,96.8,97.3,97.4,98.1,98.0,98.5,98.6,98.6,98.7,98.8,99.0,99.0,99.1,99.3,99.2,99.0,99.3,99.3,99.5,99.4,99.1,99.4,99.5,99.3,99.5,99.6,99.4,99.4,99.2,99.6,99.4,99.6,99.5,99.5,99.3,99.7
Test accuracy: 65.0,94.5,95.5,96.1,96.2,96.3,96.3,96.6,96.3,96.8,96.7,96.5,96.6,96.5,96.8,96.5,96.5,96.6,96.7,96.3,96.6,96.5,96.7,96.3,96.3,96.6,96.7,96.4,96.7,96.7,96.5,96.6,96.4,96.7,96.6,96.7,96.6,96.7,96.3,96.8
Rank: 10,10,10,10,10,10,10,10,10,10,10,10,10,10,10,10,10,10,10,10,10,10,10,10,10,10,10,10,10,10,10,10,10,10,10,10,10,10,10,10
Seed 9/10
Train loss: 1.6783,1.5982,1.5463,1.5155,1.4905,1.4679,1.4267,1.4019,1.3562,1.2719,1.2437,1.2187,1.2147,1.1956,1.1866,1.1754,1.1684,1.1664,1.149,1.1512,1.1432,1.1507,1.1301,1.1264,1.1192,1.1189,1.107,1.1092,1.1189,1.103,1.0957,1.0933,1.0955,1.09,1.0844,1.0964,1.0978,1.0861,1.084,1.0907
Test loss: 1.6942,1.6121,1.5658,1.5423,1.5133,1.4924,1.4522,1.4347,1.3876,1.309,1.2909,1.2742,1.268,1.2656,1.2591,1.2432,1.2459,1.2449,1.2415,1.2408,1.2436,1.2452,1.2434,1.244,1.2289,1.2612,1.2415,1.2397,1.2585,1.2391,1.2318,1.2523,1.2374,1.2552,1.2568,1.2715,1.2663,1.2611,1.2762,1.306
Train accuracy: 26.6,28.5,30.0,30.1,32.3,38.1,39.8,40.4,46.1,48.7,47.7,50.4,49.6,51.0,51.8,51.6,51.8,51.6,53.0,52.3,52.7,52.0,52.9,52.9,53.4,53.5,53.6,53.1,52.8,53.5,54.0,54.0,53.0,54.1,54.1,53.5,53.6,54.1,53.8,54.3
Test accuracy: 25.8,28.1,29.9,29.7,31.4,37.5,39.0,39.5,45.6,47.5,46.5,49.0,48.3,48.9,50.2,49.5,50.0,49.3,50.8,50.4,50.5,49.5,49.8,50.2,50.7,50.7,50.4,50.3,49.7,50.8,50.9,50.7,49.9,51.1,50.5,50.7,50.6,50.7,50.8,50.9
Rank: 6,6,6,6,7,7,7,7,8,8,8,8,8,8,8,8,8,8,8,8,8,8,8,8,8,8,8,8,8,8,8,8,8,8,8,8,8,8,8,8
Seed 10/10
Train loss: 0.4052,0.2651,0.2126,0.1646,0.1353,0.1113,0.0987,0.0961,0.092,0.082,0.0667,0.0582,0.0561,0.0554,0.0408,0.0565,0.0372,0.0376,0.0376,0.0308,0.0326,0.0376,0.0359,0.0268,0.0305,0.038,0.0303,0.0208,0.0234,0.0312,0.0218,0.0195,0.0213,0.018,0.0195,0.0231,0.0292,0.0165,0.0351,0.0234
Test loss: 0.4852,0.298,0.249,0.222,0.3428,0.562,0.1907,0.2562,0.2159,0.2099,0.1822,0.1971,0.3338,0.5647,0.2802,0.2931,0.2732,0.2168,0.2564,0.2624,1.5964,0.323,0.7037,0.3616,0.8171,0.2275,0.2973,0.3693,0.2473,0.3024,1.523,0.8736,0.5555,0.2974,0.3405,1.5417,0.2476,1.5525,1.4282,1.4252
Train accuracy: 90.8,93.9,94.9,96.0,96.7,97.3,97.6,97.5,97.5,97.8,98.4,98.6,98.7,98.6,99.1,98.6,99.3,99.2,99.2,99.3,99.3,99.1,99.2,99.4,99.3,99.1,99.3,99.7,99.6,99.3,99.6,99.7,99.6,99.7,99.7,99.6,99.3,99.7,99.1,99.5
Test accuracy: 91.0,93.6,94.1,95.4,95.7,95.8,96.2,96.0,95.7,95.6,96.1,96.4,96.1,95.9,96.3,95.9,96.2,96.1,96.2,96.3,96.2,96.2,96.3,96.3,96.3,96.2,95.9,96.2,96.2,96.0,96.3,96.2,96.3,96.4,96.1,96.1,95.9,96.2,95.8,96.2
Rank: 10,10,10,10,10,10,10,10,10,10,10,10,10,10,10,10,10,10,10,10,10,10,10,10,10,10,10,10,10,10,10,10,10,10,10,10,10,10,10,10
