Seed 1/10
Train loss: 0.115,0.0599,0.0412,0.0303,0.0306,0.0321,0.022,0.0317,0.0124,0.013,0.0109,0.016,0.0074,0.0086,0.0124,0.0084,0.0072,0.0051,0.008,0.0052,0.0049,0.0091,0.0037,0.0035,0.0051,0.0036,0.0025,0.0059,0.004,0.0038,0.0014,0.0009,0.0004,0.0066,0.0003,0.0003,0.0001,0.0,0.0,0.0
Test loss: 0.1175,0.0755,0.0658,0.062,0.0653,0.0714,0.0726,0.0787,0.0597,0.0676,0.0624,0.0837,0.0724,0.0755,0.0898,0.0924,0.0959,0.0862,0.1013,0.0894,0.0882,0.098,0.0881,0.0948,0.0963,0.102,0.0913,0.1146,0.1038,0.1135,0.0969,0.0921,0.0909,0.1177,0.0978,0.1003,0.0974,0.0992,0.1011,0.1034
Train accuracy: 96.4,98.2,98.7,99.0,99.0,98.9,99.2,99.0,99.6,99.5,99.6,99.5,99.8,99.7,99.6,99.7,99.7,99.8,99.7,99.8,99.8,99.7,99.9,99.9,99.8,99.9,99.9,99.8,99.9,99.9,99.9,100.0,100.0,99.8,100.0,100.0,100.0,100.0,100.0,100.0
Test accuracy: 96.5,97.7,97.9,98.2,98.1,97.9,98.2,98.1,98.5,98.4,98.5,98.4,98.4,98.5,98.3,98.5,98.5,98.6,98.4,98.6,98.6,98.3,98.6,98.6,98.5,98.5,98.6,98.4,98.5,98.5,98.7,98.7,98.7,98.5,98.7,98.6,98.8,98.8,98.8,98.8
Rank: 10,10,10,10,10,10,10,10,10,10,10,10,10,10,10,10,10,10,10,10,10,10,10,10,10,10,10,10,10,10,10,10,10,10,10,10,10,10,10,10
Seed 2/10
Train loss: 0.0903,0.0593,0.0471,0.0379,0.0305,0.0386,0.0206,0.0193,0.022,0.0203,0.015,0.0098,0.0099,0.0131,0.0087,0.0227,0.0076,0.0068,0.0076,0.0062,0.0039,0.007,0.0038,0.0058,0.0054,0.0056,0.0295,0.0057,0.0095,0.0025,0.0014,0.005,0.0193,0.0035,0.0026,0.0068,0.0056,0.0052,0.0015,0.0108
Test loss: 0.0906,0.0709,0.0669,0.0624,0.0598,0.0784,0.0593,0.0665,0.0689,0.0784,0.0733,0.0715,0.0685,0.0824,0.0778,0.1203,0.0808,0.0813,0.0911,0.0865,0.0825,0.0941,0.0742,0.082,0.0862,0.0964,0.1236,0.1032,0.119,0.0983,0.0959,0.1042,0.116,0.0936,0.1088,0.1018,0.0991,0.0953,0.0986,0.1127
Train accuracy: 97.2,98.2,98.6,98.8,99.0,98.7,99.3,99.3,99.3,99.3,99.5,99.7,99.6,99.5,99.7,99.3,99.7,99.8,99.7,99.8,99.9,99.8,99.9,99.8,99.8,99.8,99.1,99.8,99.7,99.9,100.0,99.8,99.4,99.9,99.9,99.8,99.8,99.8,100.0,99.7
Test accuracy: 97.4,97.8,98.1,98.2,98.2,97.9,98.3,98.3,98.2,98.0,98.3,98.6,98.5,98.3,98.3,98.1,98.4,98.4,98.4,98.5,98.6,98.4,98.5,98.6,98.5,98.3,97.6,98.5,98.3,98.5,98.5,98.4,98.1,98.5,98.6,98.7,98.5,98.4,98.5,98.3
Rank: 10,10,10,10,10,10,10,10,10,10,10,10,10,10,10,10,10,10,10,10,10,10,10,10,10,10,10,10,10,10,10,10,10,10,10,10,10,10,10,10
Seed 3/10
Train loss: 0.5347,0.3032,0.1873,0.1652,0.1496,0.1181,0.1081,0.0908,0.092,0.0851,0.0817,0.069,0.0654,0.0643,0.0645,0.0621,0.0529,0.0502,0.0546,0.0551,0.0469,0.0504,0.0409,0.0409,0.0383,0.0456,0.037,0.0315,0.0346,0.0323,0.029,0.0341,0.0372,0.0273,0.0332,0.0261,0.0298,0.025,0.027,0.0222
Test loss: 0.5245,0.3024,0.1988,0.1798,0.1739,0.1575,0.1613,0.154,0.1619,0.17,0.17,0.1621,0.1836,0.1823,0.1761,0.1896,0.1804,0.1922,0.1934,0.2072,0.1926,0.1978,0.1985,0.203,0.1954,0.223,0.2048,0.2137,0.2212,0.2044,0.211,0.2198,0.2317,0.2236,0.2294,0.2202,0.2439,0.23,0.2371,0.229
Train accuracy: 83.4,91.9,95.0,95.2,95.6,96.6,96.9,97.4,97.3,97.6,97.5,97.9,98.1,98.1,98.1,98.2,98.4,98.5,98.4,98.4,98.7,98.5,98.8,98.8,98.9,98.8,98.9,99.1,99.0,99.0,99.2,99.0,99.0,99.2,99.1,99.3,99.2,99.3,99.2,99.4
Test accuracy: 84.6,92.0,94.6,94.8,95.0,95.5,95.7,96.0,95.9,96.0,96.0,96.0,96.1,95.8,96.0,95.9,96.3,96.2,96.1,96.0,96.3,96.2,96.3,96.3,96.2,96.3,96.3,96.4,96.1,96.5,96.3,96.2,96.2,96.3,96.3,96.2,96.0,96.3,96.2,96.2
Rank: 10,10,10,10,10,10,10,10,10,10,10,10,10,10,10,10,10,10,10,10,10,10,10,10,10,10,10,10,10,10,10,10,10,10,10,10,10,10,10,10
Seed 4/10
Train loss: 0.405,0.2621,0.2221,0.1462,0.1205,0.1111,0.1029,0.0948,0.0891,0.0657,0.062,0.0613,0.0496,0.0501,0.0542,0.0455,0.0448,0.0452,0.0351,0.0381,0.0282,0.0334,0.0281,0.0306,0.0491,0.025,0.0295,0.0298,0.025,0.0222,0.0241,0.0199,0.0207,0.0268,0.0334,0.0177,0.0222,0.0163,0.027,0.0159
Test loss: 0.4182,0.2798,0.2467,0.1849,0.1639,0.1682,0.1574,0.1616,0.1626,0.1508,0.1453,0.1605,0.1438,0.1575,0.1737,0.1683,0.1851,0.1913,0.1855,0.2074,0.1912,0.2126,0.2095,0.2011,0.2367,0.2133,0.2246,0.2308,0.2235,0.2345,0.2204,0.2142,0.2318,0.2348,0.2517,0.2457,0.2235,0.2609,0.2582,0.2446
Train accuracy: 90.0,93.2,93.9,95.9,96.6,96.8,96.9,97.1,97.2,98.1,98.1,98.1,98.5,98.5,98.4,98.7,98.6,98.7,99.0,98.9,99.2,99.0,99.2,99.1,98.7,99.3,99.2,99.2,99.3,99.4,99.3,99.4,99.4,99.3,99.0,99.5,99.4,99.5,99.3,99.6
Test accuracy: 90.0,93.0,93.7,95.2,95.7,95.6,95.7,95.6,95.9,96.2,96.2,96.1,96.5,96.3,96.3,96.3,96.3,96.2,96.5,96.3,96.7,96.4,96.6,96.4,96.0,96.4,96.3,96.4,96.7,96.3,96.3,96.4,96.7,96.3,95.9,96.4,96.4,96.5,96.3,96.5
Rank: 10,10,10,10,10,10,10,10,10,10,10,10,10,10,10,10,10,10,10,10,10,10,10,10,10,10,10,10,10,10,10,10,10,10,10,10,10,10,10,10
Seed 5/10
Train loss: 0.1526,0.067,0.0371,0.0337,0.0301,0.0184,0.0202,0.0178,0.0113,0.0304,0.0154,0.0122,0.0164,0.0081,0.0055,0.0104,0.0065,0.0075,0.0115,0.0187,0.0035,0.0027,0.0061,0.0048,0.0066,0.0032,0.0031,0.0059,0.0019,0.0047,0.0042,0.0045,0.0035,0.0022,0.0073,0.003,0.0015,0.0003,0.0116,0.001
Test loss: 0.151,0.0728,0.0543,0.0505,0.0601,0.049,0.0657,0.0633,0.0636,0.0877,0.0766,0.0754,0.0777,0.0858,0.0767,0.1023,0.0912,0.0958,0.0988,0.1044,0.0816,0.0774,0.0964,0.0935,0.097,0.0896,0.0888,0.1067,0.0884,0.114,0.1013,0.1095,0.1032,0.1068,0.1348,0.1057,0.1066,0.0969,0.1305,0.1027
Train accuracy: 95.7,98.0,98.9,99.0,99.1,99.4,99.3,99.4,99.6,99.0,99.5,99.6,99.4,99.7,99.8,99.6,99.8,99.8,99.7,99.5,99.9,99.9,99.8,99.8,99.8,99.9,99.9,99.8,99.9,99.8,99.9,99.9,99.9,99.9,99.8,99.9,100.0,100.0,99.7,100.0
Test accuracy: 95.7,97.8,98.3,98.5,98.2,98.6,98.2,98.6,98.5,97.9,98.3,98.4,98.3,98.5,98.6,98.2,98.4,98.6,98.6,98.4,98.6,98.7,98.5,98.6,98.5,98.8,98.7,98.5,98.7,98.7,98.7,98.7,98.7,98.7,98.5,98.7,98.9,98.8,98.4,98.8
Rank: 10,10,10,10,10,10,10,10,10,10,10,10,10,10,10,10,10,10,10,10,10,10,10,10,10,10,10,10,10,10,10,10,10,10,10,10,10,10,10,10
Seed 6/10
Train loss: 0.2285,0.1259,0.0846,0.0811,0.0549,0.0585,0.0504,0.034,0.0347,0.0224,0.0259,0.0246,0.0172,0.0159,0.0111,0.0137,0.01,0.0085,0.0148,0.008,0.0137,0.0117,0.0076,0.0051,0.0062,0.0071,0.0045,0.0048,0.0046,0.0028,0.0017,0.004,0.0054,0.0047,0.0033,0.002,0.0035,0.0087,0.0027,0.0024
Test loss: 0.2307,0.1412,0.104,0.1088,0.0872,0.0956,0.0915,0.0827,0.0949,0.0818,0.0997,0.1007,0.1005,0.1024,0.0927,0.1027,0.1013,0.1016,0.1218,0.1038,0.122,0.1096,0.1193,0.1073,0.1153,0.1228,0.1192,0.1207,0.1192,0.1114,0.1098,0.1091,0.1401,0.1183,0.1224,0.1277,0.1404,0.1459,0.1308,0.1341
Train accuracy: 93.5,96.2,97.4,97.5,98.3,98.1,98.4,98.9,98.9,99.3,99.2,99.2,99.4,99.5,99.7,99.6,99.7,99.7,99.5,99.7,99.5,99.6,99.7,99.9,99.8,99.8,99.8,99.8,99.8,99.9,99.9,99.9,99.8,99.8,99.9,99.9,99.9,99.7,99.9,99.9
Test accuracy: 93.4,95.7,96.8,96.7,97.5,97.1,97.5,97.7,97.7,97.9,97.7,97.8,98.0,98.0,98.1,98.0,98.1,98.0,97.7,97.9,97.8,98.2,98.0,98.2,98.0,98.0,98.1,97.9,98.2,98.2,98.3,98.3,98.0,98.1,98.0,98.1,98.1,98.1,98.2,98.2
Rank: 10,10,10,10,10,10,10,10,10,10,10,10,10,10,10,10,10,10,10,10,10,10,10,10,10,10,10,10,10,10,10,10,10,10,10,10,10,10,10,10
Seed 7/10
Train loss: 0.1827,0.1168,0.1416,0.0635,0.0613,0.0545,0.0453,0.0382,0.0345,0.0305,0.0377,0.0203,0.025,0.0196,0.014,0.0149,0.0153,0.0138,0.0105,0.0126,0.0097,0.0083,0.0078,0.0136,0.0102,0.0075,0.0102,0.0062,0.008,0.0057,0.009,0.0064,0.0117,0.0043,0.0028,0.0133,0.0055,0.0024,0.0085,0.004
Test loss: 0.1795,0.1302,0.1634,0.0932,0.0967,0.0959,0.1018,0.1029,0.0977,0.097,0.1015,0.0907,0.1126,0.1069,0.0968,0.1115,0.1078,0.1167,0.0995,0.1161,0.1152,0.1119,0.1118,0.1272,0.1349,0.1264,0.132,0.1343,0.1407,0.1358,0.1514,0.1285,0.1416,0.1243,0.1367,0.1496,0.1318,0.1455,0.1393,0.1267
Train accuracy: 94.6,96.4,95.9,98.1,98.0,98.3,98.5,98.8,98.8,99.0,98.8,99.3,99.2,99.4,99.5,99.5,99.5,99.5,99.7,99.6,99.7,99.7,99.8,99.6,99.7,99.8,99.7,99.8,99.7,99.8,99.7,99.8,99.7,99.9,99.9,99.6,99.8,99.9,99.8,99.9
Test accuracy: 94.4,96.0,95.5,97.4,97.5,97.4,97.3,97.4,97.8,97.6,97.7,97.9,97.8,98.0,98.1,98.0,98.0,97.9,98.0,98.1,98.1,98.0,98.1,98.0,97.9,98.0,98.1,98.1,98.0,98.0,97.9,98.1,97.9,98.1,98.0,97.8,98.1,98.0,98.2,98.4
Rank: 10,10,10,10,10,10,10,10,10,10,10,10,10,10,10,10,10,10,10,10,10,10,10,10,10,10,10,10,10,10,10,10,10,10,10,10,10,10,10,10
Seed 8/10
Train loss: 0.0993,0.0681,0.061,0.0426,0.0276,0.0302,0.0358,0.0234,0.0152,0.0311,0.0173,0.0119,0.0106,0.0208,0.0065,0.0075,0.0089,0.0056,0.015,0.0222,0.0079,0.0041,0.0121,0.0079,0.0047,0.0018,0.0086,0.0017,0.0033,0.0077,0.0048,0.0015,0.0104,0.0028,0.001,0.0023,0.005,0.0012,0.0034,0.0035
Test loss: 0.0967,0.0762,0.0747,0.0614,0.0567,0.069,0.0832,0.0781,0.0626,0.0921,0.0758,0.071,0.0788,0.104,0.0739,0.0764,0.0752,0.0691,0.1035,0.1167,0.0897,0.0908,0.1337,0.0962,0.0876,0.0753,0.1059,0.0877,0.0829,0.0934,0.0831,0.083,0.1188,0.1067,0.0928,0.1252,0.1192,0.085,0.092,0.1046
Train accuracy: 96.9,97.9,98.0,98.6,99.1,99.0,98.9,99.3,99.5,99.1,99.4,99.6,99.7,99.4,99.8,99.7,99.7,99.8,99.6,99.4,99.7,99.8,99.7,99.7,99.8,99.9,99.7,100.0,99.9,99.8,99.8,100.0,99.7,99.9,100.0,99.9,99.8,100.0,99.9,99.9
Test accuracy: 96.7,97.5,97.5,98.2,98.2,98.1,97.9,98.3,98.5,98.0,98.3,98.6,98.4,98.1,98.5,98.5,98.6,98.6,98.3,98.3,98.2,98.6,98.4,98.3,98.5,98.6,98.3,98.6,98.5,98.3,98.6,98.7,98.3,98.5,98.6,98.5,98.5,98.6,98.6,98.5
Rank: 10,10,10,10,10,10,10,10,10,10,10,10,10,10,10,10,10,10,10,10,10,10,10,10,10,10,10,10,10,10,10,10,10,10,10,10,10,10,10,10
Seed 9/10
Train loss: 0.1553,0.1042,0.0783,0.0521,0.0493,0.0523,0.0357,0.0274,0.0255,0.0277,0.0177,0.0147,0.0106,0.0128,0.0179,0.0136,0.011,0.0148,0.0095,0.0159,0.0183,0.0054,0.0138,0.0053,0.0077,0.0216,0.01,0.0081,0.0119,0.0045,0.0026,0.0065,0.0027,0.004,0.0031,0.0045,0.0098,0.0044,0.0021,0.0015
Test loss: 0.164,0.1197,0.1011,0.0796,0.0857,0.0955,0.0865,0.0796,0.0893,0.0869,0.0852,0.083,0.0812,0.0964,0.0977,0.0905,0.1013,0.0917,0.0969,0.1126,0.1116,0.0954,0.1133,0.1028,0.101,0.1337,0.1089,0.1018,0.1288,0.1129,0.1043,0.1225,0.1088,0.1057,0.1009,0.1084,0.1257,0.1198,0.1168,0.1076
Train accuracy: 95.6,97.0,97.7,98.5,98.5,98.4,99.0,99.2,99.2,99.2,99.4,99.5,99.7,99.6,99.4,99.6,99.6,99.5,99.7,99.5,99.4,99.8,99.6,99.8,99.8,99.3,99.7,99.7,99.7,99.9,99.9,99.8,99.9,99.9,99.9,99.9,99.7,99.9,99.9,100.0
Test accuracy: 95.4,96.5,97.3,97.8,97.8,97.7,97.9,97.9,98.1,98.0,98.1,98.2,98.3,98.1,98.0,98.2,98.0,98.2,98.2,97.9,98.1,98.4,98.0,98.4,98.3,97.8,98.1,98.2,98.0,98.3,98.5,98.2,98.3,98.3,98.2,98.4,98.1,98.3,98.4,98.5
Rank: 10,10,10,10,10,10,10,10,10,10,10,10,10,10,10,10,10,10,10,10,10,10,10,10,10,10,10,10,10,10,10,10,10,10,10,10,10,10,10,10
Seed 10/10
Train loss: 0.1426,0.0859,0.0598,0.0482,0.0367,0.0322,0.023,0.0273,0.0226,0.0168,0.0163,0.0259,0.0213,0.0142,0.0141,0.0052,0.0099,0.0067,0.0088,0.0039,0.0086,0.0044,0.0069,0.0106,0.0048,0.0051,0.0079,0.0076,0.0025,0.0011,0.0076,0.0069,0.0025,0.0062,0.0047,0.0033,0.0009,0.0068,0.0092,0.0042
Test loss: 0.1459,0.0972,0.0804,0.0738,0.0711,0.073,0.0689,0.078,0.0934,0.0869,0.0934,0.1179,0.1156,0.1003,0.106,0.0976,0.1035,0.1058,0.1075,0.1075,0.1052,0.1018,0.1166,0.1138,0.1214,0.1112,0.131,0.1124,0.1175,0.1067,0.1227,0.1228,0.1184,0.1309,0.1356,0.1349,0.1209,0.1352,0.1558,0.1522
Train accuracy: 95.7,97.4,98.3,98.6,98.9,99.0,99.3,99.1,99.3,99.5,99.5,99.1,99.3,99.5,99.5,99.8,99.7,99.8,99.7,99.9,99.7,99.9,99.8,99.7,99.9,99.8,99.8,99.7,99.9,100.0,99.7,99.8,99.9,99.8,99.8,99.9,100.0,99.8,99.7,99.9
Test accuracy: 95.6,97.1,97.6,97.7,98.0,97.8,98.1,97.9,97.9,98.2,98.1,97.6,97.8,98.0,98.0,98.1,98.0,98.2,98.1,98.3,98.0,98.2,98.1,98.0,98.2,98.1,97.9,98.1,98.1,98.4,98.2,98.2,98.3,98.2,98.2,98.2,98.4,98.3,98.2,98.0
Rank: 10,10,10,10,10,10,10,10,10,10,10,10,10,10,10,10,10,10,10,10,10,10,10,10,10,10,10,10,10,10,10,10,10,10,10,10,10,10,10,10
