Seed 1/10
Train loss: 0.5351,0.2724,0.204,0.1544,0.143,0.1121,0.1009,0.0935,0.0762,0.0706,0.067,0.0608,0.0544,0.0544,0.0483,0.0462,0.0542,0.0428,0.0481,0.0368,0.0354,0.0339,0.0338,0.0326,0.0345,0.0292,0.0281,0.0262,0.037,0.0277,0.0293,0.0263,0.0309,0.0214,0.0242,0.0225,0.0204,0.0249,0.0214,0.0192
Test loss: 0.7999,0.3002,0.489,0.2455,0.223,0.2073,0.1883,0.2549,0.2163,0.1525,0.171,0.1888,0.1846,0.1628,0.2147,0.1916,0.1751,0.1694,0.2859,0.2031,0.1841,0.2952,0.3621,0.1808,0.184,0.2148,0.1816,0.1994,0.2919,0.2051,0.1898,0.1869,0.2492,0.162,0.2083,0.2223,0.1782,0.2282,0.291,0.2094
Train accuracy: 89.0,94.5,95.4,96.5,96.6,97.4,97.6,97.8,98.3,98.5,98.5,98.6,98.8,98.9,98.9,99.0,98.7,99.0,98.9,99.2,99.3,99.2,99.3,99.3,99.2,99.3,99.4,99.4,99.0,99.3,99.2,99.4,99.3,99.5,99.4,99.5,99.5,99.4,99.5,99.5
Test accuracy: 88.5,94.0,94.8,95.7,95.6,96.1,96.1,96.1,96.5,96.4,96.5,96.4,96.5,96.5,96.5,96.4,96.3,96.4,96.3,96.8,96.6,96.6,97.0,96.8,96.3,96.6,96.7,96.6,96.1,96.7,96.6,96.7,96.3,96.7,96.6,96.5,96.7,96.7,96.8,96.9
Rank: 10,10,10,10,10,10,10,10,10,10,10,10,10,10,10,10,10,10,10,10,10,10,10,10,10,10,10,10,10,10,10,10,10,10,10,10,10,10,10,10
Seed 2/10
Train loss: 1.1632,0.7723,0.4284,0.3017,0.2259,0.191,0.1743,0.1565,0.1432,0.1387,0.125,0.1135,0.1111,0.1077,0.0946,0.0909,0.0866,0.0931,0.0854,0.0796,0.0762,0.0661,0.0642,0.0651,0.0573,0.0544,0.0501,0.051,0.0562,0.0459,0.0466,0.0432,0.0409,0.0431,0.0468,0.0476,0.038,0.0404,0.0399,0.0357
Test loss: 1.589,2.5208,0.5292,0.3563,0.3168,0.414,0.2358,0.2286,0.2127,0.2225,0.2022,0.1957,0.1919,0.1922,0.1855,0.1787,0.1907,0.1889,0.1819,0.1982,0.1771,0.1756,0.1729,0.1798,0.1671,0.1666,0.1652,0.1758,0.2176,0.1574,0.1725,0.1647,0.1549,0.1803,0.1683,0.1849,0.1651,0.1617,0.1765,0.1578
Train accuracy: 76.0,87.9,94.1,94.0,95.0,95.7,95.9,96.4,96.6,96.6,96.9,97.3,97.3,97.4,97.8,98.0,98.0,97.8,98.0,98.1,98.2,98.5,98.5,98.3,98.7,98.7,98.8,98.8,98.6,98.9,98.8,99.0,99.0,98.9,98.8,98.7,99.1,99.0,98.9,99.1
Test accuracy: 79.8,81.2,93.8,93.4,94.1,94.5,94.4,94.9,95.0,94.7,95.0,95.2,95.2,95.2,95.5,95.5,95.1,95.3,95.5,95.4,95.7,95.7,95.8,95.5,95.9,95.8,95.8,96.1,95.9,96.2,96.0,96.1,96.2,96.2,95.9,96.0,96.0,96.1,96.0,96.2
Rank: 10,10,10,10,10,10,10,10,10,10,10,10,10,10,10,10,10,10,10,10,10,10,10,10,10,10,10,10,10,10,10,10,10,10,10,10,10,10,10,10
Seed 3/10
Train loss: 0.9095,0.7139,0.5839,0.4843,0.4276,0.3786,0.325,0.2652,0.209,0.1835,0.1586,0.1209,0.1009,0.0942,0.0844,0.075,0.0715,0.0636,0.0627,0.0606,0.0537,0.0499,0.0537,0.0517,0.0493,0.042,0.0451,0.0417,0.0384,0.0429,0.0388,0.0347,0.0419,0.0411,0.0337,0.0343,0.0289,0.0315,0.0366,0.0327
Test loss: 0.9956,1.2999,0.6922,0.5397,0.4754,0.5673,0.7591,0.7482,0.2969,0.2461,0.2205,0.2042,0.1747,0.1635,0.1625,0.1488,0.155,0.1441,0.1496,0.1504,0.1486,0.1384,0.1507,0.1662,0.1463,0.1747,0.1898,0.147,0.1483,0.159,0.1546,0.1521,0.1712,0.1893,0.2066,0.1596,0.1753,0.1688,0.3743,0.1704
Train accuracy: 69.3,80.8,83.1,89.5,90.5,91.6,93.0,95.1,95.7,96.0,96.4,97.4,97.8,97.9,98.3,98.5,98.6,98.7,98.7,98.7,99.0,99.1,98.8,99.0,99.0,99.2,99.1,99.3,99.3,99.1,99.3,99.4,99.1,99.2,99.4,99.4,99.6,99.5,99.3,99.4
Test accuracy: 70.5,81.2,83.7,89.2,89.9,90.3,92.0,93.9,95.0,95.4,95.4,96.3,96.5,96.3,96.7,96.8,96.8,96.9,96.8,96.7,96.5,96.8,96.7,96.8,96.6,97.0,96.8,96.8,96.7,96.5,96.7,96.8,96.5,96.6,96.7,96.7,97.0,97.0,96.5,96.7
Rank: 10,10,10,10,10,10,10,10,10,10,10,10,10,10,10,10,10,10,10,10,10,10,10,10,10,10,10,10,10,10,10,10,10,10,10,10,10,10,10,10
Seed 4/10
Train loss: 1.3936,0.9334,0.7144,0.488,0.3711,0.3254,0.2995,0.2487,0.2385,0.2326,0.2085,0.1982,0.1892,0.179,0.1619,0.1721,0.1536,0.1602,0.1481,0.1418,0.1462,0.1373,0.1298,0.1416,0.1293,0.1333,0.1302,0.1204,0.1385,0.12,0.1234,0.1133,0.1149,0.1148,0.1093,0.1064,0.1249,0.1064,0.1097,0.104
Test loss: 1.4057,1.0083,0.7608,0.5544,0.6733,1.1906,0.5047,0.7001,0.731,0.5464,0.7658,0.8854,0.8408,1.1443,1.0764,1.6651,0.6584,1.0562,0.5948,0.6611,0.7387,0.808,0.8433,0.7343,0.7833,0.6034,0.6148,0.6464,1.3688,1.0012,0.5709,0.7909,0.8196,0.902,1.2808,0.9219,1.0146,1.019,0.7468,1.0001
Train accuracy: 46.9,69.6,77.6,90.6,92.7,93.3,93.7,94.6,94.8,94.5,95.1,95.3,95.4,95.6,96.0,95.6,96.0,95.9,96.2,96.4,96.3,96.4,96.6,96.2,96.6,96.5,96.6,96.8,96.2,96.9,96.7,97.1,96.9,97.0,97.1,97.2,96.8,97.2,97.2,97.4
Test accuracy: 47.0,69.4,77.7,89.8,92.0,92.5,92.8,93.5,93.8,92.9,93.8,94.0,94.4,93.3,94.2,91.6,94.3,93.7,94.4,94.7,94.0,94.5,94.6,94.6,94.8,94.3,94.2,94.7,93.8,94.5,94.5,94.9,94.7,94.6,94.6,94.8,94.5,94.5,94.6,94.7
Rank: 9,10,10,10,10,10,10,10,10,10,10,10,10,10,10,10,10,10,10,10,10,10,10,10,10,10,10,10,10,10,10,10,10,10,10,10,10,10,10,10
Seed 5/10
Train loss: 1.1149,0.6999,0.443,0.2852,0.2042,0.1558,0.1271,0.1114,0.0921,0.0815,0.0764,0.0686,0.0633,0.0596,0.0558,0.0516,0.053,0.0524,0.0489,0.0548,0.0445,0.0442,0.0419,0.0396,0.0452,0.0365,0.04,0.0381,0.0331,0.0367,0.0368,0.0362,0.0334,0.0341,0.0336,0.0318,0.0368,0.0361,0.0328,0.0298
Test loss: 1.2379,1.1592,0.5514,0.3052,0.2401,0.195,0.1877,0.1696,0.1583,0.1521,0.1379,0.1378,0.1329,0.151,0.1246,0.1364,0.1316,0.1316,0.135,0.1353,0.1397,0.134,0.1327,0.1307,0.1432,0.1315,0.1745,0.1326,0.1941,0.2307,0.1952,0.1489,0.1649,0.1668,0.1655,0.1633,0.2302,0.1552,0.2036,0.2073
Train accuracy: 72.4,81.6,94.4,95.7,96.5,97.1,97.6,97.6,98.2,98.4,98.4,98.6,98.8,98.8,99.0,99.0,99.0,98.9,99.0,98.8,99.2,99.2,99.2,99.3,99.1,99.3,99.2,99.3,99.5,99.3,99.3,99.4,99.4,99.4,99.4,99.5,99.3,99.3,99.4,99.5
Test accuracy: 73.3,81.6,94.5,95.5,96.0,96.1,96.7,96.5,96.7,96.8,96.8,96.9,96.9,97.1,97.0,97.1,97.0,96.9,96.9,96.9,97.0,97.1,97.3,97.1,96.8,97.3,97.0,97.1,97.3,97.2,97.0,97.2,97.3,97.0,97.0,97.2,97.3,96.8,97.1,97.1
Rank: 10,10,10,10,10,10,10,10,10,10,10,10,10,10,10,10,10,10,10,10,10,10,10,10,10,10,10,10,10,10,10,10,10,10,10,10,10,10,10,10
Seed 6/10
Train loss: 0.4506,0.2569,0.1849,0.1421,0.1593,0.1058,0.0939,0.0909,0.0829,0.0742,0.0727,0.065,0.0601,0.0532,0.0716,0.069,0.0467,0.0472,0.0411,0.04,0.048,0.041,0.0346,0.0387,0.0399,0.0458,0.0386,0.0318,0.0422,0.0313,0.0443,0.0281,0.0265,0.0485,0.0269,0.0248,0.024,0.0281,0.0221,0.0278
Test loss: 0.4941,0.5669,1.3909,0.5751,0.3194,0.2408,0.8392,0.3278,1.0655,0.6681,0.3185,1.4775,1.0108,2.5057,0.969,1.5603,1.1474,0.4879,1.6354,0.4051,1.0866,0.7383,2.0376,2.0842,1.2511,0.4056,0.3818,2.0816,2.1646,2.1061,2.2538,0.853,2.2069,0.1515,0.9796,0.2534,0.3499,0.6394,1.2936,0.6546
Train accuracy: 90.6,94.8,95.8,96.5,96.1,97.3,97.6,97.6,97.9,98.1,98.0,98.3,98.5,98.6,97.9,98.0,98.7,98.7,98.9,98.9,98.6,98.9,99.1,98.9,98.8,98.7,98.9,99.1,98.7,99.1,98.6,99.2,99.2,98.6,99.2,99.3,99.3,99.2,99.3,99.2
Test accuracy: 91.1,94.5,95.1,95.6,95.2,96.2,96.2,96.0,96.2,96.4,96.2,95.9,96.3,96.1,96.1,95.8,96.7,96.4,96.6,96.6,96.5,96.6,96.4,96.4,96.5,96.5,96.3,96.3,96.2,96.4,96.5,96.7,96.5,96.6,96.9,96.8,97.0,96.6,96.7,96.7
Rank: 10,10,10,10,10,10,10,10,10,10,10,10,10,10,10,10,10,10,10,10,10,10,10,10,10,10,10,10,10,10,10,10,10,10,10,10,10,10,10,10
Seed 7/10
Train loss: 0.5636,0.277,0.1771,0.1384,0.1256,0.1048,0.0964,0.0775,0.0896,0.0688,0.0641,0.0749,0.0599,0.059,0.0528,0.0461,0.0528,0.0455,0.0418,0.0439,0.0409,0.0402,0.0344,0.037,0.0354,0.0371,0.0298,0.0332,0.0333,0.0283,0.0282,0.0265,0.0257,0.0291,0.0243,0.0295,0.0375,0.0238,0.0256,0.02
Test loss: 0.578,0.3019,0.2104,0.174,0.1699,0.162,0.1474,0.1399,0.1621,0.145,0.1355,0.1732,0.1585,0.2067,0.5991,0.614,0.1721,0.1478,0.3892,0.2105,0.1801,0.2459,0.2565,0.2242,0.217,0.1447,0.4058,0.1446,0.1738,0.1653,0.213,0.2009,0.1646,0.245,0.2094,0.2125,0.4314,0.1534,0.1622,0.1647
Train accuracy: 91.0,94.8,96.4,97.0,97.1,97.6,97.8,98.4,97.9,98.6,98.7,98.2,98.8,98.8,99.0,99.2,98.9,99.1,99.2,99.2,99.2,99.2,99.5,99.4,99.4,99.3,99.5,99.4,99.4,99.5,99.5,99.5,99.5,99.5,99.6,99.3,99.0,99.6,99.5,99.7
Test accuracy: 91.0,94.4,96.0,96.3,96.0,96.3,96.5,96.8,96.2,96.8,96.9,96.4,96.7,96.7,97.0,96.8,96.6,96.8,96.9,96.5,96.6,97.0,96.9,96.8,96.7,96.6,96.8,96.7,96.8,97.0,97.2,97.0,97.0,96.8,96.9,96.7,96.3,97.0,96.8,97.1
Rank: 10,10,10,10,10,10,10,10,10,10,10,10,10,10,10,10,10,10,10,10,10,10,10,10,10,10,10,10,10,10,10,10,10,10,10,10,10,10,10,10
Seed 8/10
Train loss: 0.7946,0.3818,0.2306,0.1686,0.1374,0.1147,0.1171,0.0883,0.0858,0.0726,0.0683,0.0609,0.0623,0.0531,0.0552,0.0474,0.0435,0.0489,0.0427,0.0452,0.0418,0.0424,0.0411,0.0338,0.0352,0.0359,0.038,0.0302,0.0336,0.0311,0.0292,0.0336,0.0343,0.0231,0.0291,0.0306,0.0255,0.0232,0.0223,0.025
Test loss: 0.8392,0.4659,0.2521,0.2014,0.2016,0.3234,0.1909,0.2591,0.3291,0.2364,0.143,0.1389,0.3662,0.183,0.1605,0.1756,0.1537,0.149,0.281,0.2492,0.1357,0.1615,0.167,0.1729,0.1874,0.1556,0.1938,0.1522,0.1455,0.164,0.1598,0.3719,0.1859,0.1548,0.1743,0.1643,0.1917,0.147,0.1642,0.146
Train accuracy: 91.2,94.4,95.4,96.5,96.7,97.0,96.6,97.7,97.7,98.0,98.1,98.3,98.2,98.5,98.5,98.7,98.8,98.6,98.8,98.8,98.8,98.8,98.9,99.1,99.1,99.2,99.1,99.3,99.1,99.2,99.3,99.1,99.2,99.4,99.3,99.2,99.4,99.4,99.5,99.4
Test accuracy: 90.7,94.3,95.1,95.7,95.6,95.9,95.4,96.3,96.5,96.7,96.4,96.7,96.6,96.7,96.5,96.9,96.9,96.7,97.0,96.8,96.7,96.8,96.9,97.1,97.0,97.0,97.0,97.1,97.0,97.0,97.0,96.6,96.9,97.2,96.9,96.9,97.2,96.9,97.0,96.8
Rank: 10,10,10,10,10,10,10,10,10,10,10,10,10,10,10,10,10,10,10,10,10,10,10,10,10,10,10,10,10,10,10,10,10,10,10,10,10,10,10,10
Seed 9/10
Train loss: 0.3515,0.2394,0.1928,0.1651,0.1391,0.118,0.1191,0.0969,0.0911,0.0851,0.0744,0.0704,0.07,0.0637,0.0637,0.0542,0.0551,0.0508,0.0459,0.0476,0.0463,0.0417,0.0394,0.0427,0.0375,0.0424,0.0338,0.0336,0.0341,0.0317,0.0372,0.0379,0.0313,0.0264,0.0303,0.0278,0.0284,0.0242,0.0399,0.0253
Test loss: 0.4838,0.3769,0.2873,0.2512,0.3415,0.3625,0.3246,0.2212,0.207,1.1002,0.384,0.2458,0.4681,0.9529,0.213,0.3286,0.2018,0.2144,0.2676,0.1818,0.1647,0.1719,0.1718,0.1891,0.1858,0.2525,0.2306,0.2029,0.1701,0.1806,0.2411,0.1701,0.1891,0.2007,0.1954,0.1907,0.1589,0.1592,0.1595,0.1629
Train accuracy: 92.7,94.4,95.0,95.5,96.2,96.8,96.6,97.4,97.4,97.7,97.9,98.1,98.2,98.4,98.2,98.6,98.5,98.7,98.8,98.8,98.9,99.0,99.0,98.9,99.1,98.9,99.2,99.2,99.2,99.2,99.1,99.1,99.3,99.4,99.3,99.4,99.3,99.4,99.1,99.4
Test accuracy: 92.6,94.1,94.5,94.6,95.0,95.8,95.3,95.9,96.0,96.3,96.5,96.4,96.3,96.4,96.3,96.6,96.5,96.5,96.8,96.6,96.7,96.7,96.7,96.4,96.8,96.5,96.9,96.9,96.8,96.9,96.7,96.6,96.7,96.9,96.8,96.7,97.0,96.9,96.4,96.8
Rank: 10,10,10,10,10,10,10,10,10,10,10,10,10,10,10,10,10,10,10,10,10,10,10,10,10,10,10,10,10,10,10,10,10,10,10,10,10,10,10,10
Seed 10/10
Train loss: 0.4229,0.2566,0.1727,0.137,0.1141,0.0962,0.0857,0.0748,0.0685,0.0693,0.0577,0.0472,0.0509,0.0478,0.0445,0.041,0.0378,0.0367,0.0346,0.0306,0.0351,0.0307,0.0297,0.0271,0.0303,0.0271,0.0229,0.0226,0.023,0.0249,0.0262,0.0201,0.0219,0.018,0.0191,0.0236,0.016,0.0155,0.0193,0.0141
Test loss: 0.4476,0.2981,0.2205,0.2212,0.2904,0.2275,0.1983,0.2201,0.5943,0.1822,0.4293,0.1582,0.4233,0.2253,0.2474,0.1375,0.203,0.1599,0.1867,0.1657,0.4318,0.2632,0.3386,0.8965,0.2294,0.27,0.3872,0.1712,0.2096,0.2357,0.2079,0.1612,0.1886,0.206,0.2716,0.2012,0.224,0.2973,0.1928,0.1619
Train accuracy: 92.0,94.9,96.1,96.8,97.1,97.5,97.7,98.1,98.2,98.1,98.5,98.7,98.7,98.8,98.9,99.0,99.1,99.1,99.1,99.2,99.1,99.3,99.3,99.3,99.2,99.3,99.4,99.5,99.4,99.4,99.3,99.5,99.5,99.5,99.5,99.4,99.6,99.6,99.5,99.6
Test accuracy: 92.0,94.8,95.7,95.9,96.0,96.5,96.5,96.6,96.9,96.5,96.7,97.0,96.8,96.7,96.7,96.9,97.0,97.0,97.0,97.1,96.9,96.9,96.9,97.0,96.9,96.9,96.9,97.2,96.9,97.0,96.6,97.0,97.1,97.0,96.9,96.6,97.0,97.1,97.0,97.1
Rank: 10,10,10,10,10,10,10,10,10,10,10,10,10,10,10,10,10,10,10,10,10,10,10,10,10,10,10,10,10,10,10,10,10,10,10,10,10,10,10,10
