Seed 1/10
Train loss: 0.2379,0.1305,0.0725,0.0504,0.0365,0.0326,0.0221,0.0237,0.016,0.0173,0.0247,0.0121,0.0088,0.0072,0.0117,0.0084,0.0056,0.0058,0.0058,0.0099,0.0042,0.0065,0.0064,0.0039,0.0042,0.0056,0.006,0.003,0.0038,0.006,0.0031,0.0033,0.0026,0.0037,0.0031,0.0047,0.0021,0.0022,0.0031,0.0034
Test loss: 0.2541,0.1507,0.1254,0.076,0.0692,0.08,0.0777,0.0708,0.0697,0.0707,0.1005,0.0622,0.0686,0.0586,0.065,0.0604,0.063,0.0755,0.0632,0.086,0.0697,0.067,0.062,0.0642,0.0556,0.062,0.0632,0.0593,0.0671,0.0598,0.0525,0.0664,0.0601,0.0723,0.0743,0.0681,0.06,0.056,0.0542,0.0633
Train accuracy: 97.3,98.0,98.5,98.9,99.2,99.2,99.6,99.4,99.7,99.5,99.6,99.8,99.8,99.9,99.8,99.8,99.9,99.9,99.9,99.7,99.9,99.8,99.8,99.9,99.9,99.9,99.9,99.9,99.9,99.9,99.9,99.9,99.9,99.9,99.9,99.9,99.9,99.9,99.9,99.9
Test accuracy: 97.1,97.6,97.8,98.0,98.2,98.2,98.4,98.3,98.3,98.2,98.2,98.4,98.6,98.6,98.5,98.6,98.6,98.5,98.5,98.2,98.6,98.4,98.4,98.6,98.7,98.4,98.5,98.6,98.5,98.6,98.7,98.6,98.8,98.6,98.6,98.6,98.8,98.8,98.7,98.7
Rank: 10,10,10,10,10,10,10,10,10,10,10,10,10,10,10,10,10,10,10,10,10,10,10,10,10,10,10,10,10,10,10,10,10,10,10,10,10,10,10,10
Seed 2/10
Train loss: 0.3398,0.2226,0.1111,0.074,0.044,0.0352,0.0305,0.0183,0.0172,0.0126,0.0109,0.0101,0.0079,0.0104,0.0063,0.0068,0.0072,0.0095,0.0054,0.005,0.0064,0.0038,0.005,0.0071,0.0066,0.003,0.0026,0.0047,0.0033,0.0023,0.0022,0.0056,0.0028,0.0022,0.0019,0.0039,0.0025,0.0022,0.0017,0.0017
Test loss: 0.3737,0.2582,0.1564,0.105,0.0742,0.0782,0.0723,0.0543,0.059,0.0657,0.0567,0.054,0.0566,0.0598,0.0577,0.058,0.0823,0.0794,0.0626,0.0658,0.0651,0.0577,0.0608,0.0673,0.0767,0.0579,0.0568,0.0628,0.0643,0.0538,0.0538,0.0654,0.0562,0.0574,0.056,0.0615,0.0585,0.0597,0.0529,0.0603
Train accuracy: 97.1,98.1,98.5,98.5,99.1,99.3,99.3,99.6,99.6,99.7,99.8,99.8,99.8,99.8,99.9,99.8,99.8,99.7,99.9,99.9,99.8,99.9,99.9,99.8,99.8,99.9,99.9,99.9,99.9,99.9,99.9,99.9,99.9,99.9,99.9,99.9,99.9,99.9,99.9,99.9
Test accuracy: 96.8,97.8,98.0,97.8,98.4,98.5,98.2,98.6,98.6,98.5,98.7,98.7,98.7,98.6,98.7,98.7,98.7,98.3,98.7,98.6,98.6,98.8,98.7,98.5,98.4,98.8,98.9,98.7,98.6,98.9,98.8,98.7,98.8,98.9,98.8,98.7,98.9,98.8,98.9,98.8
Rank: 10,10,10,10,10,10,10,10,10,10,10,10,10,10,10,10,10,10,10,10,10,10,10,10,10,10,10,10,10,10,10,10,10,10,10,10,10,10,10,10
Seed 3/10
Train loss: 0.1365,0.0821,0.051,0.0422,0.0308,0.0223,0.0262,0.015,0.0144,0.0121,0.0081,0.0089,0.0069,0.0083,0.0057,0.006,0.005,0.0051,0.0044,0.0058,0.0047,0.0046,0.0037,0.0047,0.003,0.0106,0.0029,0.0028,0.0064,0.0029,0.0033,0.0033,0.0034,0.0057,0.0025,0.0111,0.0027,0.002,0.0018,0.006
Test loss: 0.1508,0.1394,0.0855,0.0675,0.0672,0.0637,0.0799,0.0635,0.0571,0.0669,0.0602,0.057,0.0588,0.0607,0.0529,0.0621,0.0509,0.0542,0.0581,0.0626,0.0565,0.0537,0.056,0.0541,0.0535,0.068,0.0528,0.0671,0.0676,0.0556,0.0576,0.0534,0.0624,0.0711,0.0583,0.0814,0.0511,0.052,0.0481,0.0595
Train accuracy: 97.6,98.3,98.8,99.1,99.2,99.4,99.2,99.6,99.6,99.7,99.8,99.8,99.8,99.8,99.9,99.8,99.9,99.9,99.9,99.9,99.9,99.9,99.9,99.9,99.9,99.7,99.9,99.9,99.9,99.9,99.9,99.9,99.9,99.9,99.9,99.8,99.9,99.9,99.9,99.9
Test accuracy: 97.5,97.9,98.1,98.4,98.2,98.6,98.2,98.5,98.7,98.6,98.8,98.7,98.7,98.7,98.6,98.7,98.8,98.7,98.8,98.7,98.7,98.8,98.8,98.8,98.9,98.5,98.8,98.7,98.6,98.7,98.7,98.8,98.8,98.6,98.8,98.4,98.8,98.8,99.0,98.7
Rank: 10,10,10,10,10,10,10,10,10,10,10,10,10,10,10,10,10,10,10,10,10,10,10,10,10,10,10,10,10,10,10,10,10,10,10,10,10,10,10,10
Seed 4/10
Train loss: 0.3196,0.2007,0.1299,0.0866,0.0636,0.0471,0.0394,0.0331,0.027,0.0318,0.0287,0.0219,0.0216,0.0175,0.0135,0.0154,0.0103,0.0181,0.0192,0.0114,0.0101,0.0089,0.0119,0.0094,0.0073,0.0126,0.0083,0.0084,0.0059,0.0106,0.0087,0.0053,0.0073,0.0065,0.0058,0.0042,0.0085,0.0049,0.0097,0.0043
Test loss: 0.3467,0.3064,0.2069,0.1612,0.0991,0.1011,0.0767,0.079,0.0778,0.0744,0.076,0.0732,0.0713,0.0699,0.0709,0.0873,0.0667,0.1073,0.074,0.0846,0.0786,0.0634,0.0747,0.0797,0.0654,0.0917,0.0689,0.0766,0.0673,0.0891,0.0751,0.0692,0.0887,0.0723,0.0752,0.0752,0.0712,0.0769,0.1131,0.0727
Train accuracy: 96.5,97.6,98.0,98.5,98.8,99.0,99.1,99.3,99.4,99.3,99.3,99.5,99.5,99.6,99.7,99.6,99.8,99.6,99.5,99.8,99.7,99.8,99.8,99.8,99.8,99.7,99.8,99.8,99.9,99.7,99.8,99.9,99.8,99.9,99.9,99.9,99.8,99.9,99.7,99.9
Test accuracy: 96.4,97.4,97.6,97.8,98.0,98.1,98.3,98.4,98.5,98.2,98.3,98.5,98.4,98.5,98.5,98.3,98.6,98.2,98.2,98.5,98.4,98.4,98.3,98.5,98.6,98.1,98.2,98.3,98.6,98.2,98.2,98.4,98.2,98.4,98.3,98.6,98.3,98.4,98.2,98.4
Rank: 10,10,10,10,10,10,10,10,10,10,10,10,10,10,10,10,10,10,10,10,10,10,10,10,10,10,10,10,10,10,10,10,10,10,10,10,10,10,10,10
Seed 5/10
Train loss: 0.2622,0.1739,0.0873,0.0546,0.0412,0.0267,0.0251,0.0182,0.0142,0.0121,0.0093,0.0154,0.0136,0.0075,0.0061,0.0062,0.0075,0.0057,0.008,0.0051,0.0036,0.0035,0.0051,0.0031,0.0031,0.0048,0.0032,0.0032,0.0031,0.0041,0.0027,0.0052,0.0031,0.0022,0.0017,0.0017,0.0019,0.0028,0.0023,0.0023
Test loss: 0.2782,0.2151,0.1238,0.0716,0.094,0.0571,0.0588,0.0588,0.0491,0.0583,0.0512,0.0602,0.0539,0.0703,0.0515,0.0548,0.0571,0.0549,0.057,0.0543,0.0512,0.0602,0.0692,0.0543,0.0586,0.0646,0.0513,0.0554,0.0613,0.0598,0.054,0.0672,0.0579,0.0584,0.0557,0.0536,0.0551,0.0619,0.0636,0.0558
Train accuracy: 97.8,98.4,98.4,98.9,99.0,99.4,99.4,99.6,99.7,99.7,99.8,99.7,99.7,99.8,99.9,99.9,99.8,99.9,99.8,99.9,99.9,99.9,99.9,99.9,99.9,99.9,99.9,99.9,99.9,99.9,99.9,99.9,99.9,100.0,100.0,100.0,100.0,99.9,100.0,99.9
Test accuracy: 97.6,98.0,98.0,98.5,98.3,98.7,98.4,98.7,98.6,98.7,98.8,98.6,98.5,98.7,98.8,98.8,98.6,98.8,98.7,98.8,98.9,98.8,98.8,98.8,98.8,98.6,98.9,98.8,98.6,98.6,98.9,98.5,98.7,98.8,98.9,98.9,98.8,98.7,98.7,98.7
Rank: 10,10,10,10,10,10,10,10,10,10,10,10,10,10,10,10,10,10,10,10,10,10,10,10,10,10,10,10,10,10,10,10,10,10,10,10,10,10,10,10
Seed 6/10
Train loss: 0.2405,0.1268,0.0669,0.0429,0.0325,0.0238,0.0196,0.0158,0.0133,0.0142,0.0099,0.0106,0.0071,0.0066,0.008,0.0046,0.0056,0.0043,0.0041,0.0053,0.0039,0.0035,0.0075,0.0037,0.0028,0.0212,0.0045,0.0025,0.0033,0.0053,0.0024,0.0021,0.0036,0.0056,0.0033,0.0034,0.0028,0.0036,0.0024,0.0027
Test loss: 0.2532,0.1824,0.0939,0.1087,0.0566,0.063,0.0598,0.0526,0.092,0.0539,0.0511,0.0528,0.0482,0.0408,0.0496,0.048,0.0489,0.047,0.0437,0.0536,0.0503,0.0558,0.0531,0.0506,0.0505,0.085,0.0545,0.0522,0.0556,0.06,0.0513,0.0505,0.062,0.0726,0.0696,0.054,0.0552,0.0565,0.0534,0.051
Train accuracy: 97.5,98.1,98.8,99.2,99.4,99.5,99.6,99.7,99.7,99.7,99.8,99.8,99.8,99.9,99.8,99.9,99.9,99.9,99.9,99.9,99.9,99.9,99.8,99.9,99.9,99.5,99.9,99.9,99.9,99.9,99.9,99.9,99.9,99.9,99.9,99.9,99.9,99.9,99.9,99.9
Test accuracy: 97.6,97.9,98.3,98.7,98.7,98.7,98.8,98.8,98.8,98.8,98.8,98.8,98.8,99.0,98.9,99.0,98.9,99.1,99.1,98.9,98.9,98.9,98.7,98.9,99.0,98.2,98.8,99.0,99.0,98.9,99.0,99.0,98.9,98.7,98.8,99.0,98.9,98.9,98.9,99.0
Rank: 10,10,10,10,10,10,10,10,10,10,10,10,10,10,10,10,10,10,10,10,10,10,10,10,10,10,10,10,10,10,10,10,10,10,10,10,10,10,10,10
Seed 7/10
Train loss: 0.4053,0.266,0.2115,0.1585,0.1063,0.0764,0.0575,0.0442,0.0387,0.034,0.0287,0.0252,0.0241,0.0226,0.0201,0.0183,0.0188,0.0169,0.013,0.0113,0.0133,0.0109,0.0116,0.0092,0.0097,0.0095,0.0072,0.0084,0.007,0.0069,0.009,0.0107,0.0069,0.0055,0.0061,0.0053,0.0062,0.0048,0.0045,0.0041
Test loss: 0.6005,0.3074,0.241,0.2055,0.2111,0.1199,0.13,0.0926,0.1001,0.1072,0.0861,0.0887,0.0819,0.0888,0.0845,0.0859,0.0936,0.0888,0.0828,0.0846,0.096,0.0928,0.0798,0.0869,0.104,0.0823,0.0819,0.0871,0.0862,0.079,0.0904,0.1267,0.1026,0.0777,0.0749,0.0753,0.0803,0.0773,0.0746,0.0728
Train accuracy: 91.2,96.5,97.8,98.5,98.1,98.3,98.7,99.0,99.1,99.3,99.4,99.5,99.6,99.5,99.6,99.6,99.6,99.7,99.8,99.8,99.7,99.8,99.8,99.8,99.8,99.8,99.8,99.8,99.8,99.8,99.7,99.7,99.8,99.9,99.9,99.9,99.9,99.9,99.9,99.9
Test accuracy: 94.7,96.4,97.1,97.7,97.6,97.2,97.5,97.6,97.8,97.7,98.0,97.9,98.1,98.1,98.0,97.9,98.1,98.0,98.2,98.3,98.1,98.3,98.3,98.2,98.2,98.2,98.5,98.3,98.3,98.3,98.3,98.2,98.4,98.6,98.4,98.5,98.5,98.6,98.6,98.6
Rank: 10,10,10,10,10,10,10,10,10,10,10,10,10,10,10,10,10,10,10,10,10,10,10,10,10,10,10,10,10,10,10,10,10,10,10,10,10,10,10,10
Seed 8/10
Train loss: 0.1345,0.0713,0.0466,0.0312,0.0238,0.0219,0.016,0.0136,0.0116,0.0107,0.0054,0.0069,0.0129,0.0062,0.0067,0.0041,0.0103,0.0035,0.0038,0.0034,0.0089,0.0063,0.0027,0.0033,0.0052,0.0037,0.0035,0.0043,0.0074,0.0028,0.0033,0.0026,0.0016,0.0054,0.0029,0.0017,0.0015,0.0014,0.0014,0.0013
Test loss: 0.2097,0.1066,0.0901,0.0671,0.1208,0.0829,0.0618,0.066,0.0893,0.0767,0.0585,0.1016,0.0685,0.0846,0.0561,0.0614,0.0639,0.0777,0.0627,0.0555,0.0774,0.0728,0.0707,0.0624,0.0576,0.0677,0.06,0.074,0.086,0.0633,0.0566,0.0625,0.0624,0.0699,0.0642,0.0615,0.0628,0.0641,0.0636,0.0648
Train accuracy: 97.5,98.5,98.9,99.3,99.5,99.5,99.6,99.7,99.8,99.8,99.9,99.9,99.6,99.9,99.8,99.9,99.7,99.9,99.9,99.9,99.7,99.9,100.0,99.9,99.9,99.9,99.9,99.9,99.8,100.0,99.9,100.0,100.0,99.9,100.0,100.0,100.0,100.0,100.0,100.0
Test accuracy: 97.5,97.9,98.6,98.5,98.6,98.5,98.6,98.6,98.7,98.5,98.8,98.7,98.5,98.7,98.8,98.7,98.5,98.8,98.8,98.7,98.4,98.4,98.7,98.7,98.6,98.7,98.6,98.6,98.5,98.7,98.7,98.8,98.9,98.6,98.7,98.8,98.8,98.9,98.9,98.9
Rank: 10,10,10,10,10,10,10,10,10,10,10,10,10,10,10,10,10,10,10,10,10,10,10,10,10,10,10,10,10,10,10,10,10,10,10,10,10,10,10,10
Seed 9/10
Train loss: 0.1622,0.0865,0.0598,0.044,0.033,0.029,0.0225,0.0167,0.0167,0.0113,0.0116,0.0092,0.0092,0.0079,0.0075,0.0107,0.0055,0.0063,0.0099,0.0043,0.0051,0.0055,0.0053,0.007,0.0078,0.0037,0.0031,0.0051,0.0043,0.003,0.0029,0.0031,0.0024,0.0022,0.0056,0.003,0.0022,0.002,0.0029,0.0031
Test loss: 0.172,0.1051,0.0798,0.0656,0.0633,0.0641,0.0608,0.0562,0.058,0.057,0.0546,0.0546,0.0645,0.0565,0.0572,0.0746,0.0581,0.052,0.0791,0.0606,0.0642,0.06,0.0594,0.0568,0.0703,0.0601,0.0572,0.0662,0.0592,0.055,0.0512,0.0549,0.0542,0.0529,0.054,0.0511,0.053,0.0525,0.057,0.057
Train accuracy: 97.1,98.2,98.6,99.0,99.2,99.2,99.5,99.6,99.6,99.7,99.8,99.8,99.8,99.8,99.8,99.7,99.9,99.9,99.8,99.9,99.9,99.9,99.9,99.8,99.8,99.9,99.9,99.9,99.9,99.9,99.9,99.9,99.9,99.9,99.9,99.9,99.9,99.9,99.9,99.9
Test accuracy: 97.1,98.0,98.0,98.4,98.5,98.3,98.5,98.7,98.5,98.7,98.6,98.8,98.7,98.6,98.8,98.4,98.7,98.8,98.4,98.8,98.7,98.6,98.8,98.7,98.6,98.7,98.8,98.7,98.8,98.7,98.9,98.8,98.8,98.8,98.7,98.7,98.8,98.8,98.7,98.8
Rank: 10,10,10,10,10,10,10,10,10,10,10,10,10,10,10,10,10,10,10,10,10,10,10,10,10,10,10,10,10,10,10,10,10,10,10,10,10,10,10,10
Seed 10/10
Train loss: 0.3094,0.1651,0.1178,0.091,0.071,0.1355,0.0525,0.0457,0.0452,0.0366,0.0301,0.025,0.0245,0.0231,0.0228,0.0229,0.0158,0.0158,0.0148,0.0136,0.0255,0.0119,0.0169,0.0135,0.0116,0.0084,0.015,0.0083,0.0129,0.0089,0.0093,0.0104,0.0075,0.0083,0.0069,0.0084,0.0071,0.0072,0.0064,0.0061
Test loss: 0.3156,0.218,0.2175,0.1205,0.0963,0.1625,0.1017,0.0886,0.1045,0.0978,0.1024,0.0858,0.1145,0.1181,0.1348,0.2982,0.0868,0.1305,0.0909,0.0984,0.1719,0.1135,0.1755,0.1372,0.1317,0.1168,0.1394,0.0826,0.0924,0.1011,0.1412,0.0969,0.0958,0.1416,0.0847,0.4653,0.08,0.0956,0.0836,0.0865
Train accuracy: 94.3,96.5,97.3,97.8,98.2,96.0,98.6,98.8,98.7,99.0,99.2,99.4,99.4,99.4,99.5,99.5,99.7,99.6,99.6,99.7,99.4,99.7,99.6,99.7,99.8,99.8,99.7,99.8,99.7,99.8,99.8,99.8,99.8,99.8,99.8,99.8,99.8,99.8,99.8,99.8
Test accuracy: 94.7,96.5,97.2,97.2,97.5,95.3,97.8,97.7,97.4,97.8,97.9,98.0,98.0,97.8,97.8,97.9,98.0,97.9,98.1,97.8,97.4,98.0,97.8,98.2,98.2,98.3,97.8,98.2,98.0,98.2,98.1,98.1,98.2,98.1,98.2,98.1,98.2,98.2,98.3,98.2
Rank: 10,10,10,10,10,10,10,10,10,10,10,10,10,10,10,10,10,10,10,10,10,10,10,10,10,10,10,10,10,10,10,10,10,10,10,10,10,10,10,10
