Seed 1/10
Train loss: 0.0494,0.0311,0.0405,0.0181,0.0151,0.0145,0.0087,0.0083,0.0062,0.0049,0.0089,0.0043,0.0048,0.0034,0.0029,0.0027,0.002,0.0024,0.0021,0.0015,0.0017,0.0015,0.0015,0.0019,0.0012,0.0011,0.0007,0.001,0.0013,0.0008,0.0009,0.0007,0.0009,0.0008,0.0008,0.0007,0.0004,0.0006,0.0004,0.0006
Test loss: 0.0496,0.0378,0.0506,0.0303,0.0311,0.0415,0.0297,0.0316,0.0276,0.0282,0.0325,0.0288,0.0317,0.0268,0.0289,0.0291,0.0331,0.0316,0.0292,0.0313,0.0309,0.0333,0.0324,0.0372,0.0317,0.0351,0.0325,0.0302,0.0306,0.0323,0.0329,0.0427,0.0351,0.0407,0.04,0.0386,0.0368,0.0471,0.0353,0.0428
Train accuracy: 98.5,99.0,98.7,99.4,99.5,99.5,99.7,99.7,99.8,99.8,99.7,99.9,99.8,99.9,99.9,99.9,99.9,99.9,99.9,99.9,99.9,100.0,100.0,99.9,100.0,100.0,100.0,100.0,100.0,100.0,100.0,100.0,100.0,100.0,100.0,100.0,100.0,100.0,100.0,100.0
Test accuracy: 98.5,98.8,98.4,99.0,99.1,98.8,99.1,99.0,99.2,99.2,99.1,99.3,99.1,99.2,99.2,99.2,99.1,99.2,99.3,99.2,99.2,99.2,99.2,99.1,99.3,99.2,99.2,99.3,99.2,99.2,99.2,99.2,99.2,99.2,99.2,99.2,99.3,99.2,99.2,99.1
Rank: 10,10,10,10,10,10,10,10,10,10,10,10,10,10,10,10,10,10,10,10,10,10,10,10,10,10,10,10,10,10,10,10,10,10,10,10,10,10,10,10
Seed 2/10
Train loss: 0.0458,0.0289,0.0202,0.0167,0.0138,0.0129,0.0097,0.0106,0.0063,0.0053,0.0059,0.0037,0.0047,0.0054,0.0032,0.0032,0.0019,0.0021,0.0028,0.0016,0.0016,0.002,0.0014,0.0014,0.0016,0.0011,0.0012,0.0009,0.0006,0.0008,0.0007,0.0009,0.0012,0.0007,0.0005,0.0008,0.0005,0.0004,0.0005,0.0005
Test loss: 0.0482,0.0368,0.0377,0.0308,0.0288,0.0305,0.0302,0.0349,0.0304,0.0248,0.032,0.0279,0.0271,0.0271,0.0284,0.0313,0.0263,0.0233,0.0385,0.0342,0.0325,0.0358,0.0342,0.0318,0.0348,0.036,0.0311,0.0331,0.0299,0.0359,0.0387,0.0396,0.033,0.0303,0.0338,0.0331,0.0339,0.0349,0.0363,0.0323
Train accuracy: 98.6,99.1,99.4,99.5,99.6,99.6,99.7,99.7,99.8,99.8,99.8,99.9,99.9,99.8,99.9,99.9,100.0,99.9,99.9,100.0,99.9,100.0,100.0,100.0,99.9,100.0,100.0,100.0,100.0,100.0,100.0,100.0,100.0,100.0,100.0,100.0,100.0,100.0,100.0,100.0
Test accuracy: 98.4,98.8,98.8,99.1,99.1,99.0,99.1,99.0,99.2,99.2,99.1,99.2,99.2,99.3,99.3,99.2,99.3,99.4,99.1,99.2,99.3,99.2,99.2,99.2,99.2,99.2,99.2,99.2,99.3,99.3,99.2,99.1,99.2,99.3,99.3,99.3,99.3,99.3,99.3,99.2
Rank: 10,10,10,10,10,10,10,10,10,10,10,10,10,10,10,10,10,10,10,10,10,10,10,10,10,10,10,10,10,10,10,10,10,10,10,10,10,10,10,10
Seed 3/10
Train loss: 0.043,0.0319,0.0257,0.0172,0.0145,0.0121,0.0094,0.0077,0.0088,0.0085,0.0043,0.0036,0.0042,0.0036,0.0034,0.0025,0.003,0.0028,0.0017,0.0017,0.0015,0.0019,0.0015,0.0011,0.0013,0.0011,0.0011,0.0015,0.0009,0.0013,0.0007,0.0007,0.001,0.0007,0.0012,0.0007,0.0006,0.0004,0.0006,0.0004
Test loss: 0.047,0.0411,0.0364,0.0334,0.032,0.0312,0.0278,0.0263,0.0309,0.0352,0.0274,0.0281,0.0353,0.0312,0.0331,0.0273,0.0335,0.0306,0.0289,0.0317,0.0273,0.0317,0.0294,0.0248,0.029,0.0272,0.037,0.0339,0.0298,0.0314,0.0294,0.0304,0.0346,0.0279,0.0366,0.0312,0.037,0.0341,0.0368,0.0388
Train accuracy: 98.7,99.0,99.2,99.5,99.6,99.6,99.7,99.8,99.7,99.7,99.9,99.9,99.9,99.9,99.9,99.9,99.9,99.9,99.9,99.9,100.0,99.9,99.9,100.0,100.0,100.0,100.0,99.9,100.0,100.0,100.0,100.0,100.0,100.0,100.0,100.0,100.0,100.0,100.0,100.0
Test accuracy: 98.4,98.7,98.7,98.8,99.0,99.0,99.1,99.2,99.1,99.0,99.2,99.2,99.2,99.2,99.2,99.3,99.1,99.2,99.3,99.2,99.3,99.2,99.3,99.3,99.3,99.4,99.1,99.3,99.3,99.3,99.4,99.3,99.3,99.3,99.1,99.4,99.3,99.4,99.3,99.2
Rank: 10,10,10,10,10,10,10,10,10,10,10,10,10,10,10,10,10,10,10,10,10,10,10,10,10,10,10,10,10,10,10,10,10,10,10,10,10,10,10,10
Seed 4/10
Train loss: 0.0482,0.0301,0.027,0.0202,0.0148,0.0144,0.0099,0.0071,0.0069,0.0064,0.005,0.0055,0.0038,0.003,0.0033,0.0025,0.0022,0.0016,0.0015,0.0016,0.0022,0.0016,0.0019,0.0018,0.0011,0.0007,0.0013,0.0008,0.001,0.0006,0.0006,0.0005,0.0008,0.0005,0.0005,0.0005,0.0004,0.0006,0.0004,0.0005
Test loss: 0.0511,0.038,0.0399,0.0366,0.0348,0.0328,0.0285,0.0285,0.0264,0.0304,0.0279,0.0322,0.0294,0.0271,0.0296,0.0244,0.0299,0.0287,0.0275,0.0306,0.0334,0.03,0.032,0.031,0.032,0.0293,0.0319,0.0353,0.0334,0.0322,0.0309,0.0308,0.0346,0.0359,0.0363,0.0348,0.039,0.0349,0.0396,0.0395
Train accuracy: 98.5,99.1,99.2,99.4,99.5,99.6,99.7,99.8,99.8,99.8,99.9,99.8,99.9,99.9,99.9,99.9,99.9,100.0,100.0,99.9,99.9,99.9,100.0,99.9,100.0,100.0,100.0,100.0,100.0,100.0,100.0,100.0,100.0,100.0,100.0,100.0,100.0,100.0,100.0,100.0
Test accuracy: 98.3,98.8,98.7,98.9,98.9,99.0,99.2,99.1,99.1,99.2,99.2,99.1,99.2,99.3,99.3,99.3,99.2,99.3,99.2,99.2,99.2,99.3,99.2,99.2,99.2,99.3,99.4,99.2,99.2,99.2,99.2,99.2,99.2,99.2,99.2,99.2,99.2,99.2,99.3,99.2
Rank: 10,10,10,10,10,10,10,10,10,10,10,10,10,10,10,10,10,10,10,10,10,10,10,10,10,10,10,10,10,10,10,10,10,10,10,10,10,10,10,10
Seed 5/10
Train loss: 0.048,0.0316,0.0248,0.0229,0.016,0.0129,0.0113,0.0093,0.01,0.0067,0.0059,0.0051,0.0047,0.0037,0.0033,0.0034,0.0027,0.0033,0.0022,0.0016,0.0018,0.0016,0.0015,0.0014,0.001,0.0013,0.0015,0.0011,0.0014,0.0007,0.0011,0.0009,0.0007,0.0006,0.0008,0.0006,0.0008,0.0007,0.0008,0.0006
Test loss: 0.0487,0.0394,0.0344,0.037,0.0315,0.0313,0.0326,0.0301,0.0339,0.0253,0.0251,0.0285,0.0275,0.0249,0.0288,0.0274,0.0283,0.032,0.0298,0.0261,0.0279,0.0301,0.0312,0.0286,0.0275,0.0333,0.0297,0.0341,0.0323,0.0297,0.0367,0.0349,0.0325,0.0355,0.0304,0.0352,0.0311,0.0366,0.0375,0.0369
Train accuracy: 98.5,99.1,99.2,99.3,99.5,99.6,99.6,99.7,99.7,99.8,99.8,99.8,99.9,99.9,99.9,99.9,99.9,99.9,99.9,100.0,99.9,100.0,99.9,100.0,100.0,100.0,99.9,100.0,100.0,100.0,100.0,100.0,100.0,100.0,100.0,100.0,100.0,100.0,100.0,100.0
Test accuracy: 98.4,98.6,98.9,98.9,99.0,99.0,99.1,99.1,99.0,99.2,99.3,99.2,99.2,99.3,99.3,99.3,99.4,99.3,99.3,99.3,99.3,99.3,99.4,99.3,99.4,99.3,99.4,99.3,99.3,99.4,99.3,99.3,99.3,99.4,99.4,99.4,99.3,99.2,99.3,99.3
Rank: 10,10,10,10,10,10,10,10,10,10,10,10,10,10,10,10,10,10,10,10,10,10,10,10,10,10,10,10,10,10,10,10,10,10,10,10,10,10,10,10
Seed 6/10
Train loss: 0.048,0.0329,0.0255,0.0172,0.0138,0.0114,0.0123,0.0089,0.0077,0.0065,0.0056,0.0048,0.0046,0.0035,0.0028,0.002,0.0021,0.0016,0.0019,0.0029,0.0019,0.0019,0.0012,0.001,0.0013,0.0016,0.0008,0.0012,0.001,0.0006,0.0009,0.0014,0.0018,0.0005,0.0009,0.0006,0.0009,0.0005,0.0007,0.0006
Test loss: 0.0508,0.0418,0.0362,0.0301,0.0258,0.0285,0.03,0.0292,0.0318,0.0281,0.0284,0.0311,0.0274,0.0278,0.0328,0.0277,0.0301,0.0291,0.0294,0.0317,0.0294,0.0295,0.0319,0.0332,0.0354,0.0378,0.0352,0.0343,0.0431,0.0318,0.0347,0.0398,0.0408,0.0321,0.0326,0.0397,0.0332,0.0339,0.0332,0.0337
Train accuracy: 98.6,99.0,99.2,99.4,99.6,99.7,99.6,99.7,99.7,99.8,99.8,99.9,99.8,99.9,99.9,99.9,99.9,100.0,99.9,99.9,99.9,100.0,100.0,100.0,100.0,100.0,100.0,100.0,100.0,100.0,100.0,100.0,99.9,100.0,100.0,100.0,100.0,100.0,100.0,100.0
Test accuracy: 98.3,98.8,98.9,99.0,99.1,99.2,99.1,99.2,99.2,99.3,99.2,99.1,99.3,99.3,99.2,99.3,99.2,99.3,99.3,99.2,99.2,99.2,99.3,99.3,99.2,99.2,99.3,99.2,99.3,99.4,99.3,99.2,99.2,99.2,99.2,99.3,99.2,99.3,99.4,99.3
Rank: 10,10,10,10,10,10,10,10,10,10,10,10,10,10,10,10,10,10,10,10,10,10,10,10,10,10,10,10,10,10,10,10,10,10,10,10,10,10,10,10
Seed 7/10
Train loss: 0.0476,0.0356,0.0313,0.0186,0.0148,0.0102,0.0078,0.0067,0.0067,0.0066,0.0055,0.0054,0.0037,0.0036,0.0038,0.0026,0.0021,0.002,0.0025,0.0023,0.0013,0.0019,0.0019,0.002,0.0015,0.0015,0.001,0.0008,0.001,0.001,0.0008,0.0009,0.0006,0.001,0.0005,0.0005,0.0004,0.0007,0.0005,0.0003
Test loss: 0.0525,0.0461,0.0431,0.0321,0.0295,0.0283,0.0264,0.0262,0.0265,0.0302,0.0282,0.0296,0.0283,0.0303,0.0315,0.0295,0.0266,0.0299,0.0337,0.0299,0.0273,0.0299,0.0312,0.0352,0.0301,0.0401,0.0311,0.0341,0.0298,0.0288,0.0347,0.03,0.0244,0.0332,0.0275,0.0323,0.0275,0.037,0.0323,0.0315
Train accuracy: 98.5,98.9,99.0,99.4,99.5,99.7,99.8,99.8,99.8,99.8,99.8,99.8,99.9,99.9,99.9,99.9,99.9,99.9,99.9,99.9,100.0,99.9,99.9,99.9,100.0,100.0,100.0,100.0,100.0,100.0,100.0,100.0,100.0,100.0,100.0,100.0,100.0,100.0,100.0,100.0
Test accuracy: 98.3,98.5,98.7,98.9,99.1,99.2,99.2,99.2,99.3,99.2,99.2,99.2,99.2,99.1,99.2,99.2,99.3,99.3,99.2,99.2,99.3,99.2,99.3,99.2,99.3,99.2,99.3,99.2,99.3,99.3,99.3,99.3,99.4,99.2,99.3,99.3,99.4,99.2,99.3,99.3
Rank: 10,10,10,10,10,10,10,10,10,10,10,10,10,10,10,10,10,10,10,10,10,10,10,10,10,10,10,10,10,10,10,10,10,10,10,10,10,10,10,10
Seed 8/10
Train loss: 0.0488,0.0395,0.0242,0.0161,0.0136,0.0139,0.0118,0.0081,0.0057,0.0051,0.0054,0.0048,0.0036,0.0034,0.0033,0.0041,0.0023,0.0021,0.0023,0.0024,0.0018,0.0016,0.0012,0.0014,0.0016,0.0018,0.0008,0.001,0.0008,0.001,0.0007,0.0007,0.0011,0.0006,0.0007,0.0005,0.0007,0.0009,0.0003,0.0004
Test loss: 0.0544,0.0435,0.0351,0.0305,0.0306,0.0288,0.0296,0.0297,0.0261,0.0247,0.0277,0.027,0.0268,0.0284,0.0328,0.0305,0.031,0.0295,0.0312,0.036,0.0298,0.0313,0.0254,0.0305,0.033,0.0388,0.0302,0.0272,0.032,0.0321,0.0361,0.0391,0.0362,0.0371,0.0298,0.0329,0.0346,0.034,0.0399,0.0302
Train accuracy: 98.5,98.8,99.2,99.5,99.6,99.5,99.6,99.8,99.8,99.8,99.8,99.9,99.9,99.9,99.9,99.9,99.9,99.9,99.9,99.9,99.9,100.0,100.0,100.0,100.0,99.9,100.0,100.0,100.0,100.0,100.0,100.0,100.0,100.0,100.0,100.0,100.0,100.0,100.0,100.0
Test accuracy: 98.3,98.5,98.8,99.0,99.0,99.0,99.0,99.1,99.2,99.2,99.2,99.2,99.2,99.2,99.1,99.2,99.2,99.3,99.2,99.2,99.3,99.2,99.3,99.3,99.2,99.2,99.3,99.2,99.3,99.3,99.3,99.3,99.1,99.3,99.3,99.3,99.3,99.3,99.2,99.3
Rank: 10,10,10,10,10,10,10,10,10,10,10,10,10,10,10,10,10,10,10,10,10,10,10,10,10,10,10,10,10,10,10,10,10,10,10,10,10,10,10,10
Seed 9/10
Train loss: 0.0487,0.0278,0.0287,0.018,0.0132,0.0135,0.0089,0.006,0.0061,0.0045,0.0047,0.0033,0.0056,0.0028,0.0034,0.0036,0.0021,0.0017,0.0017,0.002,0.002,0.0013,0.001,0.0014,0.0013,0.0015,0.0013,0.0011,0.0008,0.0007,0.0018,0.0006,0.0015,0.0006,0.0006,0.0004,0.0004,0.0008,0.0006,0.0005
Test loss: 0.0503,0.0357,0.0423,0.0301,0.0276,0.0287,0.0282,0.0241,0.0288,0.027,0.0303,0.0269,0.0342,0.0304,0.0319,0.0336,0.027,0.0303,0.0255,0.0315,0.0307,0.028,0.0307,0.0325,0.0353,0.0349,0.0302,0.0377,0.0328,0.0297,0.0318,0.031,0.0402,0.0326,0.0348,0.0306,0.0312,0.0322,0.0299,0.0299
Train accuracy: 98.5,99.1,99.1,99.5,99.6,99.6,99.7,99.8,99.8,99.9,99.8,99.9,99.8,99.9,99.9,99.9,99.9,99.9,100.0,99.9,99.9,100.0,100.0,100.0,100.0,99.9,100.0,100.0,100.0,100.0,99.9,100.0,100.0,100.0,100.0,100.0,100.0,100.0,100.0,100.0
Test accuracy: 98.3,98.8,98.5,99.0,99.1,99.2,99.1,99.3,99.2,99.2,99.1,99.2,99.0,99.1,99.2,99.1,99.2,99.2,99.4,99.2,99.2,99.2,99.2,99.2,99.2,99.2,99.2,99.3,99.3,99.3,99.2,99.4,99.2,99.3,99.3,99.3,99.2,99.2,99.3,99.2
Rank: 10,10,10,10,10,10,10,10,10,10,10,10,10,10,10,10,10,10,10,10,10,10,10,10,10,10,10,10,10,10,10,10,10,10,10,10,10,10,10,10
Seed 10/10
Train loss: 0.0506,0.0348,0.0268,0.016,0.0125,0.0115,0.0078,0.0078,0.0062,0.0058,0.0054,0.0032,0.0029,0.0029,0.0033,0.0046,0.0021,0.0016,0.0017,0.0015,0.002,0.0012,0.001,0.0012,0.0008,0.0008,0.0007,0.001,0.0006,0.0008,0.0005,0.0004,0.0005,0.0006,0.0011,0.0006,0.0011,0.0005,0.0005,0.0004
Test loss: 0.0488,0.0419,0.036,0.0289,0.0285,0.0261,0.0271,0.0269,0.0294,0.0278,0.0282,0.0295,0.0287,0.0294,0.0297,0.035,0.0302,0.0289,0.0344,0.0327,0.0337,0.0329,0.0314,0.0345,0.0355,0.0369,0.0317,0.0389,0.03,0.0354,0.0376,0.0358,0.0308,0.0332,0.0348,0.0335,0.0413,0.0373,0.039,0.0386
Train accuracy: 98.5,98.9,99.2,99.5,99.6,99.6,99.8,99.8,99.8,99.8,99.8,99.9,99.9,99.9,99.9,99.9,99.9,100.0,100.0,100.0,99.9,100.0,100.0,100.0,100.0,100.0,100.0,100.0,100.0,100.0,100.0,100.0,100.0,100.0,100.0,100.0,100.0,100.0,100.0,100.0
Test accuracy: 98.5,98.7,98.8,99.0,99.1,99.2,99.2,99.1,99.1,99.2,99.2,99.2,99.3,99.2,99.2,99.2,99.2,99.3,99.2,99.2,99.3,99.3,99.4,99.2,99.3,99.3,99.3,99.2,99.3,99.3,99.3,99.3,99.3,99.3,99.2,99.3,99.2,99.3,99.3,99.2
Rank: 10,10,10,10,10,10,10,10,10,10,10,10,10,10,10,10,10,10,10,10,10,10,10,10,10,10,10,10,10,10,10,10,10,10,10,10,10,10,10,10
