Seed 1/10
Train loss: 0.1744,0.1174,0.0736,0.0533,0.0357,0.0294,0.0254,0.0213,0.0188,0.0136,0.0156,0.0105,0.0122,0.016,0.009,0.0087,0.007,0.0077,0.0091,0.0058,0.0037,0.0026,0.0079,0.0061,0.0068,0.0022,0.0064,0.006,0.0024,0.0075,0.0023,0.0061,0.0032,0.001,0.0039,0.0034,0.0058,0.0039,0.002,0.005
Test loss: 0.18,0.1264,0.0922,0.0795,0.0673,0.0707,0.0684,0.0695,0.0631,0.0659,0.0785,0.071,0.0888,0.0846,0.0802,0.0889,0.0857,0.0928,0.104,0.0863,0.0813,0.0866,0.0855,0.0997,0.0991,0.0848,0.1046,0.0992,0.1017,0.1038,0.0874,0.1085,0.1006,0.0836,0.096,0.1016,0.1036,0.1036,0.1092,0.1153
Train accuracy: 94.8,96.5,97.8,98.4,98.9,99.1,99.2,99.3,99.4,99.6,99.4,99.7,99.6,99.5,99.7,99.7,99.8,99.8,99.7,99.8,99.9,99.9,99.7,99.8,99.8,99.9,99.8,99.8,99.9,99.8,99.9,99.8,99.9,100.0,99.9,99.9,99.8,99.9,99.9,99.8
Test accuracy: 94.6,96.3,97.3,97.6,98.1,98.0,98.0,98.2,98.3,98.3,98.3,98.2,97.9,97.9,98.2,98.3,98.3,98.3,98.0,98.3,98.4,98.4,98.3,98.4,98.2,98.5,98.2,98.3,98.3,98.3,98.5,98.2,98.3,98.5,98.3,98.4,98.2,98.5,98.2,98.3
Rank: 10,10,10,10,10,10,10,10,10,10,10,10,10,10,10,10,10,10,10,10,10,10,10,10,10,10,10,10,10,10,10,10,10,10,10,10,10,10,10,10
Seed 2/10
Train loss: 0.084,0.0525,0.0384,0.0247,0.0281,0.0251,0.021,0.0126,0.0142,0.0087,0.0071,0.0087,0.0047,0.0143,0.008,0.0045,0.0053,0.0083,0.0017,0.0082,0.0043,0.0023,0.0039,0.0017,0.0035,0.0034,0.0021,0.0021,0.0043,0.0037,0.0023,0.0075,0.0015,0.0038,0.005,0.0026,0.001,0.0019,0.0023,0.0016
Test loss: 0.0908,0.0656,0.0558,0.0485,0.0586,0.0574,0.0549,0.051,0.0585,0.0522,0.054,0.0674,0.0537,0.0895,0.0688,0.0552,0.0681,0.0818,0.0599,0.0815,0.0709,0.0761,0.0813,0.0724,0.084,0.0763,0.0751,0.0683,0.0728,0.0816,0.0751,0.0886,0.0847,0.0825,0.0902,0.085,0.0883,0.0698,0.0876,0.073
Train accuracy: 97.5,98.5,98.8,99.3,99.1,99.2,99.3,99.6,99.5,99.7,99.8,99.7,99.9,99.6,99.7,99.8,99.8,99.7,100.0,99.7,99.8,99.9,99.9,99.9,99.9,99.9,99.9,99.9,99.9,99.9,99.9,99.7,100.0,99.9,99.8,99.9,100.0,99.9,99.9,99.9
Test accuracy: 97.2,98.0,98.3,98.6,98.3,98.4,98.4,98.6,98.5,98.7,98.6,98.5,98.6,98.5,98.5,98.7,98.6,98.5,98.9,98.5,98.6,98.6,98.6,98.7,98.6,98.8,98.7,98.8,98.7,98.5,98.6,98.6,98.7,98.6,98.4,98.7,98.8,98.8,98.5,98.8
Rank: 10,10,10,10,10,10,10,10,10,10,10,10,10,10,10,10,10,10,10,10,10,10,10,10,10,10,10,10,10,10,10,10,10,10,10,10,10,10,10,10
Seed 3/10
Train loss: 0.2028,0.109,0.0983,0.0804,0.0673,0.0577,0.0409,0.0391,0.0267,0.0455,0.0209,0.0191,0.0219,0.0194,0.0118,0.0173,0.0129,0.0065,0.0142,0.0085,0.0073,0.0139,0.0063,0.0061,0.0092,0.0071,0.0096,0.0093,0.0082,0.0072,0.0068,0.004,0.0059,0.0052,0.0074,0.0031,0.015,0.004,0.0058,0.0101
Test loss: 0.204,0.126,0.1199,0.1055,0.1068,0.0945,0.0895,0.0852,0.086,0.11,0.0852,0.0859,0.0944,0.0984,0.0928,0.0972,0.0964,0.0961,0.1053,0.1051,0.1092,0.1243,0.1034,0.1169,0.1192,0.1232,0.1189,0.1313,0.1407,0.133,0.1405,0.1169,0.1274,0.1348,0.1347,0.116,0.1342,0.12,0.1227,0.1467
Train accuracy: 93.9,96.8,97.0,97.7,98.0,98.3,98.8,98.7,99.2,98.5,99.4,99.4,99.3,99.4,99.7,99.4,99.6,99.8,99.5,99.7,99.8,99.5,99.8,99.8,99.7,99.8,99.7,99.7,99.7,99.8,99.8,99.9,99.8,99.8,99.8,99.9,99.5,99.9,99.8,99.7
Test accuracy: 93.7,96.1,96.5,97.1,97.1,97.4,97.6,97.5,97.8,97.1,97.8,97.9,97.8,97.7,98.0,97.9,97.8,98.2,97.8,97.9,97.8,97.6,98.0,97.8,97.9,97.7,97.8,97.6,97.5,97.8,97.7,97.9,97.8,97.8,97.8,98.0,97.6,98.0,97.8,97.8
Rank: 10,10,10,10,10,10,10,10,10,10,10,10,10,10,10,10,10,10,10,10,10,10,10,10,10,10,10,10,10,10,10,10,10,10,10,10,10,10,10,10
Seed 4/10
Train loss: 0.0945,0.0494,0.0369,0.0284,0.0263,0.0202,0.0157,0.0112,0.0117,0.0115,0.0124,0.0103,0.0087,0.0049,0.0111,0.01,0.0041,0.0056,0.005,0.0023,0.008,0.0144,0.0036,0.0025,0.0019,0.0036,0.0038,0.0033,0.0023,0.0034,0.0051,0.004,0.0033,0.0043,0.0026,0.0053,0.0011,0.0002,0.0019,0.0008
Test loss: 0.0935,0.0616,0.0497,0.0548,0.0571,0.046,0.0507,0.0462,0.0534,0.0529,0.0653,0.0604,0.0548,0.0523,0.0684,0.0718,0.0574,0.0673,0.0635,0.0597,0.0683,0.0876,0.0632,0.0653,0.0625,0.0646,0.0677,0.0719,0.0661,0.0733,0.0646,0.084,0.0778,0.0786,0.0794,0.0817,0.0663,0.0622,0.0732,0.0595
Train accuracy: 97.2,98.5,98.9,99.1,99.2,99.4,99.5,99.7,99.6,99.6,99.6,99.6,99.7,99.9,99.6,99.7,99.9,99.8,99.8,99.9,99.7,99.5,99.9,99.9,100.0,99.9,99.9,99.9,99.9,99.9,99.8,99.9,99.9,99.8,99.9,99.8,100.0,100.0,99.9,100.0
Test accuracy: 97.3,97.9,98.3,98.2,98.3,98.6,98.4,98.5,98.5,98.7,98.5,98.5,98.7,98.8,98.3,98.5,98.7,98.6,98.6,98.7,98.5,98.1,98.6,98.7,98.7,98.7,98.7,98.6,98.7,98.7,98.5,98.5,98.6,98.5,98.6,98.6,98.8,98.9,98.6,98.8
Rank: 10,10,10,10,10,10,10,10,10,10,10,10,10,10,10,10,10,10,10,10,10,10,10,10,10,10,10,10,10,10,10,10,10,10,10,10,10,10,10,10
Seed 5/10
Train loss: 0.1697,0.0801,0.0584,0.06,0.0388,0.0365,0.0477,0.024,0.0217,0.0193,0.0111,0.0133,0.0069,0.0095,0.0082,0.0068,0.0081,0.0105,0.0136,0.0083,0.0048,0.0041,0.0052,0.0069,0.0043,0.0048,0.0071,0.008,0.0028,0.0066,0.0078,0.0037,0.0049,0.0073,0.0024,0.0016,0.0053,0.0065,0.0048,0.0034
Test loss: 0.1685,0.0906,0.0768,0.0845,0.0667,0.0762,0.1051,0.0596,0.0726,0.076,0.0649,0.0751,0.0728,0.0748,0.0776,0.0638,0.0759,0.0903,0.0957,0.0936,0.0799,0.0823,0.0858,0.0964,0.0859,0.0866,0.0933,0.0867,0.0952,0.1088,0.119,0.0904,0.0905,0.0996,0.0923,0.0858,0.11,0.1119,0.0931,0.0911
Train accuracy: 95.3,97.6,98.3,98.2,98.8,98.9,98.4,99.3,99.4,99.4,99.7,99.6,99.8,99.7,99.8,99.8,99.7,99.7,99.5,99.7,99.9,99.9,99.8,99.8,99.9,99.8,99.8,99.7,99.9,99.8,99.8,99.9,99.8,99.8,99.9,100.0,99.8,99.8,99.8,99.9
Test accuracy: 95.2,97.2,97.7,97.6,98.1,97.8,97.1,98.3,98.1,98.2,98.5,98.3,98.3,98.3,98.2,98.4,98.2,98.1,98.1,98.1,98.4,98.4,98.3,98.3,98.2,98.3,98.2,98.2,98.3,98.0,98.2,98.5,98.4,98.2,98.5,98.5,98.2,98.3,98.3,98.4
Rank: 10,10,10,10,10,10,10,10,10,10,10,10,10,10,10,10,10,10,10,10,10,10,10,10,10,10,10,10,10,10,10,10,10,10,10,10,10,10,10,10
Seed 6/10
Train loss: 0.163,0.1129,0.0849,0.0657,0.0764,0.0431,0.0373,0.0385,0.0315,0.0215,0.0221,0.0188,0.0191,0.0186,0.0218,0.0187,0.0101,0.0106,0.0094,0.0128,0.0077,0.009,0.0053,0.0096,0.0069,0.0083,0.0063,0.0061,0.0069,0.0034,0.006,0.0093,0.0057,0.0063,0.0089,0.0034,0.0037,0.0108,0.0044,0.0054
Test loss: 0.1531,0.1178,0.0938,0.0891,0.1104,0.0748,0.0725,0.0882,0.0817,0.0813,0.084,0.0804,0.0838,0.0895,0.0988,0.0999,0.0861,0.0958,0.0952,0.0987,0.1039,0.1011,0.0951,0.1049,0.0941,0.1019,0.1059,0.0947,0.1032,0.0989,0.1115,0.1143,0.1186,0.1084,0.1248,0.1254,0.1205,0.1337,0.099,0.1117
Train accuracy: 95.3,96.7,97.5,98.0,97.6,98.8,98.9,98.8,99.1,99.3,99.3,99.4,99.4,99.4,99.3,99.4,99.7,99.7,99.7,99.6,99.8,99.7,99.9,99.7,99.8,99.7,99.8,99.8,99.7,99.9,99.8,99.7,99.8,99.8,99.7,99.9,99.9,99.6,99.9,99.8
Test accuracy: 95.6,96.6,97.3,97.4,96.9,97.8,97.8,97.7,97.8,97.9,97.9,97.9,97.8,97.7,97.8,97.9,98.1,97.9,98.0,97.8,98.0,97.9,98.0,97.9,98.0,98.0,98.0,98.1,98.0,98.0,98.0,98.0,98.0,98.0,97.9,98.0,98.0,97.7,98.0,98.0
Rank: 10,10,10,10,10,10,10,10,10,10,10,10,10,10,10,10,10,10,10,10,10,10,10,10,10,10,10,10,10,10,10,10,10,10,10,10,10,10,10,10
Seed 7/10
Train loss: 0.0922,0.065,0.0407,0.0296,0.0232,0.0275,0.0199,0.0104,0.0136,0.0091,0.0093,0.0092,0.0165,0.0051,0.0043,0.0064,0.0072,0.008,0.0066,0.0038,0.0081,0.0017,0.0108,0.0032,0.0036,0.0013,0.0031,0.0032,0.0013,0.0008,0.0031,0.0039,0.0014,0.0009,0.0036,0.0037,0.0048,0.0035,0.0042,0.0013
Test loss: 0.09,0.0735,0.0604,0.0477,0.0492,0.0634,0.0543,0.0506,0.0546,0.0581,0.0535,0.0594,0.0737,0.0686,0.0627,0.0606,0.0691,0.0741,0.0758,0.065,0.0741,0.0684,0.0903,0.0667,0.0799,0.0714,0.0716,0.0727,0.0668,0.0719,0.0863,0.0712,0.0678,0.0668,0.0753,0.0856,0.0955,0.0882,0.0784,0.0657
Train accuracy: 97.3,98.0,98.8,99.1,99.3,99.1,99.4,99.7,99.6,99.7,99.7,99.7,99.5,99.9,99.9,99.8,99.7,99.7,99.8,99.9,99.7,99.9,99.7,99.9,99.9,100.0,99.9,99.9,100.0,100.0,99.9,99.9,100.0,100.0,99.9,99.9,99.8,99.9,99.8,100.0
Test accuracy: 97.4,97.7,98.2,98.6,98.6,98.4,98.6,98.6,98.7,98.6,98.7,98.6,98.4,98.7,98.7,98.5,98.6,98.5,98.7,98.8,98.6,98.8,98.5,98.7,98.7,98.8,98.7,98.8,98.7,98.8,98.6,98.5,98.8,98.8,98.7,98.6,98.6,98.5,98.7,98.8
Rank: 10,10,10,10,10,10,10,10,10,10,10,10,10,10,10,10,10,10,10,10,10,10,10,10,10,10,10,10,10,10,10,10,10,10,10,10,10,10,10,10
Seed 8/10
Train loss: 0.0722,0.0558,0.042,0.0282,0.0199,0.0242,0.0138,0.0096,0.008,0.0126,0.0123,0.0069,0.0212,0.0072,0.0039,0.004,0.0053,0.0086,0.0039,0.0015,0.0056,0.0033,0.0051,0.0024,0.0011,0.0048,0.008,0.0017,0.0036,0.0023,0.0014,0.0012,0.0042,0.0048,0.0025,0.0042,0.0015,0.001,0.0099,0.0022
Test loss: 0.0768,0.0741,0.0679,0.057,0.048,0.0495,0.0483,0.0473,0.0415,0.0646,0.0638,0.0617,0.0891,0.069,0.059,0.0568,0.0618,0.0736,0.0747,0.0635,0.0682,0.0737,0.0832,0.0628,0.0571,0.0806,0.0817,0.0764,0.0915,0.0664,0.0801,0.0702,0.0844,0.0841,0.0758,0.0799,0.0748,0.0669,0.0954,0.0725
Train accuracy: 97.9,98.3,98.7,99.1,99.4,99.3,99.6,99.7,99.8,99.6,99.6,99.8,99.3,99.8,99.9,99.9,99.8,99.7,99.9,100.0,99.8,99.9,99.8,99.9,100.0,99.8,99.8,99.9,99.9,99.9,100.0,100.0,99.9,99.8,99.9,99.9,99.9,100.0,99.7,99.9
Test accuracy: 97.8,97.8,98.2,98.5,98.7,98.6,98.8,98.8,98.9,98.6,98.6,98.8,98.0,98.6,98.7,98.7,98.8,98.7,98.5,98.8,98.6,98.6,98.5,98.9,98.8,98.6,98.6,98.7,98.6,98.8,98.7,98.8,98.6,98.6,98.8,98.6,98.8,99.0,98.6,98.7
Rank: 10,10,10,10,10,10,10,10,10,10,10,10,10,10,10,10,10,10,10,10,10,10,10,10,10,10,10,10,10,10,10,10,10,10,10,10,10,10,10,10
Seed 9/10
Train loss: 0.1152,0.062,0.0489,0.0422,0.0365,0.0232,0.0249,0.0213,0.0223,0.0136,0.0105,0.0099,0.0064,0.0064,0.0062,0.0187,0.0061,0.0085,0.0035,0.0018,0.0041,0.0076,0.0019,0.0125,0.0014,0.0074,0.0053,0.0021,0.0028,0.0073,0.003,0.0039,0.0058,0.0026,0.0036,0.0066,0.0023,0.0038,0.003,0.0061
Test loss: 0.1176,0.0752,0.0685,0.0642,0.0715,0.0591,0.0573,0.0621,0.0771,0.0652,0.0686,0.0723,0.0631,0.0583,0.0685,0.0934,0.0744,0.071,0.0741,0.0708,0.0732,0.079,0.0701,0.0888,0.077,0.0947,0.0831,0.0804,0.0757,0.0853,0.0812,0.0783,0.0824,0.0765,0.0762,0.0808,0.0782,0.0802,0.0809,0.0891
Train accuracy: 96.6,98.1,98.6,98.7,98.8,99.3,99.2,99.3,99.3,99.5,99.6,99.7,99.8,99.8,99.8,99.4,99.8,99.7,99.9,100.0,99.9,99.7,100.0,99.6,100.0,99.8,99.8,99.9,99.9,99.7,99.9,99.9,99.8,99.9,99.9,99.7,99.9,99.9,99.9,99.8
Test accuracy: 96.5,97.6,97.9,98.1,98.0,98.2,98.4,98.2,98.3,98.3,98.4,98.3,98.5,98.5,98.5,98.1,98.5,98.5,98.6,98.8,98.5,98.4,98.7,98.2,98.6,98.4,98.6,98.5,98.5,98.4,98.6,98.6,98.4,98.7,98.6,98.6,98.6,98.7,98.6,98.3
Rank: 10,10,10,10,10,10,10,10,10,10,10,10,10,10,10,10,10,10,10,10,10,10,10,10,10,10,10,10,10,10,10,10,10,10,10,10,10,10,10,10
Seed 10/10
Train loss: 0.1702,0.1232,0.0993,0.0842,0.0582,0.0516,0.0486,0.0372,0.0283,0.0249,0.0216,0.0183,0.018,0.0291,0.0127,0.0114,0.0129,0.012,0.0079,0.0079,0.0134,0.0112,0.0197,0.017,0.009,0.0101,0.0041,0.0086,0.0124,0.0069,0.0069,0.0072,0.0101,0.0096,0.0038,0.0064,0.0064,0.0035,0.0082,0.007
Test loss: 0.1695,0.1377,0.1167,0.1039,0.0873,0.092,0.0946,0.0791,0.0849,0.0837,0.0946,0.0883,0.0966,0.1228,0.0959,0.0955,0.1047,0.1082,0.101,0.0947,0.1251,0.1143,0.1413,0.125,0.1084,0.1261,0.106,0.1138,0.1278,0.1212,0.1193,0.1142,0.1275,0.1399,0.1242,0.129,0.1222,0.1255,0.114,0.1259
Train accuracy: 95.1,96.5,97.2,97.7,98.3,98.5,98.5,98.9,99.2,99.3,99.3,99.4,99.4,99.1,99.6,99.6,99.6,99.6,99.8,99.8,99.5,99.6,99.3,99.4,99.7,99.7,99.9,99.7,99.6,99.8,99.8,99.8,99.7,99.7,99.9,99.8,99.8,99.9,99.7,99.8
Test accuracy: 95.2,96.2,96.6,97.0,97.6,97.5,97.6,97.9,97.9,97.8,97.9,97.8,97.9,97.4,98.0,98.1,97.8,97.8,98.0,98.2,97.8,97.9,97.7,97.7,98.0,97.8,98.3,97.8,97.7,98.0,97.9,98.1,97.6,97.9,98.1,97.9,97.9,98.0,98.0,98.0
Rank: 10,10,10,10,10,10,10,10,10,10,10,10,10,10,10,10,10,10,10,10,10,10,10,10,10,10,10,10,10,10,10,10,10,10,10,10,10,10,10,10
