Seed 1/10
Train loss: 0.0928,0.0505,0.0549,0.0372,0.03,0.0212,0.0227,0.0163,0.0134,0.0141,0.011,0.0133,0.0065,0.016,0.0074,0.0102,0.0057,0.006,0.008,0.0045,0.0035,0.0054,0.0058,0.0035,0.0029,0.0069,0.0036,0.0044,0.0014,0.0019,0.0027,0.0042,0.0015,0.0007,0.0029,0.0096,0.0009,0.0019,0.0012,0.0016
Test loss: 0.0958,0.0666,0.0793,0.0666,0.0661,0.0635,0.0733,0.0707,0.0714,0.0787,0.0812,0.073,0.0703,0.0863,0.0881,0.088,0.0873,0.0909,0.098,0.0932,0.0834,0.0906,0.0905,0.0949,0.0991,0.1059,0.1019,0.1096,0.0778,0.0936,0.0925,0.1068,0.0971,0.0993,0.124,0.1334,0.1111,0.1187,0.1238,0.1274
Train accuracy: 97.1,98.4,98.3,98.8,99.0,99.3,99.2,99.5,99.5,99.5,99.6,99.5,99.8,99.5,99.8,99.7,99.8,99.8,99.7,99.9,99.9,99.8,99.8,99.9,99.9,99.8,99.9,99.9,99.9,99.9,99.9,99.9,100.0,100.0,99.9,99.7,100.0,99.9,100.0,99.9
Test accuracy: 97.0,97.8,97.5,98.1,98.1,98.2,98.2,98.4,98.4,98.5,98.3,98.5,98.5,98.4,98.5,98.4,98.6,98.4,98.4,98.5,98.6,98.5,98.6,98.6,98.6,98.5,98.7,98.5,98.8,98.8,98.8,98.6,98.8,98.8,98.5,98.2,98.7,98.7,98.6,98.6
Rank: 10,10,10,10,10,10,10,10,10,10,10,10,10,10,10,10,10,10,10,10,10,10,10,10,10,10,10,10,10,10,10,10,10,10,10,10,10,10,10,10
Seed 2/10
Train loss: 0.0854,0.0592,0.0426,0.0311,0.0304,0.0253,0.0215,0.0188,0.0212,0.0155,0.0099,0.0167,0.0109,0.0077,0.0095,0.0107,0.0052,0.0103,0.0071,0.0125,0.0038,0.0066,0.0047,0.0129,0.0084,0.0031,0.0035,0.0067,0.0046,0.0041,0.0045,0.0035,0.0047,0.0033,0.0056,0.0026,0.0007,0.0085,0.0041,0.0025
Test loss: 0.0877,0.0703,0.0636,0.0615,0.0667,0.0647,0.0655,0.0682,0.0795,0.0777,0.0685,0.0818,0.083,0.0748,0.0814,0.0753,0.0771,0.097,0.0911,0.0982,0.0867,0.0957,0.0922,0.1079,0.0958,0.0902,0.0907,0.1066,0.1041,0.0959,0.0954,0.1025,0.0978,0.1077,0.1188,0.1017,0.0932,0.1314,0.1044,0.1023
Train accuracy: 97.4,98.2,98.7,99.0,99.0,99.2,99.3,99.4,99.3,99.5,99.7,99.5,99.6,99.7,99.7,99.6,99.8,99.6,99.7,99.6,99.9,99.8,99.8,99.7,99.7,99.9,99.9,99.8,99.9,99.9,99.9,99.9,99.9,99.9,99.8,99.9,100.0,99.8,99.9,99.9
Test accuracy: 97.2,97.8,98.1,98.3,98.3,98.3,98.4,98.3,98.1,98.4,98.5,98.2,98.4,98.5,98.4,98.4,98.5,98.2,98.4,98.2,98.5,98.4,98.6,98.4,98.4,98.6,98.7,98.5,98.5,98.5,98.5,98.4,98.6,98.5,98.4,98.6,98.7,98.3,98.5,98.7
Rank: 10,10,10,10,10,10,10,10,10,10,10,10,10,10,10,10,10,10,10,10,10,10,10,10,10,10,10,10,10,10,10,10,10,10,10,10,10,10,10,10
Seed 3/10
Train loss: 0.4438,0.239,0.19,0.1576,0.1363,0.1206,0.1063,0.0995,0.0973,0.0904,0.0867,0.0855,0.078,0.0676,0.0707,0.0608,0.0613,0.058,0.0524,0.0661,0.0617,0.0551,0.0231,0.017,0.0193,0.0221,0.0206,0.0137,0.0142,0.0125,0.0145,0.0175,0.0101,0.0145,0.0118,0.0138,0.0097,0.0135,0.0063,0.0054
Test loss: 0.4394,0.2558,0.2191,0.1977,0.1875,0.1823,0.1814,0.1841,0.1972,0.2062,0.2106,0.2226,0.2235,0.2275,0.2428,0.2476,0.2525,0.2619,0.2498,0.2832,0.3041,0.2528,0.2023,0.2018,0.1975,0.2166,0.2032,0.1792,0.1795,0.1826,0.1884,0.1822,0.1654,0.1821,0.1763,0.1918,0.1802,0.1887,0.1789,0.1743
Train accuracy: 86.8,93.5,94.8,95.6,96.1,96.5,96.9,97.1,97.1,97.3,97.4,97.4,97.6,98.0,97.9,98.1,98.1,98.2,98.4,97.9,98.1,98.4,99.3,99.5,99.4,99.3,99.3,99.6,99.6,99.6,99.6,99.5,99.7,99.6,99.6,99.5,99.7,99.6,99.8,99.8
Test accuracy: 87.0,93.6,94.5,95.1,95.3,95.5,95.7,95.8,95.6,95.6,95.7,95.7,95.6,95.6,95.6,95.7,95.8,95.7,96.1,95.4,95.6,96.3,97.3,97.2,97.2,97.2,97.2,97.7,97.5,97.6,97.6,97.6,97.7,97.6,97.6,97.5,97.7,97.5,97.7,97.8
Rank: 10,10,10,10,10,10,10,10,10,10,10,10,10,10,10,10,10,10,10,10,10,10,10,10,10,10,10,10,10,10,10,10,10,10,10,10,10,10,10,10
Seed 4/10
Train loss: 0.1895,0.1077,0.088,0.0711,0.0578,0.0536,0.0457,0.0416,0.0384,0.0364,0.0316,0.0283,0.0241,0.0279,0.023,0.018,0.0234,0.0206,0.0117,0.0217,0.0155,0.0171,0.0159,0.0111,0.0132,0.0175,0.0179,0.0239,0.0105,0.0069,0.011,0.012,0.0096,0.0064,0.0085,0.0092,0.0083,0.0062,0.0073,0.0103
Test loss: 0.1956,0.1282,0.1206,0.1149,0.1121,0.1155,0.1155,0.1292,0.1306,0.1333,0.1325,0.1343,0.1412,0.1676,0.155,0.1542,0.1778,0.1769,0.1604,0.1873,0.1761,0.1798,0.1774,0.1782,0.1712,0.1946,0.2024,0.2184,0.205,0.1911,0.1868,0.2085,0.2061,0.2145,0.2102,0.215,0.1972,0.2185,0.211,0.2213
Train accuracy: 94.4,96.7,97.4,97.9,98.3,98.3,98.5,98.7,98.7,98.8,98.9,99.1,99.2,99.1,99.2,99.4,99.2,99.3,99.6,99.3,99.5,99.5,99.5,99.6,99.6,99.4,99.5,99.3,99.6,99.8,99.6,99.6,99.7,99.8,99.7,99.7,99.7,99.8,99.8,99.7
Test accuracy: 94.3,96.3,96.7,96.9,97.0,97.0,97.2,97.1,97.2,97.0,97.2,97.2,97.2,96.8,97.2,97.3,96.9,97.0,97.3,97.0,97.2,97.2,97.4,97.3,97.4,97.1,97.2,97.1,97.2,97.6,97.5,97.4,97.4,97.7,97.5,97.4,97.6,97.5,97.5,97.5
Rank: 10,10,10,10,10,10,10,10,10,10,10,10,10,10,10,10,10,10,10,10,10,10,10,10,10,10,10,10,10,10,10,10,10,10,10,10,10,10,10,10
Seed 5/10
Train loss: 0.1469,0.071,0.0487,0.0376,0.0322,0.0281,0.0278,0.0226,0.0228,0.0276,0.0223,0.012,0.0268,0.0076,0.0143,0.0213,0.0124,0.0079,0.0058,0.0094,0.0073,0.0073,0.0037,0.0137,0.0059,0.0091,0.0032,0.0054,0.0061,0.0063,0.0044,0.0066,0.0041,0.003,0.0093,0.0114,0.0025,0.0079,0.0025,0.0087
Test loss: 0.1466,0.085,0.0694,0.0645,0.0658,0.0713,0.0759,0.0806,0.0896,0.0992,0.1026,0.089,0.1186,0.0868,0.1065,0.1169,0.109,0.1052,0.1092,0.1011,0.1002,0.1039,0.1097,0.1222,0.1105,0.1318,0.1063,0.1199,0.1304,0.1402,0.1235,0.1421,0.1333,0.1356,0.1442,0.1571,0.1362,0.1513,0.1428,0.1581
Train accuracy: 95.8,97.9,98.5,98.9,99.0,99.1,99.1,99.3,99.3,99.1,99.3,99.6,99.2,99.8,99.5,99.4,99.6,99.7,99.8,99.7,99.8,99.8,99.9,99.6,99.8,99.7,99.9,99.8,99.8,99.8,99.9,99.8,99.9,99.9,99.7,99.7,99.9,99.8,99.9,99.8
Test accuracy: 95.8,97.6,98.1,98.1,98.1,97.9,97.9,97.9,98.0,97.8,98.0,98.3,97.8,98.4,98.1,98.0,98.3,98.1,98.3,98.3,98.4,98.5,98.4,98.2,98.3,98.2,98.5,98.3,98.3,98.2,98.2,98.3,98.4,98.4,98.2,98.1,98.4,98.2,98.2,98.0
Rank: 10,10,10,10,10,10,10,10,10,10,10,10,10,10,10,10,10,10,10,10,10,10,10,10,10,10,10,10,10,10,10,10,10,10,10,10,10,10,10,10
Seed 6/10
Train loss: 0.1546,0.0644,0.0476,0.0345,0.0302,0.0246,0.0198,0.0157,0.0199,0.0128,0.0113,0.0114,0.0088,0.0107,0.0062,0.0082,0.0051,0.0074,0.0057,0.0098,0.0084,0.0033,0.0077,0.0062,0.0035,0.0063,0.0038,0.0089,0.0056,0.0021,0.0047,0.0015,0.0028,0.0021,0.0021,0.0021,0.0018,0.0016,0.0138,0.0009
Test loss: 0.1657,0.0805,0.0704,0.0641,0.0682,0.0652,0.0666,0.0676,0.0814,0.0753,0.0785,0.0762,0.08,0.0812,0.0754,0.0918,0.0878,0.1046,0.0966,0.1071,0.0967,0.0833,0.1123,0.1036,0.1061,0.1169,0.1031,0.1279,0.1015,0.11,0.1275,0.0994,0.1131,0.1071,0.1194,0.1175,0.115,0.1241,0.1542,0.119
Train accuracy: 95.5,98.0,98.5,98.9,99.0,99.3,99.3,99.5,99.4,99.6,99.6,99.6,99.7,99.7,99.8,99.7,99.8,99.8,99.8,99.7,99.7,99.9,99.8,99.8,99.9,99.8,99.9,99.7,99.8,99.9,99.9,100.0,99.9,99.9,99.9,99.9,99.9,99.9,99.7,100.0
Test accuracy: 95.2,97.6,97.9,98.0,98.0,98.3,98.3,98.3,98.1,98.3,98.2,98.4,98.3,98.4,98.5,98.4,98.4,98.3,98.3,98.4,98.3,98.4,98.4,98.3,98.4,98.2,98.2,98.2,98.5,98.3,98.2,98.4,98.5,98.5,98.5,98.4,98.5,98.5,98.1,98.5
Rank: 10,10,10,10,10,10,10,10,10,10,10,10,10,10,10,10,10,10,10,10,10,10,10,10,10,10,10,10,10,10,10,10,10,10,10,10,10,10,10,10
Seed 7/10
Train loss: 0.22,0.1832,0.1631,0.1013,0.0717,0.0606,0.0565,0.0465,0.0407,0.0337,0.0307,0.032,0.0284,0.0244,0.0241,0.0185,0.018,0.0171,0.0194,0.0204,0.019,0.0165,0.0157,0.0211,0.0192,0.0087,0.0182,0.0131,0.0098,0.0095,0.0075,0.0089,0.0124,0.0104,0.0087,0.0091,0.0059,0.0096,0.0161,0.0087
Test loss: 0.223,0.1983,0.1845,0.138,0.1245,0.1265,0.13,0.1347,0.1309,0.13,0.137,0.1352,0.1476,0.1536,0.1634,0.1605,0.1574,0.1535,0.1831,0.1899,0.1875,0.188,0.1932,0.2028,0.212,0.1951,0.2089,0.2014,0.1976,0.2055,0.1953,0.2115,0.216,0.2175,0.2156,0.2082,0.2046,0.2088,0.237,0.2134
Train accuracy: 94.3,94.8,95.2,96.9,97.8,98.2,98.2,98.6,98.7,99.0,99.0,99.0,99.1,99.2,99.3,99.4,99.4,99.5,99.4,99.4,99.4,99.5,99.5,99.4,99.4,99.7,99.4,99.6,99.7,99.7,99.8,99.7,99.6,99.6,99.7,99.7,99.8,99.7,99.6,99.7
Test accuracy: 94.1,94.5,94.8,96.2,96.9,96.8,96.8,97.0,97.2,97.2,97.3,97.4,97.3,97.0,97.1,97.2,97.4,97.6,97.2,97.2,97.0,97.4,97.2,97.1,97.3,97.4,97.3,97.4,97.5,97.3,97.4,97.5,97.4,97.3,97.4,97.4,97.6,97.3,97.4,97.6
Rank: 10,10,10,10,10,10,10,10,10,10,10,10,10,10,10,10,10,10,10,10,10,10,10,10,10,10,10,10,10,10,10,10,10,10,10,10,10,10,10,10
Seed 8/10
Train loss: 0.0968,0.0593,0.0445,0.0339,0.0249,0.0203,0.0194,0.0207,0.0204,0.0141,0.0126,0.0199,0.0104,0.0079,0.0116,0.0089,0.0038,0.0045,0.0115,0.0052,0.0041,0.0049,0.015,0.0027,0.002,0.0097,0.0066,0.0062,0.0026,0.0021,0.0023,0.0072,0.0025,0.0043,0.0029,0.0007,0.0155,0.0023,0.0016,0.0031
Test loss: 0.0936,0.0677,0.0631,0.0594,0.0567,0.0612,0.0621,0.0676,0.0748,0.0724,0.0712,0.0821,0.0814,0.0842,0.0855,0.0833,0.0826,0.0798,0.0942,0.0852,0.0867,0.0896,0.1016,0.084,0.083,0.1072,0.1029,0.1058,0.1023,0.0953,0.1058,0.1239,0.1086,0.1141,0.1086,0.1021,0.1483,0.1144,0.1242,0.1306
Train accuracy: 97.0,98.2,98.6,98.9,99.2,99.3,99.4,99.3,99.3,99.5,99.6,99.3,99.6,99.7,99.6,99.7,99.9,99.9,99.6,99.8,99.8,99.8,99.5,99.9,99.9,99.7,99.8,99.8,99.9,99.9,99.9,99.8,99.9,99.9,99.9,100.0,99.6,99.9,100.0,99.9
Test accuracy: 97.1,97.9,98.1,98.3,98.5,98.4,98.6,98.5,98.4,98.5,98.5,98.4,98.5,98.5,98.6,98.5,98.6,98.7,98.5,98.5,98.6,98.6,98.3,98.7,98.7,98.5,98.5,98.4,98.7,98.7,98.8,98.4,98.7,98.6,98.6,98.6,98.2,98.6,98.6,98.6
Rank: 10,10,10,10,10,10,10,10,10,10,10,10,10,10,10,10,10,10,10,10,10,10,10,10,10,10,10,10,10,10,10,10,10,10,10,10,10,10,10,10
Seed 9/10
Train loss: 0.1435,0.083,0.0625,0.0477,0.0352,0.0376,0.0265,0.0156,0.0257,0.016,0.0186,0.0146,0.0125,0.0154,0.0089,0.0068,0.0069,0.0056,0.0054,0.0091,0.0074,0.0033,0.0083,0.005,0.0036,0.0062,0.0047,0.0051,0.0081,0.0021,0.0011,0.0042,0.0036,0.007,0.007,0.0061,0.0022,0.0033,0.0041,0.0038
Test loss: 0.151,0.1004,0.0907,0.0818,0.0798,0.0931,0.0864,0.0764,0.0842,0.0811,0.0866,0.0968,0.0923,0.0978,0.0929,0.0953,0.0877,0.0853,0.0981,0.1075,0.0942,0.1025,0.1102,0.1021,0.103,0.1151,0.1229,0.1211,0.1285,0.1223,0.1226,0.1278,0.129,0.139,0.1301,0.1374,0.1249,0.1275,0.1413,0.1459
Train accuracy: 95.9,97.6,98.1,98.5,98.9,98.8,99.2,99.5,99.2,99.5,99.4,99.5,99.6,99.5,99.7,99.8,99.8,99.8,99.8,99.7,99.7,99.9,99.7,99.8,99.9,99.8,99.8,99.8,99.8,99.9,100.0,99.9,99.9,99.8,99.8,99.8,99.9,99.9,99.9,99.9
Test accuracy: 95.8,97.2,97.6,97.8,97.9,97.8,98.1,98.4,98.2,98.2,98.2,98.0,98.2,98.2,98.3,98.3,98.4,98.4,98.4,98.3,98.4,98.4,98.4,98.5,98.6,98.4,98.4,98.4,98.4,98.4,98.4,98.5,98.4,98.3,98.3,98.4,98.5,98.6,98.3,98.4
Rank: 10,10,10,10,10,10,10,10,10,10,10,10,10,10,10,10,10,10,10,10,10,10,10,10,10,10,10,10,10,10,10,10,10,10,10,10,10,10,10,10
Seed 10/10
Train loss: 0.132,0.0875,0.0546,0.0391,0.0324,0.0352,0.0281,0.0226,0.0145,0.0175,0.0161,0.0358,0.0147,0.0188,0.0111,0.0058,0.0199,0.0108,0.0135,0.0086,0.0158,0.0215,0.0082,0.0092,0.0055,0.009,0.0037,0.0038,0.0026,0.0066,0.0035,0.0052,0.0047,0.0052,0.0067,0.0052,0.0068,0.0025,0.0024,0.0044
Test loss: 0.133,0.0964,0.0732,0.0677,0.0686,0.0831,0.0796,0.0883,0.0819,0.0945,0.099,0.1302,0.1033,0.1204,0.1096,0.1058,0.1249,0.1167,0.1276,0.121,0.1411,0.1663,0.1339,0.1252,0.122,0.1274,0.1208,0.1162,0.1264,0.1357,0.1387,0.1471,0.1387,0.1335,0.143,0.1406,0.1517,0.1389,0.1347,0.16
Train accuracy: 96.1,97.3,98.3,98.8,99.0,98.8,99.1,99.3,99.5,99.4,99.4,98.9,99.5,99.4,99.6,99.8,99.4,99.7,99.5,99.7,99.5,99.4,99.8,99.7,99.8,99.7,99.9,99.9,99.9,99.8,99.9,99.8,99.8,99.9,99.8,99.8,99.8,99.9,99.9,99.9
Test accuracy: 96.2,97.0,97.7,97.9,98.0,97.6,98.0,97.9,98.1,98.0,97.9,97.7,98.0,97.8,98.1,98.1,97.9,98.1,98.0,98.0,98.0,97.4,98.1,98.2,98.4,98.2,98.3,98.3,98.3,98.1,98.3,98.2,98.2,98.3,98.2,98.2,98.2,98.4,98.4,98.2
Rank: 10,10,10,10,10,10,10,10,10,10,10,10,10,10,10,10,10,10,10,10,10,10,10,10,10,10,10,10,10,10,10,10,10,10,10,10,10,10,10,10
