Seed 1/10
Train loss: 0.1337,0.0943,0.0563,0.044,0.0291,0.0357,0.022,0.0205,0.0165,0.0119,0.0129,0.0125,0.0113,0.015,0.0079,0.0088,0.0083,0.0235,0.0055,0.0093,0.0084,0.0111,0.0076,0.0106,0.0056,0.0048,0.0046,0.0042,0.0061,0.0036,0.0044,0.0094,0.0042,0.0036,0.0039,0.0036,0.0043,0.0057,0.0048,0.0042
Test loss: 0.1305,0.1097,0.0767,0.0635,0.0549,0.0658,0.0566,0.0565,0.0545,0.0532,0.0557,0.0619,0.0592,0.0679,0.0641,0.0717,0.0675,0.0845,0.0582,0.066,0.0649,0.0687,0.0658,0.0668,0.0563,0.0578,0.062,0.0598,0.0601,0.0619,0.0632,0.072,0.059,0.0684,0.0579,0.0635,0.0625,0.0615,0.0539,0.0671
Train accuracy: 96.7,97.4,98.6,98.8,99.3,99.0,99.5,99.5,99.6,99.8,99.7,99.7,99.7,99.6,99.8,99.8,99.8,99.2,99.9,99.7,99.8,99.7,99.8,99.7,99.9,99.9,99.9,99.9,99.8,99.9,99.9,99.7,99.9,99.9,99.9,99.9,99.9,99.8,99.8,99.9
Test accuracy: 96.9,96.9,97.9,98.3,98.5,98.1,98.4,98.5,98.4,98.6,98.6,98.5,98.4,98.3,98.5,98.4,98.5,98.0,98.6,98.3,98.4,98.3,98.4,98.4,98.5,98.6,98.5,98.6,98.4,98.5,98.5,98.2,98.7,98.4,98.5,98.6,98.5,98.5,98.6,98.3
Rank: 10,10,10,10,10,10,10,10,10,10,10,10,10,10,10,10,10,10,10,10,10,10,10,10,10,10,10,10,10,10,10,10,10,10,10,10,10,10,10,10
Seed 2/10
Train loss: 0.3059,0.1635,0.1134,0.0903,0.0666,0.0508,0.0457,0.0423,0.0302,0.0283,0.0301,0.0196,0.0205,0.0162,0.0205,0.0161,0.0179,0.0133,0.0116,0.0122,0.0106,0.0139,0.0094,0.011,0.0116,0.0081,0.0088,0.0082,0.0127,0.0098,0.0065,0.0089,0.0067,0.0084,0.0073,0.0109,0.0071,0.0063,0.006,0.0067
Test loss: 0.3098,0.1673,0.1229,0.109,0.0873,0.0806,0.0743,0.0794,0.0677,0.0682,0.073,0.0581,0.0778,0.0656,0.0718,0.0641,0.0742,0.0729,0.0683,0.0666,0.0725,0.0739,0.0765,0.0787,0.0852,0.0725,0.0768,0.0751,0.0894,0.0735,0.0691,0.0771,0.0818,0.0809,0.0789,0.0839,0.0782,0.0886,0.0722,0.0703
Train accuracy: 95.8,96.5,97.1,97.6,98.3,98.8,98.9,99.0,99.3,99.3,99.2,99.6,99.5,99.6,99.5,99.6,99.6,99.7,99.8,99.7,99.8,99.7,99.8,99.8,99.7,99.8,99.8,99.8,99.7,99.8,99.9,99.8,99.9,99.8,99.8,99.7,99.9,99.9,99.9,99.9
Test accuracy: 95.8,96.5,97.0,97.1,97.8,97.9,98.0,98.1,98.4,98.2,98.1,98.5,98.1,98.4,98.3,98.6,98.4,98.5,98.5,98.5,98.5,98.3,98.5,98.4,98.3,98.5,98.4,98.5,98.2,98.4,98.6,98.5,98.5,98.4,98.5,98.3,98.5,98.4,98.5,98.6
Rank: 10,10,10,10,10,10,10,10,10,10,10,10,10,10,10,10,10,10,10,10,10,10,10,10,10,10,10,10,10,10,10,10,10,10,10,10,10,10,10,10
Seed 3/10
Train loss: 0.2523,0.1417,0.1051,0.0759,0.0634,0.0516,0.0527,0.0408,0.0346,0.0377,0.0299,0.0317,0.0274,0.0212,0.027,0.0212,0.0193,0.0155,0.0161,0.0154,0.0151,0.0152,0.0171,0.0133,0.0108,0.0127,0.0102,0.0162,0.0092,0.0101,0.0081,0.008,0.0108,0.0099,0.0078,0.0092,0.0094,0.0074,0.0084,0.0074
Test loss: 0.2568,0.1558,0.1279,0.0986,0.09,0.082,0.0831,0.0747,0.0691,0.0746,0.0674,0.0705,0.0684,0.0602,0.0727,0.064,0.0639,0.0572,0.0653,0.063,0.0615,0.0648,0.068,0.0604,0.0579,0.0617,0.057,0.064,0.058,0.0602,0.0566,0.0533,0.0661,0.0588,0.0556,0.0595,0.0624,0.0574,0.0623,0.0558
Train accuracy: 95.8,97.0,97.5,98.0,98.4,98.7,98.7,99.0,99.0,98.9,99.1,99.1,99.1,99.3,99.1,99.4,99.3,99.6,99.5,99.5,99.5,99.5,99.4,99.6,99.7,99.7,99.7,99.5,99.7,99.7,99.8,99.8,99.6,99.7,99.8,99.7,99.7,99.8,99.7,99.8
Test accuracy: 95.6,96.5,97.0,97.1,97.5,97.9,97.8,98.1,98.2,97.9,98.0,98.0,98.0,98.2,97.8,98.2,98.2,98.4,98.2,98.3,98.4,98.4,98.1,98.3,98.4,98.2,98.4,98.1,98.4,98.4,98.5,98.5,98.1,98.3,98.5,98.4,98.3,98.4,98.4,98.4
Rank: 10,10,10,10,10,10,10,10,10,10,10,10,10,10,10,10,10,10,10,10,10,10,10,10,10,10,10,10,10,10,10,10,10,10,10,10,10,10,10,10
Seed 4/10
Train loss: 0.444,0.1995,0.1379,0.0944,0.0788,0.057,0.0464,0.0402,0.0349,0.0419,0.0266,0.0237,0.0204,0.0242,0.0245,0.0207,0.014,0.0127,0.0134,0.0144,0.0108,0.0149,0.0089,0.0108,0.0146,0.0126,0.0082,0.0105,0.0099,0.0109,0.0077,0.0074,0.0076,0.0061,0.0064,0.0067,0.0076,0.0059,0.0085,0.0078
Test loss: 0.4436,0.2132,0.1535,0.1198,0.1019,0.0838,0.079,0.0718,0.0715,0.0938,0.0677,0.0632,0.0647,0.0729,0.0767,0.0751,0.0664,0.0602,0.0603,0.0653,0.0634,0.0765,0.0594,0.0528,0.0728,0.0736,0.0597,0.072,0.068,0.0626,0.063,0.0609,0.063,0.0598,0.0647,0.0674,0.0697,0.0611,0.0781,0.0631
Train accuracy: 92.2,95.4,96.5,97.2,97.6,98.3,98.6,98.7,98.9,98.6,99.3,99.2,99.4,99.2,99.2,99.4,99.5,99.6,99.6,99.5,99.7,99.5,99.7,99.7,99.4,99.6,99.8,99.7,99.7,99.7,99.8,99.7,99.8,99.8,99.8,99.8,99.8,99.8,99.8,99.8
Test accuracy: 91.9,94.7,96.0,96.6,97.2,97.7,97.8,98.0,98.0,97.5,98.1,98.3,98.3,98.2,98.1,98.2,98.3,98.5,98.5,98.4,98.5,98.2,98.6,98.6,97.9,98.3,98.5,98.5,98.4,98.5,98.5,98.5,98.5,98.7,98.6,98.4,98.4,98.5,98.2,98.5
Rank: 10,10,10,10,10,10,10,10,10,10,10,10,10,10,10,10,10,10,10,10,10,10,10,10,10,10,10,10,10,10,10,10,10,10,10,10,10,10,10,10
Seed 5/10
Train loss: 0.3478,0.1831,0.1204,0.1061,0.068,0.0565,0.0462,0.0406,0.0346,0.034,0.031,0.0253,0.03,0.0234,0.0233,0.0247,0.0158,0.016,0.0207,0.0155,0.0128,0.0142,0.013,0.0127,0.0131,0.0117,0.0124,0.0112,0.0124,0.0115,0.011,0.013,0.0092,0.0101,0.0083,0.008,0.0094,0.0074,0.0082,0.0072
Test loss: 0.3461,0.1888,0.1321,0.1239,0.0931,0.0819,0.0801,0.0754,0.0712,0.0736,0.075,0.0679,0.0759,0.0724,0.0722,0.0809,0.0658,0.0687,0.0752,0.0728,0.0645,0.0701,0.0748,0.0723,0.0737,0.0751,0.0731,0.0757,0.0763,0.0793,0.072,0.0748,0.0722,0.0778,0.0773,0.0774,0.0841,0.0703,0.0751,0.0763
Train accuracy: 94.0,96.1,96.8,96.9,98.0,98.4,98.7,98.7,99.0,99.0,99.1,99.3,99.1,99.3,99.4,99.1,99.6,99.6,99.3,99.6,99.7,99.6,99.6,99.7,99.7,99.7,99.7,99.7,99.7,99.7,99.7,99.6,99.8,99.7,99.8,99.8,99.7,99.8,99.8,99.8
Test accuracy: 94.2,95.9,96.6,96.5,97.3,97.7,97.5,97.9,98.0,98.0,97.9,98.0,97.8,98.1,98.2,97.7,98.3,98.2,97.9,98.1,98.3,98.1,98.2,98.3,98.2,98.3,98.3,98.3,98.2,98.2,98.4,98.2,98.2,98.2,98.3,98.3,98.1,98.3,98.3,98.2
Rank: 10,10,10,10,10,10,10,10,10,10,10,10,10,10,10,10,10,10,10,10,10,10,10,10,10,10,10,10,10,10,10,10,10,10,10,10,10,10,10,10
Seed 6/10
Train loss: 0.2235,0.1332,0.0929,0.0723,0.0569,0.0501,0.0495,0.0319,0.0271,0.0281,0.0255,0.0246,0.0326,0.0186,0.0179,0.0192,0.0203,0.0194,0.0144,0.0128,0.0158,0.0108,0.0114,0.011,0.0128,0.0088,0.0089,0.0111,0.0096,0.012,0.0111,0.0078,0.0114,0.008,0.0072,0.0073,0.0069,0.0081,0.0086,0.0076
Test loss: 0.2209,0.1437,0.11,0.0941,0.0815,0.0805,0.0788,0.0712,0.0667,0.0736,0.0675,0.0761,0.0826,0.0649,0.0706,0.0743,0.0674,0.0663,0.071,0.0648,0.0803,0.0645,0.0735,0.0742,0.0709,0.0794,0.0771,0.0708,0.0741,0.0774,0.071,0.0704,0.0704,0.0666,0.0769,0.0703,0.0685,0.0716,0.0741,0.0671
Train accuracy: 95.4,96.9,97.8,97.9,98.4,98.5,98.4,99.1,99.2,99.1,99.2,99.2,98.9,99.4,99.4,99.4,99.3,99.5,99.5,99.6,99.4,99.7,99.6,99.6,99.5,99.7,99.7,99.6,99.7,99.6,99.6,99.8,99.6,99.8,99.8,99.8,99.8,99.8,99.8,99.8
Test accuracy: 95.7,96.7,97.1,97.2,97.5,97.7,97.6,98.0,98.2,98.0,98.1,98.0,97.8,98.3,98.2,98.0,98.3,98.4,98.2,98.4,98.0,98.5,98.4,98.2,98.2,98.4,98.3,98.3,98.3,98.1,98.4,98.4,98.4,98.5,98.4,98.5,98.4,98.4,98.4,98.5
Rank: 10,10,10,10,10,10,10,10,10,10,10,10,10,10,10,10,10,10,10,10,10,10,10,10,10,10,10,10,10,10,10,10,10,10,10,10,10,10,10,10
Seed 7/10
Train loss: 0.3819,0.2048,0.1347,0.104,0.0646,0.0682,0.0375,0.0331,0.0284,0.0312,0.0253,0.0164,0.0214,0.0277,0.0119,0.0161,0.0127,0.0184,0.0124,0.0115,0.0086,0.0094,0.0117,0.0102,0.0085,0.0116,0.008,0.0074,0.0077,0.0082,0.0078,0.0067,0.0129,0.0064,0.0057,0.0057,0.0081,0.0063,0.0048,0.0071
Test loss: 0.3764,0.2104,0.1438,0.1318,0.0886,0.092,0.0728,0.0693,0.0752,0.0771,0.0753,0.075,0.0771,0.085,0.0682,0.073,0.075,0.0852,0.0741,0.0723,0.0661,0.0736,0.0822,0.0706,0.0701,0.0822,0.0734,0.0757,0.0721,0.0789,0.078,0.0736,0.0789,0.0761,0.077,0.0796,0.0779,0.0773,0.0688,0.0803
Train accuracy: 93.8,96.0,97.1,97.6,98.6,98.2,99.2,99.2,99.3,99.2,99.3,99.6,99.4,99.2,99.8,99.6,99.7,99.5,99.7,99.7,99.8,99.8,99.7,99.7,99.8,99.7,99.8,99.8,99.8,99.8,99.8,99.8,99.6,99.8,99.9,99.9,99.8,99.8,99.9,99.8
Test accuracy: 94.0,95.9,96.9,96.7,97.7,97.5,98.0,98.1,97.9,97.9,98.1,98.1,98.1,97.8,98.4,98.3,98.2,98.0,98.3,98.5,98.5,98.4,98.2,98.4,98.3,98.3,98.2,98.3,98.4,98.2,98.3,98.4,98.1,98.3,98.4,98.3,98.2,98.3,98.5,98.2
Rank: 10,10,10,10,10,10,10,10,10,10,10,10,10,10,10,10,10,10,10,10,10,10,10,10,10,10,10,10,10,10,10,10,10,10,10,10,10,10,10,10
Seed 8/10
Train loss: 0.2886,0.1658,0.1173,0.0845,0.0633,0.0575,0.053,0.0423,0.035,0.0356,0.0312,0.0245,0.0346,0.0204,0.0205,0.0191,0.0205,0.0261,0.0147,0.0162,0.0184,0.0122,0.0123,0.016,0.0147,0.0125,0.0116,0.0114,0.0097,0.0096,0.0107,0.0098,0.0119,0.0104,0.0109,0.0075,0.0128,0.0091,0.0082,0.0067
Test loss: 0.2846,0.1711,0.1289,0.0966,0.085,0.0886,0.0811,0.069,0.0662,0.0678,0.0671,0.0624,0.0755,0.0583,0.0586,0.064,0.0665,0.0758,0.0599,0.0576,0.0682,0.0532,0.0602,0.0652,0.0616,0.0629,0.0642,0.0574,0.062,0.0596,0.0639,0.0596,0.0675,0.0624,0.0623,0.0643,0.0731,0.0583,0.059,0.0613
Train accuracy: 95.3,95.7,96.8,97.4,98.2,98.7,98.6,98.8,99.0,99.0,99.0,99.3,98.9,99.5,99.4,99.5,99.4,99.0,99.6,99.5,99.4,99.7,99.7,99.5,99.5,99.7,99.7,99.6,99.7,99.7,99.7,99.7,99.7,99.6,99.6,99.8,99.5,99.7,99.7,99.8
Test accuracy: 95.4,95.7,96.8,97.2,97.5,97.6,97.9,98.0,98.1,98.1,98.2,98.3,97.8,98.4,98.4,98.3,98.1,97.7,98.4,98.4,98.1,98.5,98.4,98.2,98.4,98.3,98.2,98.4,98.3,98.4,98.4,98.4,98.3,98.3,98.4,98.3,98.0,98.4,98.4,98.4
Rank: 10,10,10,10,10,10,10,10,10,10,10,10,10,10,10,10,10,10,10,10,10,10,10,10,10,10,10,10,10,10,10,10,10,10,10,10,10,10,10,10
Seed 9/10
Train loss: 0.2174,0.1193,0.0849,0.0649,0.0469,0.0413,0.0371,0.0284,0.0265,0.0257,0.0247,0.0181,0.0177,0.0123,0.0143,0.0177,0.0135,0.0113,0.0174,0.0103,0.0235,0.0098,0.0096,0.0101,0.009,0.0133,0.0105,0.0066,0.0067,0.0069,0.0057,0.007,0.008,0.0048,0.0068,0.0127,0.0053,0.0047,0.0082,0.0063
Test loss: 0.2141,0.1206,0.1001,0.0788,0.0684,0.0698,0.0672,0.063,0.0629,0.0609,0.0626,0.06,0.056,0.0553,0.0582,0.0635,0.0558,0.0561,0.0599,0.0572,0.0757,0.06,0.063,0.0641,0.0621,0.0705,0.0699,0.0606,0.0555,0.0651,0.0621,0.0668,0.0688,0.0562,0.0624,0.0663,0.0633,0.0613,0.0695,0.0625
Train accuracy: 95.3,97.3,97.9,98.3,98.8,98.9,99.0,99.3,99.2,99.2,99.2,99.5,99.5,99.7,99.6,99.5,99.6,99.7,99.5,99.7,99.1,99.7,99.8,99.7,99.7,99.6,99.6,99.8,99.8,99.8,99.8,99.8,99.7,99.8,99.8,99.7,99.8,99.9,99.7,99.8
Test accuracy: 95.4,97.2,97.5,97.9,98.2,98.1,98.2,98.2,98.2,98.2,98.2,98.4,98.4,98.5,98.4,98.2,98.3,98.5,98.5,98.5,97.8,98.5,98.4,98.4,98.3,98.0,98.3,98.5,98.5,98.5,98.5,98.3,98.3,98.6,98.5,98.4,98.4,98.5,98.2,98.4
Rank: 10,10,10,10,10,10,10,10,10,10,10,10,10,10,10,10,10,10,10,10,10,10,10,10,10,10,10,10,10,10,10,10,10,10,10,10,10,10,10,10
Seed 10/10
Train loss: 0.262,0.1452,0.1007,0.0788,0.0619,0.0511,0.0369,0.0378,0.0369,0.027,0.024,0.0236,0.0253,0.0287,0.0161,0.0153,0.0155,0.0352,0.0118,0.0111,0.0116,0.013,0.0105,0.0125,0.0099,0.0114,0.008,0.0096,0.0093,0.0069,0.0076,0.0083,0.0087,0.0067,0.0064,0.0075,0.0064,0.0062,0.0052,0.0059
Test loss: 0.2614,0.1491,0.1134,0.1011,0.0829,0.0764,0.0668,0.0714,0.0698,0.0664,0.067,0.0671,0.0653,0.0774,0.0584,0.0605,0.0558,0.0943,0.0587,0.0612,0.0633,0.0612,0.0597,0.0679,0.0634,0.0603,0.0642,0.0646,0.0631,0.0606,0.0588,0.0634,0.0728,0.0614,0.0597,0.0667,0.062,0.0632,0.0646,0.0637
Train accuracy: 94.7,96.9,97.7,98.0,98.2,98.4,99.0,99.0,98.9,99.2,99.3,99.3,99.2,99.0,99.5,99.5,99.5,98.8,99.6,99.7,99.7,99.6,99.7,99.6,99.7,99.6,99.8,99.7,99.7,99.8,99.7,99.8,99.8,99.8,99.8,99.8,99.8,99.8,99.9,99.8
Test accuracy: 94.6,96.8,97.2,97.1,97.7,97.5,98.2,97.9,98.0,98.2,98.2,98.2,98.0,97.7,98.2,98.3,98.2,97.6,98.5,98.4,98.4,98.5,98.5,98.2,98.4,98.3,98.5,98.5,98.4,98.5,98.6,98.4,98.3,98.5,98.5,98.4,98.4,98.6,98.6,98.6
Rank: 10,10,10,10,10,10,10,10,10,10,10,10,10,10,10,10,10,10,10,10,10,10,10,10,10,10,10,10,10,10,10,10,10,10,10,10,10,10,10,10
