Seed 1/10
Train loss: 0.2726,0.2018,0.1535,0.0776,0.0456,0.0368,0.0305,0.024,0.0234,0.0177,0.0149,0.0125,0.0113,0.0101,0.011,0.0116,0.0075,0.0066,0.0068,0.0065,0.0078,0.0048,0.0042,0.005,0.0046,0.0031,0.0036,0.006,0.0029,0.0026,0.0041,0.0036,0.0022,0.0034,0.0022,0.0023,0.0016,0.0017,0.0018,0.0018
Test loss: 0.3173,0.2384,0.182,0.0995,0.0754,0.0734,0.0763,0.0926,0.0697,0.1012,0.0625,0.0708,0.069,0.0838,0.0623,0.0658,0.0592,0.0841,0.052,0.0674,0.0644,0.0689,0.0601,0.0689,0.055,0.0525,0.0603,0.061,0.0535,0.051,0.0609,0.0519,0.0502,0.0511,0.0498,0.047,0.0501,0.0549,0.0495,0.0522
Train accuracy: 97.4,98.4,98.4,98.1,99.0,99.1,99.3,99.5,99.5,99.6,99.7,99.8,99.8,99.8,99.8,99.7,99.8,99.9,99.8,99.9,99.8,99.9,99.9,99.9,99.9,99.9,99.9,99.8,99.9,99.9,99.9,99.9,99.9,99.9,99.9,99.9,99.9,99.9,99.9,100.0
Test accuracy: 97.2,98.1,97.9,97.6,98.4,98.4,98.5,98.6,98.5,98.4,98.5,98.5,98.7,98.7,98.6,98.5,98.8,98.7,98.8,98.5,98.6,98.6,98.6,98.7,98.7,98.9,98.8,98.5,98.7,98.9,98.8,98.7,98.9,98.9,98.9,98.9,99.0,99.0,99.0,99.0
Rank: 10,10,10,10,10,10,10,10,10,10,10,10,10,10,10,10,10,10,10,10,10,10,10,10,10,10,10,10,10,10,10,10,10,10,10,10,10,10,10,10
Seed 2/10
Train loss: 0.1545,0.0788,0.0569,0.0383,0.027,0.0239,0.0183,0.0146,0.0137,0.0113,0.0089,0.0084,0.0087,0.0067,0.009,0.0052,0.0045,0.0105,0.0041,0.0054,0.0046,0.005,0.0039,0.0039,0.0032,0.0037,0.0035,0.0032,0.0024,0.0021,0.0088,0.0026,0.0018,0.0017,0.0017,0.0053,0.0026,0.0023,0.002,0.0015
Test loss: 0.1711,0.1253,0.0808,0.0592,0.0653,0.0808,0.0517,0.0594,0.0451,0.0468,0.0426,0.043,0.0399,0.039,0.0511,0.0431,0.0381,0.0527,0.0357,0.0463,0.041,0.0439,0.0435,0.044,0.0454,0.047,0.0426,0.0494,0.04,0.0409,0.0649,0.0414,0.0378,0.0391,0.0413,0.044,0.0425,0.0416,0.0404,0.0389
Train accuracy: 97.8,98.6,98.9,99.2,99.4,99.5,99.6,99.6,99.7,99.7,99.8,99.8,99.8,99.8,99.7,99.9,99.9,99.7,99.9,99.8,99.9,99.9,99.9,99.9,99.9,99.9,99.9,99.9,99.9,99.9,99.7,99.9,99.9,99.9,99.9,99.9,99.9,99.9,99.9,100.0
Test accuracy: 97.7,98.1,98.5,98.6,98.7,98.5,98.7,98.9,98.9,98.9,98.9,98.9,98.7,99.0,98.7,98.8,98.9,98.6,98.9,98.7,98.9,98.7,98.8,98.7,98.8,98.9,98.9,98.9,98.9,99.0,98.6,98.9,99.0,99.1,99.0,98.7,98.9,98.9,99.0,99.0
Rank: 10,10,10,10,10,10,10,10,10,10,10,10,10,10,10,10,10,10,10,10,10,10,10,10,10,10,10,10,10,10,10,10,10,10,10,10,10,10,10,10
Seed 3/10
Train loss: 0.096,0.0551,0.0356,0.0267,0.0199,0.0143,0.0153,0.0153,0.0098,0.0103,0.0072,0.0054,0.0065,0.0041,0.0048,0.0043,0.0045,0.0037,0.0053,0.003,0.0034,0.0043,0.0029,0.0033,0.0025,0.0037,0.0036,0.002,0.0027,0.002,0.002,0.0021,0.0018,0.0016,0.0022,0.0026,0.0014,0.002,0.0023,0.0014
Test loss: 0.1128,0.0969,0.0601,0.0647,0.0403,0.0394,0.0466,0.0606,0.0375,0.0356,0.0382,0.0388,0.0413,0.0367,0.0372,0.0372,0.041,0.0378,0.0443,0.0358,0.0373,0.0408,0.0381,0.0417,0.0353,0.0378,0.0481,0.0389,0.0413,0.0365,0.0386,0.0417,0.0368,0.0383,0.0426,0.04,0.0352,0.0439,0.0422,0.039
Train accuracy: 97.7,98.6,99.1,99.3,99.4,99.6,99.5,99.6,99.7,99.7,99.8,99.9,99.8,99.9,99.9,99.9,99.9,99.9,99.9,99.9,99.9,99.9,99.9,99.9,99.9,99.9,99.9,99.9,99.9,99.9,99.9,99.9,100.0,100.0,99.9,99.9,100.0,99.9,100.0,100.0
Test accuracy: 97.3,98.3,98.6,98.7,98.8,99.0,98.7,98.7,98.9,98.9,98.9,99.0,98.9,99.0,99.0,99.1,98.8,99.0,99.0,99.2,99.0,98.9,99.0,99.0,99.0,99.0,98.9,99.1,99.0,99.1,99.1,99.1,99.1,99.2,99.1,99.0,99.2,99.0,99.0,99.1
Rank: 10,10,10,10,10,10,10,10,10,10,10,10,10,10,10,10,10,10,10,10,10,10,10,10,10,10,10,10,10,10,10,10,10,10,10,10,10,10,10,10
Seed 4/10
Train loss: 0.1158,0.0637,0.0542,0.0384,0.0253,0.022,0.0179,0.018,0.016,0.013,0.0096,0.0102,0.0079,0.0069,0.0102,0.0055,0.0055,0.0045,0.0045,0.0053,0.0037,0.0067,0.0036,0.0032,0.0032,0.0047,0.0035,0.0026,0.0019,0.002,0.0025,0.002,0.0021,0.0023,0.0018,0.0016,0.0015,0.0022,0.0024,0.0019
Test loss: 0.1262,0.0786,0.0732,0.0596,0.0481,0.0698,0.0507,0.052,0.054,0.0549,0.064,0.0564,0.055,0.0556,0.0622,0.0577,0.0479,0.0582,0.0578,0.0584,0.0799,0.0656,0.0494,0.0497,0.0441,0.0514,0.0533,0.0484,0.0487,0.0491,0.0454,0.0495,0.0453,0.0473,0.0519,0.0557,0.0502,0.0524,0.0472,0.051
Train accuracy: 97.7,98.5,98.5,99.0,99.4,99.4,99.6,99.5,99.6,99.6,99.8,99.7,99.8,99.8,99.7,99.9,99.9,99.9,99.9,99.9,99.9,99.8,99.9,99.9,99.9,99.9,99.9,99.9,99.9,99.9,99.9,99.9,99.9,99.9,99.9,99.9,99.9,99.9,99.9,100.0
Test accuracy: 97.7,98.1,98.1,98.3,98.6,98.6,98.5,98.7,98.6,98.6,98.7,98.8,98.8,98.8,98.5,98.9,98.8,99.0,98.8,98.8,98.8,98.7,98.9,98.8,98.8,98.8,98.8,98.9,98.9,98.9,99.0,99.0,98.9,99.0,99.0,99.0,99.0,98.9,99.1,98.9
Rank: 10,10,10,10,10,10,10,10,10,10,10,10,10,10,10,10,10,10,10,10,10,10,10,10,10,10,10,10,10,10,10,10,10,10,10,10,10,10,10,10
Seed 5/10
Train loss: 0.2424,0.115,0.0631,0.0394,0.0362,0.0204,0.0199,0.0147,0.0119,0.0106,0.008,0.0057,0.0089,0.0076,0.005,0.0048,0.0042,0.0033,0.0092,0.0027,0.0034,0.0033,0.0063,0.0019,0.0034,0.0019,0.0054,0.0013,0.0027,0.0037,0.001,0.0008,0.0007,0.0007,0.0007,0.0007,0.0007,0.0007,0.0047,0.0017
Test loss: 0.3084,0.1224,0.0936,0.0817,0.0612,0.0464,0.0513,0.0514,0.0705,0.0538,0.0532,0.0458,0.0482,0.0621,0.0499,0.049,0.0506,0.058,0.0889,0.0513,0.0566,0.0672,0.0641,0.0541,0.0587,0.0552,0.0642,0.0565,0.0655,0.059,0.0489,0.0503,0.0508,0.0503,0.0495,0.0508,0.0486,0.0495,0.0605,0.0568
Train accuracy: 90.6,98.4,98.8,99.1,99.0,99.6,99.5,99.6,99.7,99.8,99.8,99.9,99.8,99.8,99.9,99.9,99.9,99.9,99.8,100.0,99.9,99.9,99.8,100.0,99.9,100.0,99.8,100.0,99.9,99.9,100.0,100.0,100.0,100.0,100.0,100.0,100.0,100.0,99.8,100.0
Test accuracy: 90.9,98.3,98.1,98.4,98.3,98.8,98.6,98.7,98.8,98.8,98.8,99.0,98.7,98.7,99.0,98.9,98.8,98.9,98.6,99.0,98.8,98.7,98.7,98.9,98.8,98.8,98.7,98.9,98.8,98.7,98.9,98.9,98.9,98.9,98.9,98.9,98.9,99.0,98.7,98.8
Rank: 10,10,10,10,10,10,10,10,10,10,10,10,10,10,10,10,10,10,10,10,10,10,10,10,10,10,10,10,10,10,10,10,10,10,10,10,10,10,10,10
Seed 6/10
Train loss: 0.1453,0.0785,0.0538,0.0329,0.0262,0.0218,0.0159,0.0168,0.0113,0.0099,0.0095,0.009,0.0092,0.0136,0.0078,0.0064,0.0071,0.0052,0.0037,0.006,0.005,0.0038,0.0026,0.0034,0.0031,0.0031,0.0034,0.0029,0.0021,0.002,0.0047,0.0033,0.0023,0.0017,0.0019,0.0028,0.0016,0.0014,0.0043,0.0015
Test loss: 0.1842,0.1006,0.0725,0.107,0.0576,0.0543,0.0469,0.0498,0.0566,0.0521,0.0494,0.0574,0.0622,0.0844,0.0558,0.0574,0.0538,0.0575,0.0494,0.055,0.0476,0.0481,0.0512,0.0556,0.0608,0.0522,0.0613,0.0527,0.051,0.0568,0.0587,0.0531,0.0469,0.0472,0.0513,0.0545,0.0459,0.054,0.0567,0.0485
Train accuracy: 97.8,98.7,98.8,99.3,99.4,99.5,99.6,99.6,99.7,99.8,99.8,99.7,99.8,99.6,99.8,99.8,99.8,99.9,99.9,99.8,99.9,99.9,99.9,99.9,99.9,99.9,99.9,99.9,99.9,99.9,99.9,99.9,99.9,100.0,100.0,100.0,100.0,100.0,99.9,100.0
Test accuracy: 97.5,98.1,98.4,98.6,98.4,98.6,98.8,98.7,98.7,98.7,98.7,98.6,98.6,98.4,98.8,98.7,98.5,98.7,98.8,98.7,98.9,98.8,98.7,98.8,98.8,98.8,98.6,98.8,98.9,98.8,98.6,98.8,98.9,98.9,98.8,98.9,98.8,98.8,98.7,98.8
Rank: 10,10,10,10,10,10,10,10,10,10,10,10,10,10,10,10,10,10,10,10,10,10,10,10,10,10,10,10,10,10,10,10,10,10,10,10,10,10,10,10
Seed 7/10
Train loss: 0.1769,0.1221,0.0782,0.0542,0.0359,0.0266,0.0242,0.0171,0.0176,0.0116,0.0087,0.0086,0.0108,0.0068,0.006,0.0156,0.0042,0.0061,0.006,0.0055,0.0038,0.0025,0.0073,0.0055,0.0029,0.0052,0.0021,0.0059,0.0029,0.0028,0.003,0.0032,0.003,0.0034,0.0019,0.0017,0.0014,0.0022,0.0018,0.0013
Test loss: 0.1914,0.2147,0.102,0.0744,0.0821,0.0488,0.0553,0.045,0.0535,0.0547,0.0447,0.044,0.0565,0.0458,0.0551,0.0585,0.0468,0.0538,0.0451,0.0418,0.0454,0.0447,0.0557,0.0581,0.0488,0.0544,0.0509,0.0512,0.0438,0.0459,0.0542,0.0441,0.0448,0.0501,0.0472,0.0465,0.0447,0.0421,0.0413,0.0435
Train accuracy: 95.7,97.1,97.8,98.4,99.0,99.3,99.3,99.5,99.5,99.7,99.8,99.8,99.7,99.8,99.9,99.5,99.9,99.8,99.8,99.9,99.9,99.9,99.8,99.9,99.9,99.9,100.0,99.8,99.9,99.9,99.9,99.9,99.9,99.9,100.0,100.0,100.0,99.9,100.0,100.0
Test accuracy: 95.8,97.2,97.5,97.8,98.5,98.7,98.5,98.8,98.6,98.7,98.8,98.9,98.7,98.8,98.7,98.4,98.8,98.7,98.6,98.9,98.8,98.9,98.7,98.7,98.9,98.6,98.9,98.5,98.9,98.9,98.7,98.8,98.9,98.7,98.8,98.9,99.0,98.8,98.9,98.8
Rank: 10,10,10,10,10,10,10,10,10,10,10,10,10,10,10,10,10,10,10,10,10,10,10,10,10,10,10,10,10,10,10,10,10,10,10,10,10,10,10,10
Seed 8/10
Train loss: 0.1264,0.0678,0.0455,0.0337,0.0277,0.0223,0.0159,0.0151,0.0126,0.0123,0.009,0.0081,0.0092,0.0056,0.0061,0.0062,0.0052,0.0057,0.0057,0.0051,0.0047,0.0044,0.0041,0.003,0.0026,0.0062,0.0026,0.0022,0.0021,0.0046,0.0038,0.0022,0.0022,0.0044,0.0046,0.0023,0.0027,0.0027,0.0019,0.0017
Test loss: 0.1786,0.0941,0.0685,0.0622,0.0537,0.0575,0.0508,0.0572,0.0478,0.0493,0.0505,0.071,0.0587,0.0523,0.0509,0.1091,0.0527,0.0695,0.0537,0.0564,0.0761,0.0588,0.0539,0.0524,0.0599,0.0601,0.0589,0.0541,0.0591,0.0495,0.0515,0.0555,0.0471,0.0637,0.0522,0.055,0.0536,0.0526,0.0517,0.0546
Train accuracy: 97.0,98.2,99.0,99.2,99.4,99.4,99.6,99.6,99.7,99.7,99.8,99.8,99.8,99.9,99.9,99.8,99.9,99.9,99.9,99.9,99.9,99.9,99.9,99.9,99.9,99.8,99.9,99.9,99.9,99.9,99.9,99.9,99.9,99.9,99.9,99.9,99.9,99.9,99.9,99.9
Test accuracy: 97.2,98.1,98.4,98.6,98.6,98.5,98.8,98.8,98.8,98.7,98.7,98.6,98.6,98.9,98.8,98.7,98.9,98.7,98.7,98.7,98.8,98.7,98.7,98.8,98.9,98.5,98.9,99.0,99.0,98.8,98.8,99.0,99.0,98.6,98.6,98.9,98.9,98.8,98.9,98.9
Rank: 10,10,10,10,10,10,10,10,10,10,10,10,10,10,10,10,10,10,10,10,10,10,10,10,10,10,10,10,10,10,10,10,10,10,10,10,10,10,10,10
Seed 9/10
Train loss: 0.3169,0.2016,0.1106,0.062,0.0426,0.0285,0.021,0.0221,0.0145,0.0104,0.0114,0.0085,0.0082,0.0072,0.0064,0.0051,0.009,0.0081,0.0054,0.0096,0.0106,0.0051,0.0024,0.0023,0.008,0.0042,0.002,0.0015,0.0042,0.0045,0.0016,0.0013,0.0012,0.0029,0.0037,0.0019,0.0011,0.001,0.0009,0.0009
Test loss: 0.3408,0.2348,0.132,0.0936,0.0627,0.0579,0.0577,0.0643,0.0465,0.044,0.0464,0.0496,0.0535,0.0495,0.053,0.0512,0.075,0.0597,0.0533,0.0714,0.0639,0.0499,0.0482,0.0504,0.0681,0.0593,0.0535,0.0465,0.059,0.0586,0.0588,0.0509,0.0488,0.0611,0.0457,0.0466,0.0505,0.0499,0.0499,0.0524
Train accuracy: 91.6,95.3,98.8,98.9,99.1,99.4,99.5,99.4,99.7,99.8,99.7,99.8,99.8,99.9,99.9,99.9,99.8,99.8,99.9,99.7,99.7,99.9,100.0,100.0,99.8,99.9,100.0,100.0,99.9,99.9,100.0,100.0,100.0,99.9,99.9,100.0,100.0,100.0,100.0,100.0
Test accuracy: 92.8,96.0,98.4,98.2,98.4,98.5,98.7,98.4,98.7,98.8,98.7,98.7,98.6,98.7,98.8,98.8,98.5,98.5,98.7,98.4,98.5,98.8,98.9,98.8,98.6,98.5,98.9,99.0,98.6,98.6,98.7,98.9,98.9,98.8,98.7,98.9,98.9,99.0,99.0,98.8
Rank: 10,10,10,10,10,10,10,10,10,10,10,10,10,10,10,10,10,10,10,10,10,10,10,10,10,10,10,10,10,10,10,10,10,10,10,10,10,10,10,10
Seed 10/10
Train loss: 0.1739,0.0945,0.068,0.044,0.0327,0.0284,0.0193,0.0165,0.0152,0.0115,0.0097,0.0089,0.0087,0.0073,0.0068,0.0063,0.0057,0.0045,0.0045,0.0065,0.0036,0.0032,0.0038,0.0078,0.0028,0.0067,0.0025,0.003,0.0038,0.0025,0.002,0.0024,0.0023,0.0032,0.0022,0.0015,0.0014,0.0019,0.0023,0.0016
Test loss: 0.2179,0.1163,0.0991,0.0754,0.0644,0.063,0.0648,0.0633,0.0547,0.0531,0.0574,0.0529,0.0557,0.0596,0.0541,0.0604,0.0601,0.0535,0.0616,0.0649,0.046,0.0508,0.0563,0.0589,0.048,0.058,0.0516,0.0517,0.0586,0.0548,0.0509,0.0519,0.0475,0.0562,0.0516,0.0471,0.0497,0.0578,0.0534,0.0575
Train accuracy: 97.6,98.3,98.6,98.9,99.2,99.2,99.5,99.5,99.6,99.7,99.8,99.8,99.8,99.8,99.8,99.8,99.9,99.9,99.9,99.8,99.9,99.9,99.9,99.8,99.9,99.8,99.9,99.9,99.9,99.9,99.9,99.9,99.9,99.9,99.9,100.0,100.0,100.0,100.0,100.0
Test accuracy: 97.5,98.0,98.1,98.1,98.2,98.2,98.3,98.4,98.4,98.6,98.7,98.7,98.6,98.6,98.7,98.8,98.6,98.7,98.4,98.4,98.8,98.8,98.5,98.5,98.8,98.5,98.7,98.5,98.6,98.7,98.9,98.6,98.6,98.7,98.7,98.8,98.9,98.8,98.8,98.8
Rank: 10,10,10,10,10,10,10,10,10,10,10,10,10,10,10,10,10,10,10,10,10,10,10,10,10,10,10,10,10,10,10,10,10,10,10,10,10,10,10,10
