Seed 1/10
Train loss: 0.0527,0.0312,0.0233,0.0194,0.0153,0.0124,0.0127,0.0093,0.0061,0.0052,0.004,0.0048,0.0035,0.0037,0.0042,0.0031,0.0021,0.0017,0.0017,0.0022,0.0019,0.0013,0.0011,0.0014,0.0009,0.0007,0.0007,0.0004,0.0015,0.0005,0.0005,0.0004,0.0009,0.0003,0.0008,0.0004,0.0005,0.0009,0.0004,0.0005
Test loss: 0.052,0.0405,0.0344,0.037,0.0351,0.0396,0.0385,0.0353,0.0338,0.0344,0.0318,0.0359,0.033,0.0297,0.0343,0.0395,0.0316,0.0344,0.0328,0.0375,0.0369,0.0365,0.0368,0.0384,0.0344,0.0351,0.0362,0.039,0.0398,0.0346,0.0352,0.0317,0.0399,0.041,0.0424,0.0364,0.0375,0.0415,0.0445,0.0435
Train accuracy: 98.4,99.0,99.3,99.4,99.5,99.6,99.6,99.7,99.8,99.8,99.9,99.8,99.9,99.9,99.9,99.9,99.9,99.9,100.0,99.9,99.9,100.0,100.0,100.0,100.0,100.0,100.0,100.0,100.0,100.0,100.0,100.0,100.0,100.0,100.0,100.0,100.0,100.0,100.0,100.0
Test accuracy: 98.3,98.6,99.0,98.8,98.9,98.9,98.9,99.0,99.1,99.1,99.3,99.2,99.3,99.3,99.1,99.2,99.2,99.2,99.1,99.2,99.3,99.2,99.2,99.1,99.2,99.2,99.3,99.2,99.2,99.3,99.3,99.4,99.3,99.3,99.2,99.3,99.3,99.3,99.2,99.2
Rank: 10,10,10,10,10,10,10,10,10,10,10,10,10,10,10,10,10,10,10,10,10,10,10,10,10,10,10,10,10,10,10,10,10,10,10,10,10,10,10,10
Seed 2/10
Train loss: 0.0512,0.0271,0.0197,0.0163,0.0119,0.0108,0.0086,0.0078,0.0063,0.0051,0.0053,0.0044,0.0036,0.0022,0.0025,0.0028,0.0019,0.0015,0.0012,0.0012,0.0017,0.0009,0.0012,0.0006,0.0009,0.0011,0.0014,0.0008,0.0014,0.0007,0.0005,0.0006,0.0006,0.0004,0.0003,0.0004,0.0004,0.0003,0.0005,0.0006
Test loss: 0.0512,0.0353,0.0328,0.0325,0.0322,0.0325,0.0298,0.0357,0.0309,0.0311,0.0318,0.0332,0.0347,0.0311,0.0352,0.0382,0.0308,0.0337,0.0307,0.0346,0.0341,0.0351,0.036,0.0335,0.0378,0.0368,0.0365,0.0377,0.0381,0.0375,0.039,0.0401,0.0345,0.0365,0.0362,0.0397,0.0368,0.0383,0.0448,0.0402
Train accuracy: 98.5,99.1,99.4,99.5,99.6,99.6,99.7,99.7,99.8,99.8,99.8,99.8,99.9,99.9,99.9,99.9,100.0,100.0,100.0,100.0,100.0,100.0,100.0,100.0,100.0,100.0,99.9,100.0,100.0,100.0,100.0,100.0,100.0,100.0,100.0,100.0,100.0,100.0,100.0,100.0
Test accuracy: 98.4,98.8,98.9,99.0,99.1,99.1,99.2,99.0,99.3,99.2,99.2,99.2,99.2,99.3,99.3,99.2,99.3,99.3,99.3,99.3,99.2,99.3,99.2,99.5,99.3,99.3,99.3,99.3,99.2,99.2,99.2,99.3,99.4,99.4,99.4,99.3,99.3,99.3,99.3,99.3
Rank: 10,10,10,10,10,10,10,10,10,10,10,10,10,10,10,10,10,10,10,10,10,10,10,10,10,10,10,10,10,10,10,10,10,10,10,10,10,10,10,10
Seed 3/10
Train loss: 0.047,0.0332,0.0239,0.0171,0.0132,0.0126,0.0102,0.0061,0.0054,0.0056,0.0041,0.0033,0.0043,0.003,0.0025,0.0019,0.0022,0.0016,0.002,0.001,0.0014,0.0011,0.0009,0.0012,0.001,0.0007,0.0009,0.0011,0.0014,0.0005,0.0004,0.0004,0.0006,0.0004,0.0003,0.0006,0.0003,0.0003,0.0003,0.0002
Test loss: 0.0481,0.0405,0.0343,0.0325,0.0305,0.0355,0.0311,0.0292,0.0273,0.0323,0.0277,0.0323,0.0371,0.0288,0.0352,0.0332,0.0321,0.0352,0.0336,0.0316,0.035,0.0332,0.0318,0.033,0.0334,0.0374,0.0366,0.0408,0.0397,0.04,0.0362,0.0396,0.04,0.0398,0.0443,0.042,0.0392,0.0445,0.0406,0.0391
Train accuracy: 98.5,99.0,99.2,99.4,99.6,99.6,99.7,99.8,99.8,99.8,99.9,99.9,99.9,99.9,99.9,99.9,99.9,99.9,99.9,100.0,100.0,100.0,100.0,100.0,100.0,100.0,100.0,100.0,99.9,100.0,100.0,100.0,100.0,100.0,100.0,100.0,100.0,100.0,100.0,100.0
Test accuracy: 98.5,98.6,98.9,98.9,99.1,99.0,99.0,99.2,99.2,99.1,99.2,99.2,98.9,99.3,99.2,99.2,99.2,99.2,99.2,99.3,99.2,99.2,99.2,99.3,99.2,99.3,99.3,99.2,99.2,99.2,99.2,99.2,99.2,99.2,99.2,99.2,99.3,99.2,99.3,99.2
Rank: 10,10,10,10,10,10,10,10,10,10,10,10,10,10,10,10,10,10,10,10,10,10,10,10,10,10,10,10,10,10,10,10,10,10,10,10,10,10,10,10
Seed 4/10
Train loss: 0.05,0.0302,0.0226,0.0168,0.0149,0.0103,0.0084,0.0058,0.0072,0.0058,0.0047,0.0029,0.0031,0.0036,0.0027,0.0028,0.0023,0.0018,0.0018,0.0011,0.0014,0.0016,0.0023,0.001,0.001,0.0011,0.0007,0.0007,0.0007,0.0006,0.0005,0.0009,0.0007,0.0004,0.0007,0.0002,0.0006,0.0002,0.0002,0.0005
Test loss: 0.0501,0.0414,0.039,0.0365,0.0353,0.0313,0.0343,0.0304,0.0364,0.0362,0.0345,0.0293,0.035,0.0347,0.0341,0.0367,0.0315,0.0367,0.0335,0.0346,0.036,0.0388,0.0426,0.0401,0.0394,0.0327,0.0333,0.0422,0.0409,0.0353,0.0345,0.034,0.0393,0.0345,0.0326,0.0349,0.0385,0.0424,0.043,0.0381
Train accuracy: 98.4,99.0,99.3,99.5,99.5,99.7,99.7,99.8,99.8,99.8,99.8,99.9,99.9,99.9,99.9,99.9,99.9,99.9,100.0,100.0,100.0,99.9,99.9,100.0,100.0,100.0,100.0,100.0,100.0,100.0,100.0,100.0,100.0,100.0,100.0,100.0,100.0,100.0,100.0,100.0
Test accuracy: 98.4,98.6,98.7,98.9,99.0,99.0,99.0,99.2,99.0,99.1,99.1,99.3,99.2,99.2,99.2,99.2,99.2,99.1,99.1,99.2,99.3,99.2,99.1,99.2,99.2,99.3,99.2,99.2,99.1,99.3,99.4,99.3,99.2,99.3,99.3,99.3,99.4,99.2,99.3,99.4
Rank: 10,10,10,10,10,10,10,10,10,10,10,10,10,10,10,10,10,10,10,10,10,10,10,10,10,10,10,10,10,10,10,10,10,10,10,10,10,10,10,10
Seed 5/10
Train loss: 0.0542,0.0284,0.024,0.0156,0.0148,0.0096,0.0083,0.0073,0.0069,0.0064,0.0046,0.0033,0.0028,0.002,0.0022,0.0029,0.0022,0.0017,0.0029,0.0012,0.0013,0.0007,0.0012,0.001,0.0008,0.0006,0.0018,0.0009,0.0004,0.0005,0.0004,0.0004,0.0007,0.0003,0.0004,0.0003,0.0009,0.0006,0.0002,0.0003
Test loss: 0.0549,0.0364,0.0355,0.0295,0.0344,0.0325,0.0341,0.0327,0.0328,0.0347,0.0335,0.035,0.034,0.0352,0.0352,0.046,0.043,0.041,0.0446,0.0394,0.035,0.0352,0.0336,0.0387,0.0391,0.0378,0.0404,0.0376,0.041,0.0394,0.0441,0.0424,0.0436,0.0467,0.044,0.0418,0.0452,0.0488,0.0408,0.0463
Train accuracy: 98.3,99.1,99.2,99.5,99.5,99.7,99.7,99.8,99.8,99.8,99.9,99.9,99.9,99.9,99.9,99.9,99.9,99.9,99.9,100.0,100.0,100.0,100.0,100.0,100.0,100.0,100.0,100.0,100.0,100.0,100.0,100.0,100.0,100.0,100.0,100.0,100.0,100.0,100.0,100.0
Test accuracy: 98.3,98.8,98.8,99.1,99.0,99.1,99.0,99.2,99.2,99.1,99.2,99.2,99.2,99.3,99.2,99.2,99.2,99.2,99.1,99.3,99.3,99.3,99.2,99.3,99.3,99.2,99.2,99.2,99.2,99.3,99.2,99.3,99.3,99.2,99.2,99.3,99.3,99.3,99.3,99.3
Rank: 10,10,10,10,10,10,10,10,10,10,10,10,10,10,10,10,10,10,10,10,10,10,10,10,10,10,10,10,10,10,10,10,10,10,10,10,10,10,10,10
Seed 6/10
Train loss: 0.053,0.0292,0.021,0.0153,0.0117,0.0128,0.0081,0.0079,0.0072,0.0045,0.0038,0.0042,0.004,0.0041,0.0042,0.0025,0.002,0.0024,0.0016,0.0021,0.0012,0.0015,0.0016,0.0011,0.0012,0.0014,0.001,0.0008,0.0011,0.0009,0.0007,0.0011,0.0007,0.0007,0.0006,0.0006,0.0006,0.0006,0.0005,0.0008
Test loss: 0.0511,0.0371,0.0329,0.032,0.0296,0.034,0.0308,0.0313,0.0349,0.032,0.0297,0.0332,0.0329,0.0349,0.0411,0.0355,0.034,0.0358,0.0377,0.0361,0.0323,0.0362,0.031,0.0308,0.0364,0.0384,0.0361,0.0374,0.0403,0.0377,0.0399,0.0441,0.0455,0.0385,0.0369,0.0379,0.0397,0.0397,0.0418,0.0459
Train accuracy: 98.3,99.1,99.3,99.5,99.6,99.6,99.7,99.8,99.8,99.9,99.9,99.9,99.9,99.9,99.9,99.9,99.9,99.9,99.9,99.9,100.0,99.9,100.0,100.0,100.0,100.0,100.0,100.0,100.0,100.0,100.0,100.0,100.0,100.0,100.0,100.0,100.0,100.0,100.0,100.0
Test accuracy: 98.2,98.8,98.9,98.9,99.0,99.0,99.1,99.2,99.0,99.2,99.3,99.1,99.1,99.2,99.2,99.2,99.4,99.2,99.3,99.3,99.4,99.2,99.4,99.3,99.3,99.2,99.3,99.3,99.2,99.3,99.2,99.3,99.3,99.3,99.3,99.3,99.3,99.3,99.3,99.2
Rank: 10,10,10,10,10,10,10,10,10,10,10,10,10,10,10,10,10,10,10,10,10,10,10,10,10,10,10,10,10,10,10,10,10,10,10,10,10,10,10,10
Seed 7/10
Train loss: 0.049,0.03,0.0204,0.0166,0.0139,0.0089,0.0078,0.0075,0.0068,0.004,0.0038,0.0032,0.002,0.0027,0.0028,0.0017,0.0019,0.0022,0.002,0.0024,0.0008,0.0007,0.0008,0.0009,0.0006,0.0004,0.0005,0.0005,0.0006,0.0004,0.0005,0.0003,0.0004,0.0003,0.0002,0.0004,0.0004,0.0016,0.0002,0.0003
Test loss: 0.0515,0.0389,0.0391,0.0335,0.0336,0.0293,0.0303,0.0352,0.0331,0.032,0.0324,0.0351,0.0326,0.0317,0.0337,0.0315,0.0351,0.0358,0.0377,0.0396,0.0328,0.034,0.0412,0.0414,0.0402,0.0345,0.0419,0.0408,0.036,0.0372,0.0448,0.0348,0.0461,0.0367,0.0422,0.044,0.0411,0.0513,0.0391,0.0432
Train accuracy: 98.5,99.0,99.4,99.5,99.6,99.7,99.8,99.8,99.8,99.9,99.9,99.9,99.9,99.9,99.9,100.0,99.9,99.9,99.9,99.9,100.0,100.0,100.0,100.0,100.0,100.0,100.0,100.0,100.0,100.0,100.0,100.0,100.0,100.0,100.0,100.0,100.0,99.9,100.0,100.0
Test accuracy: 98.3,98.7,98.8,99.0,98.9,99.0,99.1,99.1,99.0,99.2,99.1,99.2,99.2,99.1,99.2,99.2,99.2,99.2,99.3,99.1,99.3,99.3,99.2,99.2,99.3,99.2,99.2,99.3,99.2,99.3,99.2,99.3,99.2,99.3,99.2,99.2,99.2,99.2,99.2,99.2
Rank: 10,10,10,10,10,10,10,10,10,10,10,10,10,10,10,10,10,10,10,10,10,10,10,10,10,10,10,10,10,10,10,10,10,10,10,10,10,10,10,10
Seed 8/10
Train loss: 0.0534,0.03,0.021,0.0179,0.0133,0.011,0.0077,0.0072,0.0075,0.0057,0.0045,0.0042,0.0036,0.0033,0.0034,0.0031,0.0024,0.0017,0.0021,0.0014,0.0016,0.0011,0.001,0.0011,0.0007,0.0009,0.0019,0.0013,0.0007,0.0006,0.0008,0.0006,0.001,0.0006,0.0004,0.0005,0.0007,0.0004,0.0003,0.0005
Test loss: 0.0537,0.0406,0.0344,0.0335,0.0304,0.0325,0.0318,0.0316,0.0297,0.0326,0.0315,0.0339,0.0341,0.0343,0.0356,0.0382,0.03,0.0319,0.0379,0.0355,0.0344,0.0389,0.0397,0.0374,0.0402,0.0377,0.0486,0.0443,0.0446,0.0363,0.0389,0.0463,0.0454,0.0418,0.0386,0.0412,0.0457,0.0384,0.0483,0.0456
Train accuracy: 98.3,99.1,99.4,99.4,99.5,99.6,99.8,99.8,99.8,99.8,99.9,99.9,99.9,99.9,99.9,99.9,99.9,99.9,99.9,100.0,99.9,100.0,100.0,100.0,100.0,100.0,99.9,100.0,100.0,100.0,100.0,100.0,100.0,100.0,100.0,100.0,100.0,100.0,100.0,100.0
Test accuracy: 98.3,98.7,98.8,99.0,99.0,99.1,99.2,99.2,99.1,99.0,99.1,99.3,99.3,99.2,99.2,99.2,99.3,99.2,99.2,99.3,99.3,99.3,99.3,99.3,99.3,99.3,99.2,99.2,99.3,99.3,99.3,99.2,99.3,99.2,99.3,99.3,99.2,99.3,99.2,99.3
Rank: 10,10,10,10,10,10,10,10,10,10,10,10,10,10,10,10,10,10,10,10,10,10,10,10,10,10,10,10,10,10,10,10,10,10,10,10,10,10,10,10
Seed 9/10
Train loss: 0.0673,0.0306,0.0194,0.018,0.0129,0.0101,0.009,0.0101,0.0051,0.0046,0.0032,0.0046,0.0024,0.0026,0.0026,0.0014,0.0015,0.0033,0.0009,0.0013,0.0012,0.0008,0.0011,0.0008,0.0012,0.0015,0.0007,0.0011,0.0004,0.0006,0.0004,0.0004,0.0003,0.0004,0.0008,0.0002,0.0006,0.0003,0.0003,0.0002
Test loss: 0.0638,0.0389,0.0329,0.0356,0.0322,0.0319,0.0338,0.0314,0.0308,0.0302,0.0329,0.0324,0.0286,0.0319,0.0329,0.0366,0.0348,0.0433,0.0327,0.0361,0.0353,0.035,0.0328,0.0358,0.0348,0.0394,0.0395,0.0369,0.041,0.0407,0.0402,0.0391,0.0415,0.0404,0.0434,0.0427,0.0479,0.0401,0.0414,0.0435
Train accuracy: 97.9,99.1,99.4,99.4,99.6,99.7,99.7,99.7,99.8,99.8,99.9,99.8,99.9,99.9,99.9,100.0,100.0,99.9,100.0,100.0,100.0,100.0,100.0,100.0,100.0,100.0,100.0,100.0,100.0,100.0,100.0,100.0,100.0,100.0,100.0,100.0,100.0,100.0,100.0,100.0
Test accuracy: 97.9,98.8,98.9,99.0,99.1,99.1,99.0,99.1,99.2,99.1,99.2,99.2,99.3,99.3,99.2,99.2,99.3,99.1,99.3,99.2,99.2,99.3,99.2,99.3,99.2,99.2,99.2,99.3,99.2,99.2,99.3,99.3,99.3,99.3,99.3,99.3,99.2,99.2,99.3,99.3
Rank: 10,10,10,10,10,10,10,10,10,10,10,10,10,10,10,10,10,10,10,10,10,10,10,10,10,10,10,10,10,10,10,10,10,10,10,10,10,10,10,10
Seed 10/10
Train loss: 0.0488,0.0295,0.0202,0.015,0.0137,0.0108,0.0083,0.006,0.0062,0.0052,0.006,0.0069,0.004,0.0024,0.0021,0.0023,0.0037,0.003,0.0014,0.0012,0.0014,0.0013,0.0008,0.0008,0.0007,0.0007,0.001,0.0006,0.0008,0.0008,0.0004,0.0005,0.0004,0.0003,0.0004,0.0007,0.0005,0.0004,0.0004,0.0001
Test loss: 0.0491,0.0401,0.0329,0.0308,0.0294,0.0316,0.0289,0.0295,0.0323,0.0321,0.0363,0.0404,0.0351,0.0299,0.0315,0.0312,0.0365,0.041,0.0345,0.0349,0.0364,0.0334,0.0345,0.0436,0.0399,0.0427,0.0426,0.0372,0.0389,0.0388,0.038,0.0335,0.0308,0.0398,0.0394,0.0418,0.0381,0.0381,0.04,0.0396
Train accuracy: 98.5,99.1,99.4,99.5,99.5,99.7,99.7,99.8,99.8,99.8,99.8,99.8,99.9,99.9,99.9,99.9,99.9,99.9,100.0,100.0,100.0,100.0,100.0,100.0,100.0,100.0,100.0,100.0,100.0,100.0,100.0,100.0,100.0,100.0,100.0,100.0,100.0,100.0,100.0,100.0
Test accuracy: 98.4,98.8,98.9,99.0,99.0,99.0,99.2,99.2,99.1,99.1,99.2,99.1,99.1,99.3,99.2,99.3,99.1,99.2,99.3,99.3,99.3,99.2,99.2,99.2,99.2,99.2,99.3,99.3,99.3,99.3,99.3,99.3,99.4,99.3,99.2,99.3,99.4,99.4,99.3,99.3
Rank: 10,10,10,10,10,10,10,10,10,10,10,10,10,10,10,10,10,10,10,10,10,10,10,10,10,10,10,10,10,10,10,10,10,10,10,10,10,10,10,10
