Seed 1/10
Train loss: 1.1486,0.8518,0.607,0.4904,0.4348,0.4015,0.3687,0.3558,0.365,0.3441,0.3479,0.3361,0.3522,0.3005,0.3112,0.3004,0.2863,0.2901,0.2738,0.2966,0.2722,0.2681,0.2638,0.2642,0.2647,0.2683,0.2826,0.2473,0.2473,0.2444,0.2425,0.2445,0.2798,0.2384,0.2509,0.2375,0.2483,0.2491,0.2296,0.2446
Test loss: 1.1533,0.8515,0.6237,0.5194,0.4685,0.4527,0.432,0.4268,0.4428,0.4301,0.4458,0.4443,0.4629,0.4229,0.4376,0.4377,0.4296,0.4384,0.4313,0.4639,0.4474,0.4569,0.4606,0.4641,0.4684,0.4798,0.5021,0.4742,0.4762,0.4753,0.4774,0.4935,0.5212,0.4991,0.5158,0.5076,0.5251,0.5177,0.5124,0.5437
Train accuracy: 54.3,68.0,80.1,82.9,83.9,84.6,85.6,85.9,85.5,86.0,85.9,86.1,85.8,87.1,86.8,87.1,87.4,87.3,87.8,87.2,87.8,87.8,88.0,88.2,88.1,87.9,87.6,88.4,88.5,88.5,88.5,88.5,87.5,88.6,88.4,88.6,88.5,88.2,88.8,88.4
Test accuracy: 54.5,68.5,80.1,82.4,83.2,83.6,84.3,84.3,83.8,84.3,84.0,84.1,83.8,84.3,84.2,84.5,84.3,84.5,84.6,84.3,84.3,84.5,84.4,84.8,84.4,84.4,84.2,84.5,84.5,84.7,84.7,84.3,84.1,84.6,84.2,84.4,84.5,84.1,84.2,84.3
Rank: 9,10,10,10,10,10,10,10,10,10,10,10,10,10,10,10,10,10,10,10,10,10,10,10,10,10,10,10,10,10,10,10,10,10,10,10,10,10,10,10
Seed 2/10
Train loss: 1.1214,0.5875,0.3942,0.3139,0.2723,0.238,0.2069,0.2087,0.1756,0.1794,0.1762,0.1583,0.1582,0.1502,0.1448,0.1413,0.1322,0.1378,0.1226,0.1272,0.1278,0.1379,0.1211,0.1529,0.1234,0.1379,0.1605,0.1042,0.1284,0.1382,0.1154,0.0972,0.1018,0.089,0.0958,0.1135,0.0901,0.0937,0.0951,0.0965
Test loss: 1.1157,0.5949,0.3997,0.3255,0.291,0.259,0.2504,0.2625,0.2373,0.2478,0.2536,0.2517,0.2544,0.2561,0.2668,0.2651,0.2624,0.2731,0.2707,0.2831,0.2871,0.3091,0.3006,0.3342,0.3239,0.3443,0.3852,0.316,0.3514,0.3653,0.3368,0.3368,0.3406,0.3221,0.3409,0.376,0.3335,0.3611,0.3802,0.371
Train accuracy: 53.1,84.0,91.0,92.3,92.7,93.4,94.1,93.9,95.0,94.8,94.9,95.4,95.3,95.6,95.8,95.8,96.2,95.9,96.3,96.3,96.1,95.9,96.4,95.5,96.3,95.7,95.3,96.9,96.0,95.9,96.6,97.0,97.0,97.3,97.1,96.5,97.3,97.1,97.1,97.0
Test accuracy: 52.9,84.0,91.0,91.9,92.4,92.9,93.1,92.7,93.6,93.3,93.2,93.5,93.2,93.3,93.1,93.2,93.5,93.2,93.3,93.1,93.1,92.9,93.0,92.5,92.8,92.3,92.0,93.0,92.5,92.5,92.9,93.3,92.9,93.3,93.0,92.5,93.2,93.0,92.7,92.9
Rank: 10,10,10,10,10,10,10,10,10,10,10,10,10,10,10,10,10,10,10,10,10,10,10,10,10,10,10,10,10,10,10,10,10,10,10,10,10,10,10,10
Seed 3/10
Train loss: 1.0001,0.6537,0.4476,0.3421,0.2687,0.2479,0.2218,0.209,0.2015,0.1881,0.1762,0.1641,0.1631,0.1686,0.1506,0.144,0.1448,0.1613,0.1321,0.1405,0.1302,0.1199,0.1226,0.1056,0.1159,0.1146,0.1207,0.1243,0.1048,0.1094,0.1296,0.1279,0.0989,0.1063,0.1217,0.104,0.091,0.1198,0.0902,0.0987
Test loss: 0.9858,0.653,0.4672,0.372,0.3109,0.2964,0.2772,0.2667,0.2764,0.267,0.2652,0.2601,0.2635,0.2759,0.2639,0.263,0.2769,0.305,0.2684,0.2847,0.2819,0.2695,0.2917,0.2756,0.2952,0.2948,0.3011,0.315,0.3083,0.3098,0.3444,0.3503,0.3042,0.3326,0.3443,0.3402,0.3336,0.361,0.3365,0.3502
Train accuracy: 66.0,84.0,89.2,91.3,93.1,93.6,94.1,94.5,94.8,95.0,95.4,95.7,95.7,95.5,96.0,96.1,96.1,95.8,96.4,96.3,96.6,96.9,96.7,97.2,96.9,96.9,96.8,96.7,97.2,97.1,96.4,96.6,97.2,97.2,96.6,97.2,97.6,96.7,97.6,97.2
Test accuracy: 65.8,83.2,88.2,90.5,92.1,92.5,92.8,93.2,93.1,93.4,93.4,93.8,93.5,93.2,93.7,93.8,93.3,93.2,93.7,93.4,93.5,94.0,93.5,93.9,93.4,93.6,93.5,93.4,93.6,93.6,92.8,92.8,93.4,93.2,92.9,93.1,93.4,92.8,93.3,93.2
Rank: 10,10,10,10,10,10,10,10,10,10,10,10,10,10,10,10,10,10,10,10,10,10,10,10,10,10,10,10,10,10,10,10,10,10,10,10,10,10,10,10
Seed 4/10
Train loss: 0.2829,0.1617,0.1111,0.099,0.0979,0.0723,0.0568,0.0553,0.0484,0.0517,0.0383,0.0439,0.0296,0.0366,0.028,0.0272,0.0243,0.0261,0.02,0.0199,0.0144,0.025,0.0193,0.0317,0.0117,0.0117,0.0141,0.012,0.0176,0.0147,0.0068,0.0097,0.006,0.0089,0.0119,0.0064,0.0119,0.0054,0.0105,0.0112
Test loss: 0.2832,0.1885,0.1438,0.143,0.1628,0.1291,0.1234,0.1281,0.1329,0.1403,0.13,0.1478,0.1334,0.1486,0.1392,0.1468,0.1259,0.1514,0.1573,0.1448,0.1446,0.1696,0.1673,0.19,0.1634,0.1652,0.1596,0.198,0.2165,0.1894,0.1661,0.1736,0.1697,0.1913,0.2249,0.1986,0.2078,0.1935,0.2024,0.2207
Train accuracy: 91.9,95.4,96.7,97.1,97.2,97.8,98.3,98.4,98.5,98.5,98.8,98.7,99.1,98.9,99.1,99.1,99.2,99.2,99.4,99.4,99.6,99.3,99.4,99.1,99.6,99.6,99.6,99.6,99.5,99.6,99.8,99.7,99.8,99.7,99.6,99.8,99.6,99.8,99.7,99.7
Test accuracy: 92.0,95.0,96.2,96.1,96.0,96.8,97.1,97.0,97.1,97.1,97.1,96.9,97.3,97.2,97.4,97.2,97.4,97.2,97.4,97.3,97.4,97.2,97.3,97.1,97.5,97.5,97.4,97.4,97.0,97.5,97.6,97.5,97.5,97.5,97.3,97.6,97.5,97.5,97.4,97.4
Rank: 10,10,10,10,10,10,10,10,10,10,10,10,10,10,10,10,10,10,10,10,10,10,10,10,10,10,10,10,10,10,10,10,10,10,10,10,10,10,10,10
Seed 5/10
Train loss: 0.7078,0.5033,0.3912,0.332,0.2735,0.2333,0.1271,0.099,0.0783,0.0772,0.0715,0.0647,0.059,0.0539,0.0502,0.0411,0.0422,0.0434,0.0384,0.0298,0.0336,0.0375,0.0266,0.0272,0.0262,0.0279,0.0303,0.0259,0.0216,0.022,0.0179,0.0159,0.0187,0.015,0.0211,0.0152,0.022,0.0155,0.0184,0.0143
Test loss: 0.6919,0.5058,0.4059,0.3584,0.3064,0.2666,0.1739,0.1539,0.1431,0.1472,0.146,0.1552,0.1535,0.1593,0.1676,0.1604,0.1618,0.1602,0.1756,0.1637,0.186,0.1949,0.1835,0.1865,0.1811,0.1928,0.1967,0.1954,0.214,0.219,0.2092,0.2102,0.2009,0.2086,0.2305,0.2036,0.2144,0.2169,0.2084,0.208
Train accuracy: 73.4,76.7,86.0,87.3,88.6,93.9,96.7,97.3,97.9,97.7,97.8,98.1,98.2,98.3,98.5,98.8,98.8,98.6,98.8,99.1,99.0,98.9,99.2,99.2,99.2,99.2,99.1,99.2,99.4,99.3,99.5,99.6,99.5,99.6,99.4,99.6,99.3,99.5,99.5,99.6
Test accuracy: 73.8,76.6,85.7,86.8,87.8,93.2,95.8,96.2,96.5,96.3,96.5,96.5,96.5,96.5,96.5,96.7,96.6,96.5,96.3,96.8,96.4,96.4,96.6,96.7,96.7,96.7,96.5,96.5,96.6,96.5,96.5,96.6,96.7,96.9,96.5,96.6,96.7,96.4,96.8,96.8
Rank: 10,10,10,10,10,10,10,10,10,10,10,10,10,10,10,10,10,10,10,10,10,10,10,10,10,10,10,10,10,10,10,10,10,10,10,10,10,10,10,10
Seed 6/10
Train loss: 0.3353,0.1992,0.1839,0.1175,0.0896,0.0821,0.0705,0.0616,0.043,0.0351,0.0314,0.0257,0.0293,0.0271,0.0262,0.0235,0.0199,0.0182,0.0208,0.0227,0.0188,0.0159,0.0144,0.0151,0.0098,0.0089,0.0071,0.011,0.0087,0.0096,0.0108,0.0097,0.0155,0.0066,0.0047,0.0245,0.0051,0.0121,0.0041,0.0035
Test loss: 0.3212,0.2001,0.1951,0.1419,0.1138,0.1169,0.1067,0.1076,0.0948,0.0895,0.0903,0.091,0.098,0.0975,0.1033,0.1119,0.1183,0.1177,0.1115,0.1249,0.129,0.1165,0.1076,0.1209,0.1254,0.1173,0.1247,0.1343,0.1218,0.1296,0.1229,0.1277,0.1427,0.1284,0.1258,0.1683,0.126,0.1371,0.1123,0.1101
Train accuracy: 91.0,94.1,94.5,96.4,97.3,97.5,97.9,98.1,98.7,98.9,99.0,99.2,99.1,99.1,99.1,99.2,99.4,99.4,99.4,99.3,99.3,99.5,99.5,99.5,99.7,99.7,99.8,99.7,99.7,99.7,99.6,99.7,99.5,99.8,99.9,99.3,99.8,99.6,99.9,99.9
Test accuracy: 91.3,94.1,94.0,95.8,96.7,96.5,97.0,96.9,97.4,97.7,97.8,97.9,97.7,97.7,97.6,97.6,97.8,97.7,97.8,97.7,97.6,97.8,98.0,97.9,97.9,97.9,98.1,98.1,98.0,98.0,97.9,97.9,97.6,98.0,98.0,97.5,98.0,97.9,98.2,98.3
Rank: 10,10,10,10,10,10,10,10,10,10,10,10,10,10,10,10,10,10,10,10,10,10,10,10,10,10,10,10,10,10,10,10,10,10,10,10,10,10,10,10
Seed 7/10
Train loss: 1.7436,1.5806,1.4719,1.3662,1.3134,1.2711,1.2736,1.2096,1.131,1.0884,1.0707,1.0482,1.0328,1.0154,1.0129,1.038,1.0031,0.9746,0.9624,0.9527,0.9511,0.9596,0.9671,0.9353,0.934,0.926,0.9212,0.9263,0.915,0.8909,0.9071,0.8941,0.8961,0.8998,0.891,0.872,0.8785,0.8737,0.8624,0.8601
Test loss: 1.743,1.5891,1.4822,1.371,1.3217,1.2827,1.2818,1.2318,1.1529,1.1167,1.1076,1.097,1.0802,1.0756,1.0703,1.0989,1.0787,1.0615,1.0474,1.0419,1.038,1.0561,1.0653,1.043,1.0381,1.0328,1.0284,1.0413,1.0365,1.0213,1.0377,1.0272,1.0339,1.0459,1.0331,1.0188,1.0354,1.0247,1.0285,1.0204
Train accuracy: 28.9,33.6,38.3,39.6,43.1,45.6,45.7,51.9,54.2,56.1,55.8,57.0,57.6,58.5,58.3,56.3,58.6,59.3,60.0,60.2,60.3,59.5,59.1,60.5,60.6,60.6,61.1,60.9,60.9,62.0,61.2,61.8,61.7,61.6,61.8,62.7,62.0,62.3,62.9,62.7
Test accuracy: 28.2,33.6,38.5,39.9,43.9,46.1,46.1,52.4,53.7,55.7,55.4,55.7,56.8,57.6,57.3,55.1,57.2,57.4,58.2,58.3,58.7,57.6,57.2,58.6,58.6,58.6,58.9,58.6,58.5,59.5,58.3,58.9,59.0,58.8,58.9,59.7,59.1,59.3,59.7,59.5
Rank: 7,7,8,9,9,9,9,9,9,9,9,9,10,10,10,10,10,10,10,10,10,10,10,10,10,10,10,10,10,10,10,10,10,10,10,10,10,10,10,10
Seed 8/10
Train loss: 0.5869,0.343,0.2372,0.1828,0.1567,0.13,0.1084,0.0967,0.0851,0.0842,0.0814,0.074,0.0594,0.0611,0.0664,0.0599,0.0645,0.0534,0.0488,0.0443,0.0545,0.0454,0.0509,0.0398,0.0475,0.0302,0.0341,0.0377,0.034,0.0274,0.0489,0.0534,0.0267,0.0327,0.0299,0.0258,0.0238,0.026,0.0307,0.0278
Test loss: 0.5916,0.3664,0.2746,0.2322,0.2155,0.1942,0.1835,0.1838,0.1887,0.1921,0.1909,0.1968,0.1913,0.1948,0.2037,0.2028,0.2279,0.2245,0.2197,0.2264,0.2433,0.228,0.2449,0.227,0.2514,0.2336,0.25,0.2673,0.246,0.236,0.261,0.3084,0.2448,0.2719,0.2637,0.2454,0.2577,0.2748,0.282,0.2858
Train accuracy: 83.2,91.7,94.0,95.1,95.6,96.2,96.8,97.2,97.5,97.4,97.6,97.7,98.2,98.1,97.9,98.1,98.1,98.4,98.6,98.7,98.4,98.6,98.5,98.8,98.5,99.1,99.0,98.9,99.0,99.2,98.6,98.6,99.2,99.1,99.1,99.3,99.3,99.3,99.1,99.2
Test accuracy: 83.5,91.0,93.3,94.4,94.7,95.1,95.3,95.6,95.6,95.4,95.6,95.5,95.8,95.6,95.7,95.6,95.7,95.7,95.7,95.8,95.7,95.8,95.6,96.1,95.7,96.1,96.0,96.0,96.0,95.8,95.8,95.7,96.2,95.9,96.2,96.1,95.9,96.1,95.7,95.8
Rank: 10,10,10,10,10,10,10,10,10,10,10,10,10,10,10,10,10,10,10,10,10,10,10,10,10,10,10,10,10,10,10,10,10,10,10,10,10,10,10,10
Seed 9/10
Train loss: 0.9795,0.6888,0.4767,0.3737,0.3082,0.2757,0.2587,0.2345,0.2358,0.2151,0.2031,0.2024,0.2077,0.1826,0.17,0.1674,0.1771,0.1587,0.1513,0.1475,0.137,0.1405,0.1331,0.1288,0.1281,0.1269,0.126,0.1282,0.1321,0.1235,0.1329,0.1153,0.1335,0.1296,0.1336,0.1164,0.1021,0.1124,0.101,0.1063
Test loss: 0.9769,0.6982,0.4951,0.3994,0.3516,0.326,0.3264,0.3216,0.3248,0.3067,0.3181,0.3207,0.346,0.3242,0.3201,0.32,0.3374,0.3419,0.3437,0.3304,0.3358,0.3513,0.3569,0.3515,0.3651,0.3721,0.3753,0.3853,0.4015,0.4096,0.4081,0.4054,0.4289,0.4326,0.432,0.4384,0.4211,0.435,0.4304,0.4329
Train accuracy: 65.7,78.3,87.2,90.0,91.5,92.3,92.8,93.5,93.4,94.0,94.3,94.3,94.1,94.8,95.3,95.4,95.1,95.5,95.8,95.8,96.1,96.0,96.2,96.4,96.4,96.3,96.4,96.2,96.2,96.5,96.1,96.7,96.0,96.2,96.1,96.5,97.1,96.8,97.1,97.0
Test accuracy: 65.7,77.7,86.8,89.5,90.6,91.3,91.2,91.4,91.5,91.8,91.8,91.5,91.3,91.8,92.2,92.1,92.0,92.0,92.2,92.4,92.3,92.3,92.0,92.3,91.9,92.0,92.0,91.6,91.5,91.7,91.4,91.8,91.1,91.3,91.1,91.4,91.7,91.7,91.6,91.6
Rank: 10,10,10,10,10,10,10,10,10,10,10,10,10,10,10,10,10,10,10,10,10,10,10,10,10,10,10,10,10,10,10,10,10,10,10,10,10,10,10,10
Seed 10/10
Train loss: 0.4078,0.2467,0.1942,0.1625,0.1422,0.1178,0.126,0.1038,0.0989,0.113,0.0871,0.0737,0.0679,0.0609,0.0526,0.0444,0.0509,0.0372,0.0456,0.0409,0.0463,0.0476,0.0363,0.0548,0.0349,0.0367,0.0345,0.0296,0.028,0.0294,0.0492,0.02,0.0381,0.0288,0.0291,0.024,0.0188,0.037,0.0265,0.0291
Test loss: 0.4011,0.2494,0.2098,0.183,0.1729,0.1638,0.1801,0.1691,0.1714,0.1961,0.1767,0.1718,0.1824,0.1827,0.1845,0.1801,0.1905,0.1954,0.1989,0.192,0.2189,0.2327,0.2225,0.241,0.2175,0.2298,0.23,0.2217,0.2328,0.2449,0.2647,0.2384,0.2558,0.2639,0.2359,0.2392,0.2582,0.2782,0.2597,0.2667
Train accuracy: 90.3,93.7,94.9,95.7,96.2,96.8,96.5,97.0,97.2,96.7,97.4,97.9,98.1,98.2,98.5,98.7,98.5,98.9,98.7,98.8,98.7,98.6,98.9,98.4,99.0,98.9,99.0,99.2,99.2,99.2,98.7,99.5,98.9,99.2,99.2,99.4,99.5,99.1,99.3,99.2
Test accuracy: 90.7,93.5,94.4,95.0,95.4,95.7,95.1,95.6,95.4,95.0,96.0,95.7,95.9,96.1,96.1,96.2,96.2,96.2,96.1,96.2,95.8,95.8,96.1,95.6,96.0,96.1,96.0,96.2,96.3,96.2,95.7,96.3,95.8,96.1,96.1,96.2,96.2,96.0,96.2,95.9
Rank: 10,10,10,10,10,10,10,10,10,10,10,10,10,10,10,10,10,10,10,10,10,10,10,10,10,10,10,10,10,10,10,10,10,10,10,10,10,10,10,10
