Seed 1/10
Train loss: 0.3035,0.2163,0.1644,0.1361,0.1142,0.0966,0.0838,0.0783,0.0736,0.0831,0.063,0.0618,0.0558,0.0534,0.0518,0.0537,0.0542,0.0497,0.0437,0.0403,0.0477,0.0339,0.0375,0.0375,0.0338,0.0368,0.0252,0.0262,0.0228,0.0284,0.0213,0.0264,0.0262,0.0204,0.0206,0.0211,0.0356,0.027,0.0192,0.0147
Test loss: 0.2886,0.2221,0.1752,0.1545,0.1431,0.1375,0.1338,0.1381,0.1414,0.1537,0.1374,0.1474,0.1468,0.1648,0.1577,0.1708,0.1808,0.1797,0.1733,0.1765,0.1879,0.1734,0.1915,0.1931,0.1945,0.1996,0.1739,0.1924,0.1862,0.2018,0.1941,0.1926,0.2029,0.189,0.1978,0.1926,0.2257,0.2055,0.2057,0.2071
Train accuracy: 90.8,93.5,94.9,95.8,96.5,97.1,97.4,97.6,97.7,97.3,98.0,98.0,98.2,98.4,98.4,98.3,98.3,98.5,98.7,98.8,98.5,99.0,98.8,98.9,99.0,98.9,99.2,99.2,99.4,99.2,99.4,99.2,99.2,99.4,99.4,99.4,98.9,99.2,99.5,99.6
Test accuracy: 91.1,93.3,94.7,95.5,95.9,96.3,96.3,96.3,96.2,95.8,96.5,96.3,96.5,96.4,96.3,96.2,96.1,96.2,96.5,96.6,96.2,96.5,96.4,96.4,96.4,96.1,96.7,96.5,96.6,96.4,96.7,96.6,96.5,96.6,96.6,96.6,96.2,96.5,96.5,96.8
Rank: 10,10,10,10,10,10,10,10,10,10,10,10,10,10,10,10,10,10,10,10,10,10,10,10,10,10,10,10,10,10,10,10,10,10,10,10,10,10,10,10
Seed 2/10
Train loss: 0.3079,0.1962,0.1805,0.1371,0.1072,0.0992,0.0854,0.0809,0.0678,0.0636,0.0581,0.0638,0.0538,0.0714,0.0534,0.0509,0.0488,0.0437,0.0457,0.0385,0.0337,0.0339,0.0385,0.0411,0.0409,0.0398,0.0281,0.0272,0.0238,0.031,0.0448,0.0261,0.029,0.0293,0.0286,0.0249,0.0268,0.0278,0.0236,0.0283
Test loss: 0.2872,0.1941,0.1847,0.1527,0.1354,0.1355,0.1324,0.1338,0.1286,0.1302,0.139,0.146,0.1435,0.1693,0.154,0.1503,0.1554,0.1608,0.16,0.16,0.1592,0.1563,0.1715,0.178,0.1847,0.1889,0.1756,0.1815,0.1766,0.174,0.2069,0.186,0.1772,0.1828,0.196,0.1791,0.1847,0.1956,0.1825,0.2047
Train accuracy: 90.9,94.2,94.6,95.8,96.5,96.8,97.2,97.4,97.8,98.0,98.1,97.9,98.2,97.7,98.3,98.5,98.4,98.6,98.6,98.8,99.0,99.0,98.8,98.8,98.8,98.7,99.2,99.2,99.3,99.0,98.7,99.3,99.1,99.1,99.2,99.2,99.2,99.2,99.3,99.1
Test accuracy: 91.5,94.5,94.6,95.6,96.1,95.8,96.2,96.2,96.4,96.6,96.4,96.3,96.3,95.9,96.4,96.5,96.6,96.4,96.5,96.5,96.6,96.7,96.5,96.4,96.5,96.4,96.7,96.4,96.7,96.7,96.2,96.6,96.5,96.6,96.6,96.7,96.8,96.6,96.7,96.4
Rank: 10,10,10,10,10,10,10,10,10,10,10,10,10,10,10,10,10,10,10,10,10,10,10,10,10,10,10,10,10,10,10,10,10,10,10,10,10,10,10,10
Seed 3/10
Train loss: 0.202,0.1329,0.0972,0.0834,0.0703,0.0546,0.0445,0.0515,0.0364,0.0442,0.0356,0.0402,0.0269,0.0411,0.0237,0.0359,0.0295,0.0231,0.0155,0.0286,0.0235,0.0109,0.015,0.0154,0.0143,0.0162,0.0261,0.0117,0.0123,0.0112,0.0086,0.0117,0.0075,0.0181,0.0116,0.0069,0.014,0.0099,0.0108,0.0077
Test loss: 0.2099,0.139,0.1087,0.103,0.1009,0.0965,0.0992,0.1005,0.1004,0.1104,0.1149,0.1158,0.1073,0.1356,0.1176,0.1326,0.1497,0.1362,0.1293,0.1524,0.1499,0.1235,0.1465,0.1352,0.1425,0.1528,0.1614,0.144,0.1479,0.151,0.1326,0.1434,0.1416,0.1505,0.159,0.1539,0.1646,0.1531,0.1634,0.1621
Train accuracy: 94.0,96.2,97.1,97.5,97.8,98.3,98.6,98.3,98.9,98.7,98.9,98.7,99.2,98.8,99.2,98.9,99.1,99.3,99.5,99.1,99.3,99.6,99.5,99.5,99.5,99.5,99.2,99.6,99.6,99.6,99.7,99.6,99.8,99.4,99.6,99.8,99.6,99.7,99.7,99.8
Test accuracy: 94.0,95.9,97.0,97.0,97.2,97.4,97.5,97.3,97.5,97.3,97.4,97.6,97.7,97.3,97.5,97.5,97.2,97.5,97.6,97.3,97.2,97.8,97.5,97.7,97.6,97.6,97.3,97.7,97.7,97.7,97.8,97.8,97.9,97.6,97.7,97.8,97.5,97.8,97.7,97.7
Rank: 10,10,10,10,10,10,10,10,10,10,10,10,10,10,10,10,10,10,10,10,10,10,10,10,10,10,10,10,10,10,10,10,10,10,10,10,10,10,10,10
Seed 4/10
Train loss: 0.8248,0.5656,0.442,0.379,0.3361,0.304,0.291,0.2682,0.2545,0.2362,0.2234,0.2193,0.2082,0.1986,0.194,0.1874,0.192,0.1781,0.1677,0.1693,0.1652,0.1625,0.1699,0.1409,0.1478,0.1498,0.1536,0.1306,0.1311,0.1696,0.1261,0.1292,0.1312,0.1223,0.1181,0.1246,0.1259,0.1105,0.1253,0.1182
Test loss: 0.8126,0.5562,0.4452,0.3893,0.3521,0.3286,0.3249,0.3065,0.302,0.2866,0.2775,0.2755,0.2678,0.2674,0.2664,0.2623,0.2712,0.2664,0.2563,0.259,0.2567,0.2616,0.2725,0.2526,0.2578,0.2691,0.2767,0.2581,0.2681,0.3149,0.2741,0.2595,0.2904,0.2816,0.2791,0.2793,0.3093,0.2769,0.2984,0.3017
Train accuracy: 76.5,86.4,89.7,91.2,92.1,92.7,92.9,93.4,93.7,94.0,94.4,94.3,94.6,94.8,94.8,95.0,94.7,95.1,95.4,95.2,95.4,95.6,95.1,96.0,95.8,95.7,95.5,96.3,96.3,95.0,96.4,96.3,96.2,96.5,96.6,96.6,96.5,96.8,96.5,96.6
Test accuracy: 76.5,86.2,89.7,90.8,91.6,92.1,91.9,92.2,92.2,92.4,92.9,92.6,92.7,92.9,92.9,92.9,92.8,92.8,93.3,93.0,93.3,93.3,92.7,93.5,93.3,93.3,93.0,93.6,93.6,92.0,93.6,93.7,93.3,93.5,93.7,93.3,93.2,93.5,93.3,93.2
Rank: 10,10,10,10,10,10,10,10,10,10,10,10,10,10,10,10,10,10,10,10,10,10,10,10,10,10,10,10,10,10,10,10,10,10,10,10,10,10,10,10
Seed 5/10
Train loss: 1.7092,1.5798,1.5362,1.4927,1.4639,1.4459,1.4367,1.4208,1.3939,1.3848,1.3811,1.358,1.3594,1.3436,1.3331,1.3411,1.3264,1.3324,1.315,1.3243,1.3195,1.3062,1.2994,1.2938,1.3058,1.2876,1.2989,1.2877,1.2789,1.2722,1.2758,1.2736,1.2701,1.2748,1.272,1.2616,1.272,1.2973,1.271,1.2641
Test loss: 1.699,1.579,1.5369,1.4954,1.4693,1.4546,1.4462,1.4304,1.4024,1.3979,1.394,1.3716,1.3756,1.3601,1.3498,1.3575,1.3447,1.3478,1.3329,1.3417,1.3516,1.3294,1.3271,1.3234,1.3273,1.3148,1.3307,1.3132,1.3108,1.3057,1.3043,1.3079,1.3058,1.3134,1.3112,1.2954,1.3018,1.3255,1.305,1.2969
Train accuracy: 33.8,38.4,40.1,39.9,41.6,41.0,41.5,43.6,44.1,44.0,44.6,45.5,45.5,45.8,46.5,45.9,46.0,46.6,46.8,46.2,46.2,47.0,46.8,47.1,46.5,46.8,46.2,47.2,47.1,47.4,47.2,47.5,47.5,47.1,46.9,47.8,47.7,47.0,47.4,47.6
Test accuracy: 33.0,37.9,39.9,39.6,40.9,40.0,40.6,42.9,43.6,42.7,44.2,44.8,44.5,45.2,45.7,45.2,45.3,46.0,46.0,45.2,45.2,46.1,45.9,46.1,45.6,46.0,45.3,46.1,46.2,46.5,46.4,46.4,46.3,46.0,45.8,46.7,46.9,45.9,46.4,46.5
Rank: 7,7,8,8,7,7,7,7,8,8,8,8,8,8,8,8,8,8,8,8,8,8,8,8,8,8,8,8,8,8,7,8,7,8,8,9,9,8,9,8
Seed 6/10
Train loss: 1.0804,0.7933,0.6024,0.5041,0.4581,0.4458,0.4586,0.3927,0.4174,0.376,0.3868,0.3446,0.35,0.3365,0.3402,0.3282,0.3335,0.3247,0.3384,0.3322,0.3322,0.3077,0.2945,0.2911,0.3107,0.3001,0.2788,0.2909,0.2751,0.2849,0.2849,0.2949,0.2685,0.2756,0.265,0.2627,0.2647,0.2859,0.2574,0.2629
Test loss: 1.0934,0.8022,0.6222,0.5314,0.4913,0.485,0.5003,0.4418,0.47,0.436,0.4553,0.4208,0.4272,0.4139,0.4223,0.4094,0.4187,0.4134,0.4316,0.4219,0.4342,0.4176,0.4121,0.4045,0.4256,0.4152,0.4022,0.4227,0.3982,0.4229,0.4228,0.4298,0.4123,0.42,0.4174,0.4149,0.4235,0.4518,0.4378,0.4231
Train accuracy: 60.0,70.2,79.4,82.6,83.6,83.5,82.5,84.9,83.7,85.1,84.7,86.0,85.6,86.0,85.9,86.2,86.1,86.2,85.8,85.9,85.9,86.5,87.0,87.1,86.5,86.8,87.5,87.2,87.6,87.3,87.3,87.0,87.7,87.4,87.7,87.8,87.9,87.4,88.0,87.8
Test accuracy: 60.1,70.0,79.1,82.5,83.0,82.9,82.1,84.0,82.8,83.9,83.3,84.4,84.2,84.4,84.2,84.6,84.2,84.3,83.8,84.1,83.7,84.2,84.6,84.8,84.3,84.3,85.1,84.6,84.9,84.5,84.5,84.5,84.8,84.5,84.7,84.9,84.8,84.5,84.7,84.9
Rank: 10,10,10,10,10,10,10,10,10,10,10,10,10,10,10,10,10,10,10,10,10,10,10,10,10,10,10,10,10,10,10,10,10,10,10,10,10,10,10,10
Seed 7/10
Train loss: 0.1385,0.0746,0.0625,0.0474,0.0402,0.0331,0.0263,0.0235,0.0164,0.02,0.0152,0.0147,0.0132,0.0153,0.012,0.0111,0.0117,0.0118,0.0069,0.0104,0.0055,0.0142,0.0152,0.0117,0.0051,0.0061,0.0099,0.0028,0.0052,0.0056,0.0055,0.0017,0.0089,0.0035,0.0022,0.0027,0.0018,0.0037,0.0034,0.0029
Test loss: 0.1441,0.0861,0.0785,0.0702,0.072,0.0706,0.08,0.0709,0.0751,0.0796,0.0809,0.0801,0.081,0.0861,0.0805,0.0794,0.0896,0.0995,0.086,0.092,0.0901,0.1024,0.0993,0.0923,0.0915,0.0904,0.1005,0.0854,0.1055,0.1001,0.0984,0.0916,0.1036,0.1003,0.0951,0.1031,0.1045,0.1119,0.108,0.1112
Train accuracy: 95.9,97.8,98.2,98.6,98.8,98.9,99.1,99.3,99.5,99.3,99.5,99.6,99.6,99.5,99.7,99.6,99.7,99.7,99.8,99.6,99.8,99.6,99.6,99.6,99.8,99.8,99.7,99.9,99.8,99.8,99.8,100.0,99.7,99.9,99.9,99.9,99.9,99.9,99.9,99.9
Test accuracy: 95.7,97.2,97.6,97.9,98.0,98.2,98.0,98.3,98.3,98.2,98.2,98.4,98.3,98.2,98.4,98.4,98.3,98.2,98.4,98.3,98.5,98.2,98.2,98.4,98.5,98.4,98.3,98.7,98.5,98.5,98.5,98.7,98.4,98.6,98.5,98.5,98.6,98.4,98.4,98.4
Rank: 10,10,10,10,10,10,10,10,10,10,10,10,10,10,10,10,10,10,10,10,10,10,10,10,10,10,10,10,10,10,10,10,10,10,10,10,10,10,10,10
Seed 8/10
Train loss: 0.2755,0.1607,0.1281,0.1088,0.1001,0.0881,0.0756,0.0629,0.0609,0.0477,0.0469,0.0491,0.0636,0.0565,0.0497,0.0401,0.0344,0.0311,0.0328,0.0273,0.0311,0.028,0.024,0.0198,0.023,0.0211,0.0263,0.023,0.0182,0.0434,0.0115,0.0139,0.0149,0.0087,0.0121,0.0125,0.0113,0.0066,0.0142,0.0266
Test loss: 0.2594,0.1681,0.1451,0.1323,0.1314,0.128,0.1227,0.1175,0.1191,0.1167,0.1228,0.1353,0.157,0.151,0.1507,0.1447,0.1354,0.144,0.1483,0.1447,0.155,0.157,0.1431,0.1459,0.1497,0.1536,0.1641,0.1447,0.158,0.1931,0.153,0.1567,0.146,0.1459,0.1497,0.1721,0.152,0.143,0.1557,0.1939
Train accuracy: 92.3,95.5,96.5,97.0,97.3,97.5,97.8,98.2,98.2,98.6,98.6,98.5,98.0,98.2,98.5,98.7,99.0,99.0,99.0,99.1,99.0,99.1,99.2,99.4,99.3,99.4,99.2,99.3,99.4,98.7,99.6,99.6,99.6,99.8,99.6,99.6,99.6,99.8,99.5,99.2
Test accuracy: 92.5,95.2,95.9,96.3,96.4,96.5,96.7,96.9,97.0,97.0,97.1,96.7,96.4,96.4,96.6,96.8,97.0,97.0,97.1,97.0,96.8,96.9,97.2,97.2,97.0,97.1,97.0,97.2,97.1,96.6,97.5,97.2,97.4,97.4,97.5,97.3,97.2,97.5,97.4,97.1
Rank: 10,10,10,10,10,10,10,10,10,10,10,10,10,10,10,10,10,10,10,10,10,10,10,10,10,10,10,10,10,10,10,10,10,10,10,10,10,10,10,10
Seed 9/10
Train loss: 0.3113,0.1714,0.0958,0.0831,0.0635,0.0493,0.0411,0.043,0.0405,0.0368,0.0314,0.0243,0.022,0.0231,0.016,0.0147,0.0291,0.013,0.0142,0.0164,0.0126,0.0109,0.0145,0.0183,0.0291,0.022,0.0079,0.0077,0.0242,0.015,0.01,0.0124,0.0065,0.0055,0.0121,0.0125,0.0069,0.0032,0.0056,0.0054
Test loss: 0.3082,0.1752,0.1051,0.0988,0.0889,0.086,0.0811,0.0885,0.0909,0.0955,0.0931,0.0919,0.096,0.104,0.1009,0.1005,0.1272,0.1034,0.1042,0.1175,0.113,0.1118,0.107,0.124,0.1432,0.1309,0.1131,0.1203,0.1505,0.129,0.1242,0.1333,0.1312,0.122,0.1345,0.1414,0.1303,0.126,0.1324,0.1261
Train accuracy: 92.4,95.4,97.1,97.3,98.1,98.5,98.7,98.7,98.8,98.8,99.0,99.2,99.3,99.2,99.5,99.6,99.1,99.6,99.6,99.5,99.6,99.7,99.5,99.5,99.1,99.3,99.8,99.8,99.3,99.6,99.7,99.6,99.8,99.8,99.7,99.6,99.8,99.9,99.8,99.8
Test accuracy: 92.3,95.1,96.9,97.2,97.5,97.7,97.8,97.7,97.8,97.8,97.9,97.8,98.0,97.8,97.8,98.0,97.5,98.0,98.0,97.8,97.9,98.1,98.0,97.8,97.5,97.8,98.1,98.0,97.6,97.9,98.0,97.8,98.0,98.2,98.2,97.9,98.0,98.1,97.9,98.2
Rank: 10,10,10,10,10,10,10,10,10,10,10,10,10,10,10,10,10,10,10,10,10,10,10,10,10,10,10,10,10,10,10,10,10,10,10,10,10,10,10,10
Seed 10/10
Train loss: 0.3254,0.2266,0.1757,0.1422,0.1449,0.1177,0.113,0.0908,0.0928,0.0842,0.0873,0.0837,0.0833,0.0704,0.0567,0.0643,0.0515,0.0449,0.0468,0.0481,0.0465,0.0422,0.0545,0.036,0.0467,0.0342,0.0344,0.0372,0.0546,0.0378,0.0416,0.03,0.0399,0.0267,0.0277,0.0265,0.0241,0.0225,0.0297,0.0191
Test loss: 0.3204,0.2347,0.1952,0.1667,0.1754,0.1558,0.1573,0.1384,0.1589,0.1548,0.1696,0.1684,0.1655,0.1618,0.144,0.1579,0.1451,0.1523,0.1629,0.1548,0.1697,0.1643,0.1987,0.1604,0.1888,0.1683,0.1755,0.187,0.2194,0.1987,0.2116,0.1893,0.2012,0.1885,0.1813,0.1968,0.1852,0.1862,0.1978,0.1827
Train accuracy: 90.6,93.2,94.7,95.9,95.8,96.6,96.8,97.5,97.4,97.5,97.5,97.5,97.6,97.9,98.4,98.0,98.5,98.7,98.6,98.5,98.6,98.7,98.4,99.0,98.7,99.0,99.0,98.9,98.5,99.0,98.8,99.1,98.9,99.3,99.2,99.2,99.4,99.4,99.2,99.5
Test accuracy: 90.5,92.7,94.2,95.3,95.0,95.5,95.8,96.4,96.1,96.0,95.9,96.0,95.9,96.0,96.6,96.4,96.8,96.6,96.5,96.5,96.4,96.5,96.3,96.6,96.2,96.7,96.5,96.4,96.1,96.3,96.4,96.5,96.5,96.5,96.6,96.5,96.7,96.7,96.7,96.6
Rank: 10,10,10,10,10,10,10,10,10,10,10,10,10,10,10,10,10,10,10,10,10,10,10,10,10,10,10,10,10,10,10,10,10,10,10,10,10,10,10,10
