Seed 1/10
Train loss: 0.0421,0.0302,0.0176,0.0156,0.0118,0.0098,0.0078,0.0068,0.0064,0.0048,0.0044,0.0036,0.0042,0.003,0.0022,0.0023,0.002,0.0019,0.0016,0.0015,0.0017,0.0013,0.0011,0.001,0.001,0.001,0.0009,0.0008,0.0007,0.0007,0.0007,0.0006,0.0009,0.0006,0.0006,0.0005,0.0005,0.0007,0.0005,0.0004
Test loss: 0.0452,0.0438,0.0285,0.0273,0.0317,0.0272,0.0284,0.028,0.0255,0.026,0.0242,0.0244,0.0243,0.028,0.0241,0.0272,0.0255,0.0273,0.0247,0.0256,0.0278,0.0246,0.0275,0.0258,0.031,0.0249,0.0244,0.0275,0.0244,0.0269,0.025,0.0247,0.0297,0.0265,0.0297,0.0269,0.0274,0.0295,0.0252,0.0271
Train accuracy: 98.7,99.0,99.4,99.5,99.6,99.6,99.7,99.8,99.8,99.8,99.9,99.9,99.8,99.9,99.9,99.9,99.9,99.9,99.9,99.9,99.9,99.9,100.0,100.0,100.0,100.0,100.0,100.0,100.0,100.0,100.0,100.0,100.0,100.0,100.0,100.0,100.0,100.0,100.0,100.0
Test accuracy: 98.6,98.6,99.1,99.1,99.0,99.2,99.2,99.2,99.2,99.4,99.4,99.3,99.3,99.3,99.4,99.4,99.4,99.4,99.4,99.5,99.4,99.4,99.4,99.5,99.4,99.5,99.4,99.4,99.5,99.5,99.4,99.5,99.4,99.4,99.4,99.5,99.5,99.4,99.5,99.4
Rank: 10,10,10,10,10,10,10,10,10,10,10,10,10,10,10,10,10,10,10,10,10,10,10,10,10,10,10,10,10,10,10,10,10,10,10,10,10,10,10,10
Seed 2/10
Train loss: 0.0415,0.0275,0.0182,0.0148,0.0103,0.0105,0.0073,0.0067,0.0056,0.0049,0.0044,0.0034,0.0032,0.0028,0.0027,0.0021,0.002,0.0019,0.0018,0.0015,0.0015,0.0014,0.0014,0.0012,0.0011,0.0014,0.001,0.001,0.001,0.001,0.0008,0.0008,0.0008,0.0007,0.0007,0.0007,0.0007,0.0007,0.0007,0.0006
Test loss: 0.0434,0.0371,0.0311,0.033,0.0267,0.0304,0.0278,0.0266,0.0271,0.0271,0.0256,0.0244,0.0267,0.0269,0.0269,0.024,0.0259,0.0273,0.0277,0.0255,0.0255,0.0282,0.0264,0.0281,0.0267,0.0336,0.0289,0.0273,0.026,0.0261,0.0266,0.0263,0.0282,0.028,0.0291,0.0288,0.0269,0.0283,0.027,0.0287
Train accuracy: 98.7,99.1,99.4,99.5,99.6,99.7,99.8,99.8,99.8,99.8,99.8,99.9,99.9,99.9,99.9,99.9,99.9,99.9,99.9,99.9,100.0,100.0,100.0,100.0,100.0,100.0,100.0,100.0,100.0,100.0,100.0,100.0,100.0,100.0,100.0,100.0,100.0,100.0,100.0,100.0
Test accuracy: 98.5,98.7,99.0,99.0,99.2,99.1,99.3,99.3,99.3,99.3,99.2,99.4,99.3,99.5,99.3,99.3,99.4,99.3,99.3,99.4,99.4,99.3,99.5,99.4,99.4,99.2,99.4,99.4,99.4,99.3,99.4,99.5,99.3,99.3,99.3,99.3,99.5,99.4,99.5,99.4
Rank: 10,10,10,10,10,10,10,10,10,10,10,10,10,10,10,10,10,10,10,10,10,10,10,10,10,10,10,10,10,10,10,10,10,10,10,10,10,10,10,10
Seed 3/10
Train loss: 0.0505,0.0262,0.0201,0.0165,0.0112,0.0107,0.0077,0.0069,0.0057,0.0056,0.0052,0.0036,0.0061,0.0029,0.0022,0.0024,0.0023,0.002,0.002,0.0015,0.0014,0.0011,0.0011,0.0009,0.0009,0.0009,0.0008,0.0007,0.0007,0.0006,0.0006,0.0006,0.0007,0.0005,0.0005,0.0005,0.0005,0.0005,0.0006,0.0005
Test loss: 0.0542,0.0397,0.0333,0.0327,0.0296,0.0263,0.0253,0.0245,0.0286,0.0271,0.0262,0.0247,0.033,0.0267,0.0273,0.0279,0.0282,0.0253,0.0285,0.0259,0.0262,0.026,0.0248,0.025,0.0225,0.0243,0.0256,0.0239,0.0218,0.0232,0.0265,0.0239,0.0229,0.0241,0.0242,0.0259,0.0254,0.0241,0.0249,0.0237
Train accuracy: 98.3,99.1,99.3,99.4,99.6,99.6,99.7,99.8,99.8,99.8,99.8,99.9,99.8,99.9,99.9,99.9,99.9,99.9,99.9,99.9,100.0,100.0,100.0,100.0,100.0,100.0,100.0,100.0,100.0,100.0,100.0,100.0,100.0,100.0,100.0,100.0,100.0,100.0,100.0,100.0
Test accuracy: 98.3,98.7,98.9,99.0,99.1,99.2,99.2,99.2,99.3,99.3,99.3,99.3,99.0,99.3,99.3,99.2,99.3,99.3,99.3,99.4,99.4,99.4,99.4,99.4,99.4,99.4,99.4,99.4,99.5,99.5,99.4,99.5,99.5,99.4,99.4,99.5,99.4,99.5,99.4,99.5
Rank: 10,10,10,10,10,10,10,10,10,10,10,10,10,10,10,10,10,10,10,10,10,10,10,10,10,10,10,10,10,10,10,10,10,10,10,10,10,10,10,10
Seed 4/10
Train loss: 0.0418,0.0271,0.0173,0.0176,0.0147,0.0088,0.0072,0.007,0.0055,0.0043,0.0042,0.0034,0.0028,0.0026,0.0023,0.0024,0.0019,0.0018,0.0016,0.0015,0.0015,0.0013,0.0011,0.0011,0.0011,0.001,0.0009,0.0008,0.0008,0.0007,0.0007,0.0006,0.0007,0.0007,0.0005,0.0006,0.0005,0.0005,0.0006,0.0006
Test loss: 0.0428,0.0368,0.033,0.0312,0.0334,0.0264,0.026,0.0259,0.0252,0.0231,0.025,0.0237,0.027,0.0274,0.0267,0.0277,0.0241,0.0222,0.0274,0.0268,0.0294,0.0264,0.0253,0.0265,0.0276,0.0265,0.0278,0.0261,0.0268,0.0289,0.0289,0.0299,0.03,0.0293,0.0257,0.0274,0.0279,0.0275,0.0277,0.0296
Train accuracy: 98.7,99.1,99.4,99.4,99.5,99.7,99.8,99.7,99.8,99.8,99.9,99.9,99.9,99.9,99.9,99.9,99.9,99.9,99.9,99.9,99.9,100.0,100.0,100.0,100.0,100.0,100.0,100.0,100.0,100.0,100.0,100.0,100.0,100.0,100.0,100.0,100.0,100.0,100.0,100.0
Test accuracy: 98.6,98.8,99.0,98.9,99.0,99.3,99.3,99.3,99.3,99.4,99.3,99.4,99.4,99.3,99.3,99.4,99.3,99.5,99.3,99.3,99.3,99.3,99.4,99.3,99.4,99.4,99.3,99.4,99.3,99.3,99.4,99.4,99.4,99.4,99.4,99.4,99.4,99.3,99.4,99.3
Rank: 10,10,10,10,10,10,10,10,10,10,10,10,10,10,10,10,10,10,10,10,10,10,10,10,10,10,10,10,10,10,10,10,10,10,10,10,10,10,10,10
Seed 5/10
Train loss: 0.0408,0.0244,0.0166,0.0128,0.0104,0.0116,0.0089,0.0069,0.0054,0.0045,0.0054,0.0034,0.003,0.0036,0.0023,0.0038,0.0018,0.0016,0.0018,0.0014,0.0013,0.0012,0.0011,0.0011,0.0009,0.0009,0.0009,0.0008,0.0007,0.0007,0.0006,0.0007,0.0006,0.0006,0.0005,0.0005,0.0005,0.0005,0.0005,0.0004
Test loss: 0.0433,0.0334,0.0308,0.0289,0.0269,0.0325,0.027,0.0279,0.0254,0.0255,0.0296,0.0252,0.0237,0.0313,0.0275,0.0317,0.0251,0.0263,0.0257,0.0243,0.0256,0.0283,0.0238,0.0282,0.0255,0.0261,0.025,0.0274,0.0278,0.0282,0.0249,0.0281,0.0255,0.0284,0.0255,0.0246,0.028,0.0304,0.0289,0.0285
Train accuracy: 98.7,99.1,99.4,99.5,99.6,99.6,99.7,99.7,99.8,99.8,99.8,99.9,99.9,99.9,99.9,99.9,99.9,99.9,99.9,99.9,99.9,100.0,100.0,100.0,100.0,100.0,100.0,100.0,100.0,100.0,100.0,100.0,100.0,100.0,100.0,100.0,100.0,100.0,100.0,100.0
Test accuracy: 98.6,99.0,99.1,99.1,99.3,99.1,99.2,99.3,99.3,99.3,99.3,99.4,99.4,99.3,99.4,99.2,99.4,99.5,99.4,99.5,99.5,99.4,99.5,99.4,99.5,99.5,99.5,99.4,99.4,99.4,99.4,99.4,99.5,99.4,99.4,99.5,99.5,99.4,99.4,99.4
Rank: 10,10,10,10,10,10,10,10,10,10,10,10,10,10,10,10,10,10,10,10,10,10,10,10,10,10,10,10,10,10,10,10,10,10,10,10,10,10,10,10
Seed 6/10
Train loss: 0.0386,0.0247,0.0199,0.0127,0.0143,0.0116,0.0083,0.0062,0.0055,0.0049,0.0042,0.0041,0.0036,0.0028,0.0029,0.0024,0.0023,0.002,0.0019,0.0017,0.0017,0.0016,0.0014,0.0015,0.0012,0.0011,0.0011,0.0009,0.0008,0.0007,0.0006,0.0006,0.0006,0.0005,0.0005,0.0005,0.0004,0.0005,0.0004,0.0004
Test loss: 0.0407,0.0358,0.0329,0.0291,0.0354,0.0286,0.029,0.0255,0.0248,0.0261,0.0245,0.0262,0.0258,0.0251,0.0239,0.0255,0.0286,0.0264,0.0267,0.0258,0.029,0.0285,0.0266,0.0259,0.0293,0.0282,0.0277,0.0287,0.0271,0.0293,0.0258,0.0299,0.0291,0.0295,0.0295,0.0303,0.0305,0.0281,0.0267,0.0282
Train accuracy: 98.7,99.2,99.4,99.5,99.5,99.6,99.7,99.8,99.8,99.8,99.9,99.9,99.9,99.9,99.9,99.9,99.9,99.9,99.9,100.0,100.0,100.0,100.0,100.0,100.0,100.0,100.0,100.0,100.0,100.0,100.0,100.0,100.0,100.0,100.0,100.0,100.0,100.0,100.0,100.0
Test accuracy: 98.6,98.8,98.9,99.1,99.0,99.2,99.2,99.2,99.3,99.3,99.3,99.2,99.3,99.3,99.3,99.3,99.3,99.3,99.4,99.4,99.5,99.4,99.5,99.4,99.4,99.4,99.5,99.4,99.4,99.4,99.4,99.4,99.5,99.5,99.4,99.4,99.4,99.4,99.5,99.4
Rank: 10,10,10,10,10,10,10,10,10,10,10,10,10,10,10,10,10,10,10,10,10,10,10,10,10,10,10,10,10,10,10,10,10,10,10,10,10,10,10,10
Seed 7/10
Train loss: 0.0404,0.0259,0.017,0.0132,0.0138,0.0088,0.0073,0.0052,0.0058,0.0043,0.0034,0.0042,0.0028,0.0028,0.0024,0.0018,0.0018,0.0019,0.0015,0.0012,0.0012,0.0011,0.0011,0.0009,0.001,0.0009,0.0008,0.0007,0.0008,0.0006,0.0007,0.0006,0.0005,0.0006,0.0005,0.0004,0.0004,0.0004,0.0006,0.0004
Test loss: 0.0444,0.0337,0.0296,0.0256,0.0332,0.0269,0.0263,0.0263,0.0247,0.0216,0.0217,0.0254,0.0211,0.0242,0.023,0.0229,0.0261,0.0223,0.0234,0.0225,0.023,0.0232,0.0248,0.0225,0.0274,0.0247,0.0232,0.0248,0.0234,0.0266,0.0291,0.0235,0.03,0.0271,0.0254,0.0241,0.0245,0.026,0.0304,0.0245
Train accuracy: 98.7,99.1,99.4,99.5,99.6,99.7,99.8,99.8,99.8,99.9,99.9,99.9,99.9,99.9,99.9,99.9,99.9,99.9,100.0,100.0,100.0,100.0,100.0,100.0,100.0,100.0,100.0,100.0,100.0,100.0,100.0,100.0,100.0,100.0,100.0,100.0,100.0,100.0,100.0,100.0
Test accuracy: 98.6,98.9,99.1,99.2,99.1,99.3,99.2,99.3,99.3,99.3,99.4,99.2,99.4,99.3,99.4,99.4,99.4,99.4,99.4,99.4,99.5,99.4,99.4,99.5,99.4,99.4,99.4,99.4,99.4,99.4,99.4,99.4,99.4,99.4,99.4,99.4,99.5,99.4,99.3,99.4
Rank: 10,10,10,10,10,10,10,10,10,10,10,10,10,10,10,10,10,10,10,10,10,10,10,10,10,10,10,10,10,10,10,10,10,10,10,10,10,10,10,10
Seed 8/10
Train loss: 0.0389,0.0255,0.0188,0.0214,0.012,0.0102,0.0078,0.0075,0.0055,0.0043,0.0045,0.0053,0.003,0.0025,0.0027,0.0022,0.0019,0.0017,0.0014,0.0017,0.0014,0.0012,0.001,0.0012,0.001,0.0008,0.0007,0.0007,0.0007,0.0007,0.0006,0.0006,0.0006,0.0005,0.0005,0.0006,0.0004,0.0004,0.0005,0.0005
Test loss: 0.0426,0.0371,0.0302,0.0422,0.0327,0.0298,0.0263,0.0297,0.0267,0.0248,0.0252,0.0271,0.03,0.0246,0.0272,0.0226,0.0255,0.0264,0.0244,0.0288,0.0297,0.0287,0.0283,0.0275,0.029,0.0236,0.0272,0.0241,0.0284,0.0253,0.0264,0.029,0.0267,0.0283,0.0279,0.0298,0.0293,0.0286,0.0257,0.0321
Train accuracy: 98.8,99.1,99.4,99.2,99.6,99.6,99.7,99.7,99.8,99.8,99.8,99.8,99.9,99.9,99.9,99.9,99.9,99.9,99.9,99.9,99.9,100.0,100.0,100.0,100.0,100.0,100.0,100.0,100.0,100.0,100.0,100.0,100.0,100.0,100.0,100.0,100.0,100.0,100.0,100.0
Test accuracy: 98.5,98.8,99.0,98.9,99.0,99.2,99.2,99.2,99.3,99.3,99.3,99.3,99.3,99.4,99.4,99.4,99.4,99.5,99.4,99.3,99.3,99.4,99.4,99.3,99.4,99.5,99.4,99.5,99.4,99.5,99.5,99.5,99.5,99.5,99.5,99.5,99.5,99.5,99.4,99.4
Rank: 10,10,10,10,10,10,10,10,10,10,10,10,10,10,10,10,10,10,10,10,10,10,10,10,10,10,10,10,10,10,10,10,10,10,10,10,10,10,10,10
Seed 9/10
Train loss: 0.0383,0.029,0.0174,0.0138,0.0113,0.0106,0.009,0.0072,0.005,0.0046,0.0041,0.0033,0.0028,0.0026,0.0021,0.0018,0.0017,0.0015,0.0013,0.0014,0.0011,0.0011,0.0012,0.0008,0.0008,0.0008,0.0007,0.0009,0.0006,0.0006,0.0006,0.0006,0.0006,0.0005,0.0005,0.0005,0.0004,0.0005,0.0004,0.0004
Test loss: 0.042,0.0438,0.0304,0.0279,0.0277,0.0293,0.0271,0.027,0.024,0.0255,0.0232,0.0276,0.027,0.0253,0.0245,0.0272,0.0262,0.0233,0.0234,0.0269,0.0233,0.0225,0.0286,0.0242,0.0254,0.027,0.0242,0.0282,0.0283,0.0263,0.0271,0.0264,0.0283,0.0258,0.027,0.0298,0.0297,0.0273,0.0259,0.0282
Train accuracy: 98.8,99.0,99.4,99.5,99.6,99.6,99.7,99.7,99.8,99.8,99.9,99.9,99.9,99.9,99.9,99.9,99.9,99.9,100.0,100.0,100.0,100.0,100.0,100.0,100.0,100.0,100.0,100.0,100.0,100.0,100.0,100.0,100.0,100.0,100.0,100.0,100.0,100.0,100.0,100.0
Test accuracy: 98.7,98.7,99.0,99.2,99.2,99.2,99.2,99.3,99.4,99.3,99.4,99.3,99.4,99.4,99.4,99.5,99.4,99.5,99.4,99.4,99.5,99.5,99.3,99.5,99.4,99.4,99.5,99.4,99.4,99.4,99.4,99.4,99.5,99.5,99.5,99.4,99.4,99.4,99.5,99.4
Rank: 10,10,10,10,10,10,10,10,10,10,10,10,10,10,10,10,10,10,10,10,10,10,10,10,10,10,10,10,10,10,10,10,10,10,10,10,10,10,10,10
Seed 10/10
Train loss: 0.0427,0.0239,0.0192,0.0123,0.0109,0.0088,0.0093,0.0069,0.0057,0.0051,0.004,0.0034,0.0028,0.0037,0.0023,0.0022,0.0022,0.0016,0.0016,0.0014,0.0015,0.0014,0.0012,0.0011,0.001,0.0008,0.0008,0.0008,0.0007,0.0007,0.0006,0.0008,0.0005,0.0005,0.0005,0.0005,0.0005,0.0004,0.0004,0.0004
Test loss: 0.0435,0.0317,0.0324,0.0263,0.0283,0.0275,0.0335,0.0261,0.0311,0.0267,0.0275,0.0267,0.024,0.0276,0.027,0.0246,0.0264,0.026,0.0293,0.0287,0.0303,0.0316,0.0275,0.0308,0.029,0.0268,0.0282,0.0308,0.0282,0.026,0.0261,0.0268,0.0287,0.0279,0.0274,0.0319,0.032,0.0283,0.0293,0.0301
Train accuracy: 98.6,99.2,99.3,99.6,99.6,99.7,99.7,99.8,99.8,99.8,99.9,99.9,99.9,99.9,99.9,99.9,99.9,99.9,99.9,100.0,99.9,100.0,100.0,100.0,100.0,100.0,100.0,100.0,100.0,100.0,100.0,100.0,100.0,100.0,100.0,100.0,100.0,100.0,100.0,100.0
Test accuracy: 98.5,98.9,99.0,99.2,99.2,99.2,99.1,99.3,99.2,99.3,99.4,99.3,99.3,99.3,99.4,99.4,99.4,99.4,99.4,99.3,99.4,99.4,99.4,99.3,99.4,99.4,99.3,99.4,99.4,99.4,99.5,99.4,99.4,99.4,99.5,99.4,99.4,99.5,99.4,99.4
Rank: 10,10,10,10,10,10,10,10,10,10,10,10,10,10,10,10,10,10,10,10,10,10,10,10,10,10,10,10,10,10,10,10,10,10,10,10,10,10,10,10
