Seed 1/10
Train loss: 1.766,1.652,1.5976,1.5577,1.5201,1.4958,1.4692,1.4597,1.4391,1.4241,1.4189,1.4007,1.3923,1.3881,1.3715,1.3804,1.3706,1.3747,1.3449,1.342,1.3346,1.3362,1.3233,1.324,1.3179,1.3083,1.3066,1.3076,1.3192,1.3016,1.2999,1.285,1.291,1.2828,1.2875,1.2781,1.2745,1.2673,1.269,1.2783
Test loss: 1.7655,1.6531,1.598,1.5662,1.5301,1.5177,1.4917,1.483,1.4685,1.4608,1.4651,1.4497,1.45,1.4452,1.4314,1.4503,1.4475,1.4478,1.426,1.4294,1.4391,1.4275,1.4294,1.4287,1.4302,1.4258,1.4342,1.4247,1.4668,1.4358,1.4367,1.4273,1.4411,1.4526,1.4372,1.4496,1.4646,1.4501,1.4414,1.4456
Train accuracy: 24.8,29.7,32.2,36.7,38.0,36.9,37.9,37.6,38.6,38.3,39.8,39.3,41.1,39.6,41.0,38.9,43.0,42.5,43.6,43.1,44.2,42.1,44.2,43.9,44.7,45.2,45.2,44.8,44.3,45.0,44.7,46.0,46.2,45.7,45.0,46.0,46.2,46.8,46.4,45.7
Test accuracy: 24.6,29.7,31.9,36.2,37.9,36.6,37.0,37.4,38.4,38.1,39.2,38.5,40.4,38.5,40.0,38.1,41.5,41.2,42.1,41.6,42.1,41.0,42.1,42.1,42.3,42.9,42.6,42.6,42.3,42.8,42.2,43.7,43.7,43.1,42.3,43.0,43.1,43.8,43.6,43.0
Rank: 7,7,7,7,7,7,7,7,7,7,7,7,7,7,7,7,7,7,7,7,7,7,7,7,7,7,7,7,7,7,7,7,7,7,7,7,7,7,7,7
Seed 2/10
Train loss: 0.1703,0.1135,0.0903,0.0697,0.0571,0.0526,0.042,0.0353,0.0373,0.0291,0.022,0.0212,0.0209,0.019,0.0115,0.0165,0.0133,0.0107,0.0089,0.0087,0.0098,0.0109,0.0204,0.0095,0.0085,0.0083,0.0102,0.0168,0.0099,0.0041,0.0097,0.0086,0.0051,0.0083,0.0109,0.0065,0.0076,0.0102,0.0074,0.0103
Test loss: 0.18,0.1388,0.1318,0.1147,0.1097,0.1198,0.114,0.1177,0.1165,0.1304,0.1155,0.1341,0.1341,0.1381,0.1202,0.1356,0.1505,0.1361,0.1519,0.1502,0.1505,0.1471,0.1753,0.1529,0.1494,0.1668,0.1656,0.1829,0.1578,0.1515,0.1578,0.1581,0.1554,0.1473,0.1817,0.1742,0.1855,0.1879,0.1668,0.1606
Train accuracy: 95.0,96.8,97.4,98.0,98.3,98.4,98.8,98.9,98.9,99.1,99.3,99.4,99.3,99.4,99.7,99.5,99.6,99.7,99.8,99.8,99.7,99.7,99.3,99.8,99.8,99.7,99.7,99.5,99.7,99.9,99.7,99.7,99.9,99.8,99.6,99.8,99.8,99.7,99.8,99.7
Test accuracy: 94.9,96.0,96.2,96.8,97.2,97.0,97.1,97.3,97.1,97.0,97.3,97.2,97.3,97.4,97.6,97.2,97.4,97.4,97.4,97.5,97.4,97.7,96.9,97.5,97.5,97.5,97.5,97.1,97.5,97.6,97.5,97.5,97.7,97.7,97.4,97.5,97.4,97.3,97.5,97.4
Rank: 10,10,10,10,10,10,10,10,10,10,10,10,10,10,10,10,10,10,10,10,10,10,10,10,10,10,10,10,10,10,10,10,10,10,10,10,10,10,10,10
Seed 3/10
Train loss: 1.068,0.7835,0.6345,0.5622,0.5043,0.464,0.4717,0.4068,0.3779,0.3614,0.3501,0.3821,0.3325,0.3169,0.3331,0.3031,0.3034,0.289,0.2779,0.2785,0.2816,0.2914,0.2729,0.2821,0.2656,0.2618,0.2518,0.2786,0.2433,0.2438,0.244,0.2325,0.2434,0.2276,0.2386,0.2283,0.2201,0.2131,0.2202,0.2105
Test loss: 1.0779,0.7874,0.654,0.5881,0.5374,0.5148,0.5344,0.4752,0.4545,0.4501,0.4493,0.4852,0.4393,0.4456,0.4549,0.4274,0.4374,0.4463,0.4239,0.4322,0.4502,0.4745,0.4531,0.4644,0.4519,0.4722,0.4489,0.4792,0.4472,0.4477,0.4887,0.4405,0.4649,0.4601,0.4537,0.4711,0.4655,0.4579,0.4462,0.4567
Train accuracy: 58.5,76.5,79.0,82.0,83.3,84.0,82.6,85.2,85.7,86.1,86.3,85.4,86.4,86.8,86.1,87.2,86.9,87.5,87.8,87.5,87.7,86.9,87.8,87.1,87.9,88.1,88.3,87.3,88.4,88.3,88.6,88.8,88.4,88.9,88.3,89.1,89.2,89.3,88.9,89.3
Test accuracy: 58.4,75.8,79.0,81.2,82.9,83.3,81.8,84.0,84.3,84.6,84.7,83.8,84.5,85.0,83.8,85.1,84.6,84.8,85.4,85.1,85.2,84.4,84.7,84.6,84.9,85.1,85.4,83.9,85.3,85.0,85.0,85.7,85.2,85.4,85.0,85.6,85.6,85.4,85.3,85.5
Rank: 10,10,10,10,10,10,10,10,10,10,10,10,10,10,10,10,10,10,10,10,10,10,10,10,10,10,10,10,10,10,10,10,10,10,10,10,10,10,10,10
Seed 4/10
Train loss: 0.5896,0.3456,0.2189,0.1803,0.1453,0.1122,0.1002,0.0839,0.0754,0.0691,0.0733,0.0692,0.0505,0.0473,0.0437,0.0384,0.0484,0.0356,0.0294,0.0316,0.0272,0.0311,0.0503,0.0356,0.0248,0.0245,0.0205,0.0197,0.0213,0.0199,0.0201,0.022,0.0188,0.016,0.0215,0.0229,0.014,0.0124,0.0137,0.0225
Test loss: 0.6041,0.374,0.2639,0.2369,0.2056,0.1784,0.1762,0.1713,0.1555,0.17,0.1775,0.1798,0.1657,0.1753,0.1839,0.1811,0.1912,0.1901,0.1778,0.1899,0.1898,0.2034,0.2387,0.2195,0.2126,0.2043,0.2236,0.2194,0.2223,0.2193,0.211,0.2218,0.2298,0.2403,0.2272,0.2391,0.2258,0.2373,0.2244,0.2472
Train accuracy: 75.4,93.1,95.0,95.6,96.2,97.1,97.3,97.8,98.1,98.2,97.9,98.0,98.7,98.7,98.8,98.9,98.6,99.0,99.2,99.2,99.3,99.1,98.5,98.9,99.3,99.3,99.4,99.5,99.4,99.5,99.5,99.3,99.5,99.6,99.4,99.4,99.7,99.7,99.7,99.3
Test accuracy: 75.2,92.3,94.0,94.7,95.0,95.7,95.6,95.8,96.1,96.0,95.9,96.1,96.3,96.2,96.0,96.4,96.0,96.3,96.6,96.3,96.4,96.3,95.8,95.8,96.5,96.3,96.3,96.3,96.3,96.3,96.4,96.4,96.4,96.6,96.3,96.4,96.6,96.5,96.5,96.2
Rank: 10,10,10,10,10,10,10,10,10,10,10,10,10,10,10,10,10,10,10,10,10,10,10,10,10,10,10,10,10,10,10,10,10,10,10,10,10,10,10,10
Seed 5/10
Train loss: 1.3533,0.9097,0.7306,0.5755,0.4079,0.3345,0.2902,0.2454,0.2397,0.2074,0.1963,0.2043,0.1821,0.1575,0.157,0.1492,0.1364,0.1303,0.1209,0.12,0.1168,0.113,0.1101,0.109,0.1172,0.1044,0.0987,0.0969,0.0884,0.0907,0.0943,0.0844,0.0816,0.0827,0.0805,0.0846,0.0786,0.08,0.0871,0.0845
Test loss: 1.3456,0.8915,0.7281,0.5847,0.4289,0.3694,0.3391,0.3058,0.3136,0.2815,0.2826,0.2917,0.281,0.2734,0.2785,0.2725,0.27,0.2723,0.2723,0.2754,0.2758,0.2776,0.2892,0.2891,0.3062,0.3002,0.3091,0.3013,0.3006,0.3093,0.3187,0.319,0.3162,0.3254,0.3326,0.318,0.3244,0.3455,0.3777,0.3568
Train accuracy: 48.4,66.0,73.7,80.3,92.0,93.0,93.9,94.5,94.4,95.2,95.4,94.8,95.4,96.1,95.9,96.1,96.6,96.6,97.0,96.9,96.9,97.0,97.2,97.1,96.8,97.1,97.4,97.6,97.7,97.5,97.5,97.9,97.9,97.8,97.8,97.6,97.9,97.8,97.6,97.7
Test accuracy: 48.6,65.6,73.3,80.5,91.8,92.2,93.0,93.5,93.0,93.8,93.6,93.1,93.2,93.8,93.4,93.5,94.0,94.0,94.0,93.9,94.0,94.0,93.9,94.1,93.9,93.9,94.0,94.1,94.0,93.7,93.8,94.2,94.0,93.8,94.0,93.5,93.7,93.7,93.4,93.6
Rank: 8,10,10,10,10,10,10,10,10,10,10,10,10,10,10,10,10,10,10,10,10,10,10,10,10,10,10,10,10,10,10,10,10,10,10,10,10,10,10,10
Seed 6/10
Train loss: 0.2229,0.0969,0.0667,0.0577,0.0563,0.0553,0.0331,0.0325,0.0221,0.0202,0.0247,0.0146,0.0142,0.0231,0.011,0.0195,0.0139,0.0101,0.0103,0.0064,0.0089,0.0073,0.0084,0.0047,0.0064,0.0106,0.0066,0.0049,0.0093,0.0047,0.0106,0.005,0.0039,0.0045,0.0035,0.0045,0.0102,0.0034,0.0051,0.0021
Test loss: 0.2224,0.1146,0.0902,0.0846,0.0897,0.1011,0.0821,0.0916,0.0911,0.0831,0.105,0.0918,0.1031,0.1121,0.0923,0.1173,0.1175,0.1071,0.1023,0.1093,0.1068,0.1143,0.1159,0.108,0.1146,0.1281,0.1239,0.1235,0.1248,0.1233,0.1228,0.1222,0.1207,0.1188,0.1313,0.1343,0.1304,0.1194,0.1272,0.1274
Train accuracy: 93.9,97.2,98.1,98.3,98.3,98.3,99.0,99.0,99.3,99.4,99.2,99.6,99.5,99.2,99.6,99.3,99.6,99.7,99.7,99.8,99.7,99.8,99.7,99.9,99.8,99.6,99.8,99.9,99.7,99.9,99.7,99.8,99.9,99.9,99.9,99.9,99.7,99.9,99.8,99.9
Test accuracy: 93.8,96.9,97.6,97.8,97.7,97.3,98.0,97.7,97.8,98.0,97.7,97.9,98.1,97.7,98.0,97.8,97.9,98.0,98.1,98.2,98.2,98.2,97.9,98.2,98.2,97.9,98.2,98.2,98.1,98.2,98.0,98.1,98.2,98.1,98.0,98.0,97.9,98.1,98.1,98.3
Rank: 10,10,10,10,10,10,10,10,10,10,10,10,10,10,10,10,10,10,10,10,10,10,10,10,10,10,10,10,10,10,10,10,10,10,10,10,10,10,10,10
Seed 7/10
Train loss: 0.4637,0.2546,0.1913,0.154,0.1399,0.127,0.1111,0.0976,0.0909,0.0874,0.0709,0.0779,0.0796,0.0587,0.0668,0.051,0.0449,0.0397,0.0508,0.0372,0.0378,0.0327,0.0327,0.0473,0.0313,0.0308,0.0242,0.0334,0.0274,0.0232,0.019,0.0276,0.0175,0.0237,0.0252,0.022,0.0151,0.0147,0.0207,0.0191
Test loss: 0.4719,0.2686,0.2243,0.199,0.1895,0.1963,0.1741,0.1834,0.1793,0.1845,0.1718,0.2013,0.1969,0.1908,0.1956,0.1966,0.2024,0.204,0.2139,0.2067,0.2118,0.2203,0.2232,0.2401,0.2464,0.2316,0.2343,0.2586,0.2661,0.2565,0.2438,0.2641,0.2595,0.2797,0.2805,0.2667,0.2733,0.2702,0.2921,0.2861
Train accuracy: 82.8,93.4,95.2,96.0,96.3,96.7,97.1,97.5,97.5,97.5,98.1,97.8,97.6,98.3,98.1,98.5,98.7,98.9,98.5,99.0,98.9,99.1,99.0,98.5,99.1,99.0,99.3,98.9,99.1,99.3,99.5,99.2,99.5,99.3,99.2,99.3,99.6,99.6,99.3,99.4
Test accuracy: 82.4,93.0,94.5,95.0,95.2,95.2,95.8,95.8,95.6,95.6,96.1,95.7,95.5,96.0,95.7,96.1,95.9,95.8,95.8,95.9,96.0,96.1,96.0,95.7,95.9,96.1,96.1,95.7,96.0,96.1,96.2,96.1,96.2,96.0,96.1,96.1,96.2,96.2,95.9,95.9
Rank: 10,10,10,10,10,10,10,10,10,10,10,10,10,10,10,10,10,10,10,10,10,10,10,10,10,10,10,10,10,10,10,10,10,10,10,10,10,10,10,10
Seed 8/10
Train loss: 0.3474,0.2221,0.1885,0.1453,0.1327,0.1063,0.0997,0.0798,0.0789,0.0851,0.0539,0.0487,0.0413,0.042,0.0374,0.0399,0.0379,0.0333,0.0314,0.0294,0.0238,0.0278,0.0262,0.0211,0.0245,0.0151,0.0186,0.025,0.0197,0.0197,0.0134,0.0159,0.0158,0.0171,0.022,0.0105,0.0382,0.0141,0.0178,0.0124
Test loss: 0.3547,0.2423,0.2139,0.1885,0.1805,0.1669,0.18,0.1636,0.1616,0.1878,0.1547,0.1517,0.1537,0.1614,0.1717,0.1699,0.1823,0.1775,0.1718,0.1998,0.1978,0.2012,0.1973,0.1984,0.2169,0.211,0.1874,0.2335,0.2205,0.2118,0.2123,0.2072,0.2277,0.2163,0.2331,0.2166,0.2518,0.2383,0.2433,0.2366
Train accuracy: 90.7,94.0,95.1,96.2,96.3,97.1,97.4,97.8,97.7,97.5,98.5,98.6,98.9,98.8,98.9,98.8,98.8,99.1,99.1,99.1,99.3,99.1,99.2,99.4,99.3,99.6,99.5,99.2,99.4,99.4,99.6,99.5,99.6,99.5,99.3,99.7,98.7,99.6,99.4,99.7
Test accuracy: 90.6,93.7,94.4,95.3,95.3,95.9,96.0,96.0,95.9,95.7,96.7,96.6,96.8,96.3,96.6,96.5,96.7,96.7,96.5,96.4,96.7,96.4,96.7,96.6,96.4,96.7,96.7,96.3,96.5,96.7,96.8,96.7,96.7,96.6,96.4,96.8,96.3,96.9,96.4,96.7
Rank: 10,10,10,10,10,10,10,10,10,10,10,10,10,10,10,10,10,10,10,10,10,10,10,10,10,10,10,10,10,10,10,10,10,10,10,10,10,10,10,10
Seed 9/10
Train loss: 1.7108,1.6174,1.5705,1.5279,1.4975,1.4686,1.4459,1.4329,1.4156,1.4039,1.3943,1.4058,1.3751,1.3668,1.3764,1.3689,1.3496,1.3442,1.3361,1.3273,1.3393,1.3316,1.3115,1.3092,1.3026,1.3081,1.2997,1.2992,1.2955,1.3107,1.2915,1.2822,1.2912,1.2757,1.2714,1.2844,1.2781,1.2687,1.2664,1.273
Test loss: 1.7192,1.6287,1.5831,1.5513,1.5205,1.4904,1.4691,1.4634,1.4469,1.4405,1.4334,1.4445,1.4173,1.4112,1.4273,1.4172,1.4069,1.4008,1.4063,1.3907,1.4035,1.4063,1.3938,1.3885,1.3852,1.3968,1.3886,1.3937,1.4094,1.4045,1.4176,1.3865,1.3869,1.3899,1.3989,1.3982,1.3913,1.3855,1.402,1.3941
Train accuracy: 26.9,31.7,32.0,36.1,37.1,37.1,38.1,38.3,38.3,39.1,39.4,37.5,41.3,40.6,41.7,41.3,43.6,43.5,44.6,45.4,43.2,45.4,45.5,46.0,46.2,45.8,45.5,46.1,46.1,44.6,46.6,46.5,45.6,46.3,46.8,46.1,46.4,46.5,46.7,46.5
Test accuracy: 26.2,31.7,31.8,35.1,36.4,36.1,37.4,37.6,37.6,38.6,38.4,36.8,40.3,39.5,40.4,40.5,42.1,42.0,43.0,43.8,41.9,43.6,44.0,44.2,44.6,43.8,43.8,44.2,44.3,43.0,44.8,44.6,43.7,44.3,44.8,44.4,44.3,44.2,44.4,44.4
Rank: 5,6,7,6,6,7,6,6,7,7,7,7,7,7,7,7,7,6,6,6,6,6,6,6,6,7,7,6,7,6,7,7,7,7,7,7,6,6,7,6
Seed 10/10
Train loss: 0.411,0.2724,0.2088,0.1671,0.1362,0.1125,0.0931,0.0838,0.0897,0.0677,0.0637,0.054,0.0504,0.049,0.0419,0.0587,0.0349,0.0347,0.0326,0.0328,0.0334,0.0315,0.0268,0.0214,0.0258,0.0297,0.0307,0.0277,0.0226,0.0268,0.0181,0.0183,0.0224,0.0174,0.0185,0.0217,0.0228,0.0134,0.0157,0.0131
Test loss: 0.415,0.2871,0.2319,0.1995,0.1749,0.1626,0.1516,0.1594,0.1698,0.1523,0.1545,0.1512,0.1694,0.1618,0.1699,0.1919,0.1805,0.1754,0.1863,0.1968,0.1914,0.1899,0.2093,0.2,0.2244,0.2197,0.2165,0.2095,0.2316,0.2346,0.2222,0.2143,0.2419,0.2064,0.2426,0.231,0.2485,0.2281,0.2322,0.2198
Train accuracy: 90.8,93.9,95.0,95.9,96.5,97.1,97.6,97.8,97.5,98.2,98.3,98.5,98.6,98.6,98.9,98.3,99.0,99.0,99.1,99.1,99.0,99.1,99.3,99.5,99.3,99.1,99.0,99.2,99.4,99.1,99.5,99.5,99.4,99.5,99.5,99.3,99.4,99.7,99.6,99.7
Test accuracy: 90.7,93.2,94.6,95.1,95.5,95.9,96.3,96.1,96.1,96.2,96.2,96.4,96.3,96.3,96.4,95.8,96.3,96.4,96.4,96.3,96.4,96.3,96.5,96.5,96.2,96.3,96.1,96.2,96.3,96.2,96.5,96.4,96.3,96.7,96.3,96.3,96.1,96.4,96.5,96.5
Rank: 10,10,10,10,10,10,10,10,10,10,10,10,10,10,10,10,10,10,10,10,10,10,10,10,10,10,10,10,10,10,10,10,10,10,10,10,10,10,10,10
