Seed 1/10
Train loss: 0.1133,0.0775,0.0509,0.039,0.0247,0.0316,0.0179,0.0249,0.0159,0.014,0.0125,0.011,0.0123,0.0084,0.0063,0.0071,0.0039,0.0082,0.0079,0.0048,0.0108,0.0067,0.0085,0.0025,0.0041,0.009,0.008,0.0043,0.0025,0.0033,0.0038,0.0013,0.0017,0.0045,0.0038,0.0017,0.0031,0.0048,0.0038,0.0012
Test loss: 0.1155,0.086,0.0684,0.061,0.0491,0.0594,0.0536,0.0637,0.0591,0.0684,0.0654,0.0634,0.0849,0.0658,0.0778,0.0778,0.0657,0.0787,0.0727,0.0724,0.091,0.0757,0.0774,0.0767,0.0776,0.0916,0.0939,0.0932,0.0848,0.0881,0.0824,0.0851,0.0819,0.09,0.0759,0.0757,0.0902,0.0924,0.0937,0.0823
Train accuracy: 96.8,97.7,98.5,98.8,99.3,99.0,99.4,99.3,99.5,99.5,99.6,99.7,99.6,99.7,99.8,99.8,99.9,99.7,99.7,99.9,99.6,99.8,99.7,99.9,99.9,99.7,99.7,99.9,99.9,99.9,99.9,100.0,100.0,99.9,99.9,99.9,99.9,99.8,99.9,100.0
Test accuracy: 96.6,97.3,98.0,98.2,98.5,98.2,98.4,98.4,98.5,98.4,98.5,98.5,98.2,98.5,98.4,98.3,98.7,98.4,98.7,98.5,98.4,98.5,98.3,98.7,98.5,98.3,98.3,98.3,98.5,98.6,98.5,98.5,98.6,98.5,98.6,98.7,98.5,98.4,98.4,98.8
Rank: 10,10,10,10,10,10,10,10,10,10,10,10,10,10,10,10,10,10,10,10,10,10,10,10,10,10,10,10,10,10,10,10,10,10,10,10,10,10,10,10
Seed 2/10
Train loss: 0.1478,0.0778,0.064,0.0491,0.046,0.0329,0.0306,0.0203,0.0213,0.017,0.0214,0.0178,0.0148,0.016,0.0079,0.0143,0.0116,0.0074,0.0084,0.0059,0.0069,0.0069,0.0048,0.0054,0.0117,0.0034,0.0064,0.0066,0.0038,0.008,0.0025,0.0065,0.004,0.0055,0.0031,0.0059,0.0015,0.0028,0.002,0.002
Test loss: 0.1486,0.0922,0.0815,0.0746,0.0792,0.0652,0.067,0.0616,0.0784,0.0727,0.0799,0.0764,0.0796,0.0805,0.0799,0.0908,0.104,0.0789,0.075,0.0841,0.094,0.087,0.0799,0.0864,0.1043,0.0855,0.0936,0.1029,0.0882,0.0979,0.0798,0.1002,0.0774,0.0879,0.0871,0.0949,0.084,0.0928,0.078,0.097
Train accuracy: 95.8,97.7,98.1,98.5,98.5,99.1,99.1,99.4,99.3,99.5,99.3,99.4,99.5,99.5,99.8,99.5,99.6,99.8,99.8,99.8,99.8,99.8,99.9,99.8,99.6,99.9,99.8,99.8,99.9,99.7,99.9,99.8,99.9,99.8,99.9,99.8,100.0,99.9,100.0,99.9
Test accuracy: 95.6,97.4,97.6,98.0,97.8,98.2,98.2,98.2,98.0,98.2,98.1,98.3,98.1,98.1,98.3,98.0,97.9,98.3,98.4,98.4,98.3,98.4,98.4,98.4,98.1,98.5,98.2,98.1,98.3,98.2,98.4,98.3,98.5,98.4,98.4,98.3,98.6,98.5,98.5,98.4
Rank: 10,10,10,10,10,10,10,10,10,10,10,10,10,10,10,10,10,10,10,10,10,10,10,10,10,10,10,10,10,10,10,10,10,10,10,10,10,10,10,10
Seed 3/10
Train loss: 0.0897,0.0556,0.0497,0.0399,0.0326,0.0224,0.0195,0.0249,0.0188,0.017,0.0143,0.0083,0.0163,0.0074,0.0057,0.0034,0.0069,0.0036,0.004,0.0064,0.005,0.0046,0.0061,0.0057,0.0043,0.0016,0.0064,0.0094,0.0027,0.0011,0.0062,0.0041,0.0043,0.0028,0.0049,0.0069,0.0035,0.0106,0.0009,0.0025
Test loss: 0.0933,0.07,0.0602,0.0646,0.0577,0.052,0.0564,0.071,0.0592,0.0672,0.0662,0.0611,0.0774,0.0647,0.0663,0.064,0.0753,0.0669,0.0657,0.0717,0.0775,0.0728,0.0786,0.0822,0.0738,0.0845,0.0964,0.1063,0.0888,0.0722,0.0887,0.0831,0.0778,0.0885,0.0976,0.0907,0.0791,0.1219,0.0776,0.0834
Train accuracy: 97.4,98.3,98.5,98.8,99.0,99.4,99.4,99.2,99.3,99.4,99.5,99.7,99.4,99.8,99.8,99.9,99.8,99.9,99.9,99.8,99.8,99.9,99.8,99.8,99.9,99.9,99.8,99.7,99.9,100.0,99.8,99.9,99.8,99.9,99.8,99.8,99.9,99.7,100.0,99.9
Test accuracy: 97.4,97.9,98.1,98.1,98.2,98.5,98.6,98.3,98.3,98.4,98.3,98.7,98.3,98.6,98.7,98.7,98.6,98.7,98.8,98.4,98.5,98.5,98.5,98.5,98.6,98.6,98.4,98.3,98.6,98.8,98.4,98.6,98.4,98.6,98.4,98.4,98.7,98.3,98.7,98.7
Rank: 10,10,10,10,10,10,10,10,10,10,10,10,10,10,10,10,10,10,10,10,10,10,10,10,10,10,10,10,10,10,10,10,10,10,10,10,10,10,10,10
Seed 4/10
Train loss: 0.1648,0.0893,0.0842,0.0668,0.0444,0.0404,0.0341,0.0327,0.0242,0.0169,0.0173,0.0149,0.0145,0.0132,0.0145,0.0154,0.0074,0.0079,0.0147,0.0073,0.0055,0.0079,0.0056,0.0093,0.0096,0.005,0.006,0.0081,0.0085,0.0079,0.0079,0.0043,0.0148,0.0049,0.0072,0.0033,0.0025,0.0069,0.0077,0.0051
Test loss: 0.1652,0.1053,0.1015,0.0983,0.076,0.0829,0.0761,0.0831,0.0878,0.0748,0.0753,0.0755,0.0903,0.0962,0.0952,0.1023,0.0881,0.0983,0.1084,0.0887,0.0916,0.0949,0.0956,0.1051,0.123,0.112,0.1053,0.1149,0.1161,0.1174,0.1209,0.1101,0.1344,0.1138,0.1214,0.1093,0.1148,0.1201,0.1092,0.1106
Train accuracy: 95.7,97.4,97.5,98.0,98.7,98.8,99.0,99.0,99.3,99.5,99.5,99.6,99.5,99.6,99.5,99.5,99.8,99.7,99.5,99.8,99.8,99.8,99.8,99.7,99.7,99.9,99.8,99.8,99.7,99.8,99.8,99.9,99.6,99.9,99.8,99.9,99.9,99.8,99.8,99.8
Test accuracy: 95.9,97.0,97.0,97.2,97.9,97.6,97.9,97.7,97.9,98.2,98.1,98.3,98.0,97.9,97.9,97.9,98.2,98.0,98.0,98.3,98.3,98.3,98.3,98.0,98.2,98.0,98.1,97.9,98.1,98.1,98.0,98.1,97.8,98.2,98.0,98.3,98.3,98.0,98.1,98.1
Rank: 10,10,10,10,10,10,10,10,10,10,10,10,10,10,10,10,10,10,10,10,10,10,10,10,10,10,10,10,10,10,10,10,10,10,10,10,10,10,10,10
Seed 5/10
Train loss: 0.1845,0.1135,0.084,0.0661,0.0661,0.0459,0.0389,0.0308,0.0325,0.0238,0.0194,0.0194,0.0194,0.0171,0.0152,0.0109,0.0113,0.0094,0.011,0.013,0.0073,0.0097,0.0094,0.0085,0.0119,0.009,0.0113,0.0083,0.0072,0.0039,0.0033,0.0144,0.0064,0.0051,0.0111,0.0034,0.0044,0.0036,0.0137,0.0046
Test loss: 0.1855,0.1264,0.1007,0.0855,0.0928,0.083,0.0781,0.0766,0.0758,0.0801,0.0743,0.0888,0.087,0.0837,0.0789,0.0946,0.0984,0.0999,0.1047,0.1242,0.1118,0.1086,0.1149,0.12,0.1117,0.1203,0.1103,0.1166,0.1163,0.12,0.1185,0.1189,0.1078,0.1208,0.1412,0.1076,0.1018,0.1099,0.1232,0.098
Train accuracy: 94.6,96.7,97.6,98.2,98.1,98.7,98.9,99.1,99.0,99.3,99.5,99.4,99.4,99.5,99.5,99.6,99.7,99.7,99.7,99.6,99.8,99.7,99.7,99.7,99.6,99.7,99.6,99.8,99.8,99.9,99.9,99.5,99.8,99.8,99.6,99.9,99.9,99.9,99.5,99.8
Test accuracy: 94.5,96.2,96.9,97.5,97.4,97.7,97.9,98.0,97.8,97.8,98.1,97.8,97.7,98.0,98.0,98.0,97.7,97.9,97.8,97.8,97.8,97.8,97.9,97.7,97.8,97.8,97.7,97.9,97.7,97.9,97.9,97.6,98.0,98.0,97.8,98.0,98.3,98.1,97.7,98.2
Rank: 10,10,10,10,10,10,10,10,10,10,10,10,10,10,10,10,10,10,10,10,10,10,10,10,10,10,10,10,10,10,10,10,10,10,10,10,10,10,10,10
Seed 6/10
Train loss: 0.1344,0.0774,0.0622,0.0415,0.0326,0.0287,0.0192,0.0224,0.0157,0.0141,0.0121,0.0159,0.0102,0.01,0.007,0.0125,0.0136,0.0061,0.0045,0.0042,0.0053,0.0067,0.0057,0.0016,0.0033,0.0075,0.0045,0.0045,0.0008,0.008,0.0012,0.0255,0.0055,0.002,0.003,0.0007,0.0025,0.0009,0.0018,0.0019
Test loss: 0.1427,0.0918,0.0852,0.0693,0.0631,0.0635,0.0516,0.0628,0.058,0.0619,0.0678,0.0794,0.0649,0.075,0.0682,0.0787,0.0877,0.0742,0.0707,0.078,0.0769,0.076,0.0821,0.0773,0.0853,0.0836,0.0851,0.0932,0.077,0.0829,0.0745,0.1136,0.0992,0.0843,0.0832,0.0764,0.0944,0.0808,0.0745,0.0806
Train accuracy: 96.2,97.7,98.1,98.8,99.1,99.1,99.4,99.3,99.5,99.5,99.6,99.4,99.7,99.7,99.8,99.6,99.5,99.8,99.8,99.9,99.8,99.8,99.8,100.0,99.9,99.7,99.8,99.9,100.0,99.8,100.0,99.4,99.8,99.9,99.9,100.0,99.9,100.0,99.9,99.9
Test accuracy: 96.0,97.3,97.6,97.9,98.2,98.2,98.5,98.2,98.3,98.3,98.3,98.2,98.4,98.2,98.6,98.2,98.0,98.4,98.4,98.5,98.5,98.5,98.4,98.5,98.6,98.3,98.5,98.5,98.7,98.3,98.7,98.1,98.3,98.5,98.5,98.7,98.5,98.7,98.7,98.6
Rank: 10,10,10,10,10,10,10,10,10,10,10,10,10,10,10,10,10,10,10,10,10,10,10,10,10,10,10,10,10,10,10,10,10,10,10,10,10,10,10,10
Seed 7/10
Train loss: 0.1143,0.0535,0.0469,0.0432,0.0263,0.0209,0.0196,0.0159,0.0094,0.0096,0.011,0.0112,0.0107,0.0173,0.0058,0.0084,0.0034,0.0051,0.01,0.0043,0.0018,0.0063,0.0014,0.007,0.0029,0.0073,0.0042,0.0016,0.0033,0.0104,0.0031,0.003,0.0025,0.0006,0.0059,0.0038,0.0018,0.0027,0.0013,0.0023
Test loss: 0.1167,0.0685,0.0638,0.0697,0.0593,0.0643,0.0656,0.0742,0.0594,0.0654,0.0687,0.076,0.0778,0.0941,0.0794,0.0882,0.0802,0.0799,0.1062,0.0838,0.0742,0.0969,0.0834,0.0923,0.0812,0.1126,0.0919,0.0811,0.0921,0.1092,0.0914,0.0851,0.0842,0.0829,0.0911,0.0848,0.0832,0.0846,0.086,0.0936
Train accuracy: 96.4,98.4,98.6,98.6,99.3,99.3,99.4,99.5,99.7,99.7,99.7,99.6,99.6,99.4,99.8,99.7,99.9,99.9,99.7,99.8,99.9,99.8,100.0,99.8,99.9,99.7,99.9,100.0,99.9,99.6,99.9,99.9,99.9,100.0,99.8,99.9,99.9,99.9,100.0,99.9
Test accuracy: 96.4,98.0,98.1,97.9,98.3,98.2,98.2,98.2,98.3,98.5,98.3,98.2,98.2,97.9,98.3,98.2,98.4,98.5,98.3,98.6,98.6,98.5,98.6,98.3,98.5,98.2,98.4,98.7,98.4,98.2,98.4,98.5,98.5,98.8,98.5,98.4,98.6,98.5,98.6,98.6
Rank: 10,10,10,10,10,10,10,10,10,10,10,10,10,10,10,10,10,10,10,10,10,10,10,10,10,10,10,10,10,10,10,10,10,10,10,10,10,10,10,10
Seed 8/10
Train loss: 0.2107,0.1366,0.1014,0.0849,0.071,0.0707,0.0486,0.0458,0.0423,0.0335,0.0319,0.0255,0.0284,0.0192,0.0216,0.0243,0.0173,0.017,0.0141,0.0209,0.0115,0.0206,0.0116,0.0103,0.0196,0.0097,0.0104,0.0087,0.0111,0.0108,0.0109,0.0122,0.0073,0.0105,0.0102,0.0049,0.0074,0.0095,0.0115,0.0079
Test loss: 0.2054,0.1508,0.123,0.1134,0.1049,0.112,0.0952,0.0985,0.0995,0.0942,0.1034,0.0966,0.107,0.0954,0.1067,0.1061,0.0999,0.0969,0.1051,0.1169,0.1175,0.1316,0.1116,0.1085,0.1446,0.1138,0.1224,0.1229,0.1194,0.1309,0.115,0.1155,0.1263,0.1305,0.1237,0.1182,0.1139,0.1411,0.1183,0.1332
Train accuracy: 94.0,96.0,97.1,97.5,97.9,98.0,98.6,98.7,98.8,99.0,99.0,99.2,99.1,99.4,99.3,99.2,99.5,99.5,99.6,99.3,99.6,99.3,99.6,99.7,99.4,99.7,99.7,99.7,99.7,99.6,99.6,99.6,99.8,99.7,99.7,99.9,99.8,99.7,99.7,99.8
Test accuracy: 94.0,95.5,96.5,96.7,97.0,97.0,97.4,97.2,97.3,97.5,97.3,97.6,97.2,97.6,97.4,97.4,97.6,97.6,97.5,97.4,97.6,97.2,97.6,97.5,97.4,97.7,97.6,97.7,97.7,97.3,97.7,97.5,97.8,97.5,97.6,97.9,97.8,97.7,97.7,97.6
Rank: 10,10,10,10,10,10,10,10,10,10,10,10,10,10,10,10,10,10,10,10,10,10,10,10,10,10,10,10,10,10,10,10,10,10,10,10,10,10,10,10
Seed 9/10
Train loss: 0.2227,0.131,0.094,0.0635,0.048,0.0378,0.0282,0.025,0.0283,0.0206,0.0183,0.0123,0.0085,0.0159,0.0085,0.0098,0.0038,0.0122,0.0078,0.0084,0.0092,0.0052,0.0092,0.0058,0.0068,0.0043,0.0018,0.0047,0.0065,0.0021,0.0022,0.0033,0.0068,0.0055,0.0025,0.0021,0.016,0.0018,0.0014,0.0071
Test loss: 0.2324,0.1368,0.1067,0.0846,0.071,0.0679,0.0624,0.0594,0.0703,0.068,0.0692,0.0686,0.0607,0.0903,0.0653,0.0802,0.0701,0.0925,0.0832,0.0847,0.0965,0.0799,0.0938,0.0864,0.0995,0.0843,0.0741,0.093,0.0899,0.0905,0.0914,0.0979,0.1036,0.098,0.0865,0.0907,0.1224,0.093,0.0859,0.1041
Train accuracy: 93.8,96.2,97.3,98.2,98.6,98.8,99.2,99.3,99.1,99.3,99.4,99.7,99.8,99.5,99.7,99.7,99.9,99.6,99.8,99.7,99.7,99.8,99.7,99.8,99.8,99.9,100.0,99.8,99.8,99.9,99.9,99.9,99.8,99.8,99.9,99.9,99.5,100.0,100.0,99.8
Test accuracy: 93.2,96.1,97.0,97.5,98.0,98.1,98.2,98.3,98.1,98.3,98.2,98.3,98.5,98.0,98.5,98.2,98.6,98.2,98.4,98.2,98.3,98.3,98.3,98.2,98.0,98.4,98.5,98.3,98.2,98.4,98.5,98.4,98.2,98.4,98.5,98.5,97.9,98.4,98.6,98.1
Rank: 10,10,10,10,10,10,10,10,10,10,10,10,10,10,10,10,10,10,10,10,10,10,10,10,10,10,10,10,10,10,10,10,10,10,10,10,10,10,10,10
Seed 10/10
Train loss: 0.1229,0.0726,0.0668,0.0484,0.0327,0.0308,0.0239,0.0215,0.0184,0.0186,0.0132,0.0126,0.0166,0.0109,0.0058,0.0117,0.0131,0.0084,0.0065,0.0038,0.0059,0.0093,0.0035,0.0035,0.0087,0.0114,0.0109,0.0018,0.0043,0.0051,0.0066,0.0072,0.0031,0.0114,0.0047,0.0034,0.0009,0.0004,0.0081,0.0027
Test loss: 0.1305,0.0903,0.0899,0.0751,0.0652,0.0728,0.0644,0.0681,0.0774,0.0816,0.0739,0.0769,0.0868,0.083,0.0699,0.0955,0.0842,0.0925,0.0792,0.0837,0.0975,0.0962,0.0922,0.0985,0.0987,0.1159,0.1135,0.0948,0.1081,0.0928,0.1071,0.1049,0.0953,0.1366,0.1081,0.1104,0.095,0.0992,0.1142,0.1017
Train accuracy: 96.3,97.9,98.0,98.6,99.0,99.1,99.3,99.4,99.4,99.4,99.6,99.6,99.5,99.7,99.9,99.6,99.6,99.7,99.8,99.9,99.8,99.7,99.9,99.9,99.7,99.6,99.7,100.0,99.9,99.8,99.8,99.8,99.9,99.7,99.8,99.9,100.0,100.0,99.8,99.9
Test accuracy: 96.2,97.2,97.3,97.7,98.2,97.8,98.2,98.0,98.0,97.8,98.1,98.2,98.0,98.1,98.3,98.1,98.0,98.2,98.4,98.2,98.0,98.0,98.3,98.2,98.2,98.2,97.9,98.3,98.0,98.2,98.0,98.2,98.3,97.7,98.3,98.2,98.3,98.4,98.0,98.3
Rank: 10,10,10,10,10,10,10,10,10,10,10,10,10,10,10,10,10,10,10,10,10,10,10,10,10,10,10,10,10,10,10,10,10,10,10,10,10,10,10,10
