Seed 1/10
Train loss: 0.4134,0.2387,0.173,0.1435,0.1273,0.1188,0.1065,0.101,0.0901,0.0847,0.0709,0.0724,0.0657,0.0626,0.0565,0.0562,0.0546,0.0689,0.0478,0.0501,0.0456,0.0405,0.0645,0.0374,0.0358,0.0415,0.0413,0.0376,0.0487,0.0303,0.0359,0.0435,0.0417,0.0379,0.0343,0.0327,0.0338,0.0299,0.0282,0.032
Test loss: 0.4411,0.2684,0.2325,0.2124,0.1983,0.2444,0.2701,0.2687,0.2154,0.248,0.2798,0.5059,0.2209,0.3015,0.3645,0.2265,0.2963,0.2501,0.2797,0.3234,0.296,0.2707,0.3629,0.4172,0.2786,0.3814,0.2981,0.3122,0.3572,0.2572,0.353,0.5058,0.3393,0.4534,0.4334,0.3009,0.5125,0.4027,0.2914,0.4013
Train accuracy: 92.1,94.7,95.8,96.4,96.7,96.9,97.2,97.2,97.6,97.8,98.1,98.2,98.2,98.4,98.5,98.5,98.6,98.1,98.8,98.7,98.9,99.0,98.4,99.1,99.1,99.0,99.0,99.1,98.8,99.3,99.1,99.0,99.0,99.1,99.2,99.1,99.2,99.3,99.4,99.2
Test accuracy: 92.2,94.6,95.5,95.9,95.9,95.9,96.1,95.9,96.1,96.2,96.5,96.4,96.3,96.6,96.6,96.5,96.2,96.1,96.4,96.3,96.5,96.5,96.0,96.8,96.5,96.3,96.3,96.6,96.3,96.7,96.6,96.5,96.5,96.6,96.4,96.5,96.4,96.4,96.7,96.4
Rank: 10,10,10,10,10,10,10,10,10,10,10,10,10,10,10,10,10,10,10,10,10,10,10,10,10,10,10,10,10,10,10,10,10,10,10,10,10,10,10,10
Seed 2/10
Train loss: 0.24,0.1802,0.1313,0.1107,0.0883,0.0637,0.051,0.0432,0.0387,0.0356,0.0291,0.0233,0.0206,0.0229,0.027,0.0184,0.0117,0.0102,0.0089,0.008,0.0069,0.0115,0.0151,0.0078,0.0075,0.0092,0.0097,0.0068,0.0027,0.0092,0.0047,0.0049,0.0054,0.0055,0.002,0.0023,0.0053,0.0025,0.0027,0.001
Test loss: 0.2954,0.3669,0.2528,0.3429,0.2516,0.1753,0.1563,0.1725,0.1371,0.1383,0.1477,0.1383,0.2152,0.319,0.1433,0.1548,0.1311,0.1401,0.13,0.1437,0.1345,0.1981,0.2014,0.139,0.1402,0.1559,0.1137,0.1452,0.137,0.1246,0.1337,0.1377,0.142,0.1266,0.13,0.1252,0.1447,0.1288,0.1322,0.1336
Train accuracy: 93.5,95.1,96.4,96.9,97.5,98.3,98.6,98.8,98.9,99.0,99.2,99.4,99.5,99.4,99.2,99.5,99.7,99.7,99.8,99.8,99.8,99.7,99.6,99.8,99.8,99.7,99.7,99.8,100.0,99.7,99.9,99.9,99.9,99.9,100.0,100.0,99.9,100.0,100.0,100.0
Test accuracy: 93.5,94.8,95.9,96.2,96.6,97.0,97.1,97.0,97.3,97.4,97.3,97.7,97.5,97.8,97.5,97.7,98.0,97.9,97.9,98.0,98.2,97.9,97.6,98.0,98.1,98.0,98.0,98.2,98.2,98.0,98.1,98.3,98.1,98.1,98.3,98.3,98.1,98.2,98.1,98.4
Rank: 10,10,10,10,10,10,10,10,10,10,10,10,10,10,10,10,10,10,10,10,10,10,10,10,10,10,10,10,10,10,10,10,10,10,10,10,10,10,10,10
Seed 3/10
Train loss: 0.2518,0.1158,0.073,0.0546,0.0439,0.0386,0.0378,0.0254,0.0211,0.0174,0.0157,0.0148,0.0111,0.0146,0.0087,0.007,0.0154,0.0075,0.006,0.0039,0.0116,0.0047,0.0025,0.0085,0.0039,0.0025,0.0011,0.0009,0.0009,0.0061,0.0019,0.0014,0.0007,0.0006,0.0006,0.0054,0.0015,0.0008,0.0006,0.0005
Test loss: 0.2604,0.1438,0.1186,0.106,0.0975,0.1036,0.0925,0.1085,0.1089,0.1009,0.1195,0.1007,0.1003,0.1322,0.0955,0.0973,0.1023,0.0975,0.1092,0.0928,0.1256,0.0909,0.0985,0.1266,0.1087,0.1196,0.1188,0.1309,0.1421,0.1049,0.1009,0.1256,0.1323,0.1298,0.1356,0.1094,0.1003,0.1189,0.1207,0.1378
Train accuracy: 92.1,96.6,97.8,98.3,98.6,98.8,98.9,99.2,99.4,99.5,99.5,99.6,99.7,99.6,99.8,99.8,99.5,99.8,99.9,99.9,99.7,99.9,100.0,99.8,99.9,100.0,100.0,100.0,100.0,99.8,100.0,100.0,100.0,100.0,100.0,99.8,100.0,100.0,100.0,100.0
Test accuracy: 91.5,96.3,97.3,97.7,97.7,97.7,97.8,97.7,97.9,98.1,98.0,97.8,98.0,97.8,98.1,98.1,97.9,98.2,98.3,98.3,98.0,98.2,98.4,98.2,98.3,98.3,98.2,98.3,98.3,98.2,98.3,98.4,98.4,98.4,98.4,98.0,98.5,98.4,98.4,98.4
Rank: 10,10,10,10,10,10,10,10,10,10,10,10,10,10,10,10,10,10,10,10,10,10,10,10,10,10,10,10,10,10,10,10,10,10,10,10,10,10,10,10
Seed 4/10
Train loss: 0.5644,0.3236,0.2459,0.2073,0.1718,0.1485,0.1356,0.1302,0.1137,0.1102,0.1258,0.0975,0.1131,0.0854,0.0757,0.0759,0.0707,0.0555,0.0753,0.0474,0.0773,0.0594,0.0488,0.0573,0.0415,0.0391,0.0448,0.0351,0.0631,0.0355,0.0496,0.0345,0.0375,0.0444,0.0393,0.0285,0.0261,0.0285,0.0286,0.0575
Test loss: 0.6272,0.5412,0.6548,0.8017,0.6668,0.6428,0.4801,0.5452,0.6205,0.4265,0.5739,0.4593,0.3776,0.5351,0.4531,0.6065,0.5371,0.398,0.5846,0.5229,0.7098,0.4832,0.5882,0.5497,0.3868,0.4211,0.4176,0.3198,0.3599,0.3452,0.4057,0.5055,0.5442,0.4712,0.3623,0.361,0.3187,0.3877,0.3661,0.3586
Train accuracy: 84.0,92.1,93.8,94.7,95.6,96.1,96.4,96.6,96.9,96.9,96.6,97.4,96.9,97.8,98.1,97.9,98.1,98.6,98.0,98.9,98.0,98.5,98.8,98.6,99.0,99.1,99.0,99.2,98.4,99.3,98.9,99.2,99.2,99.1,99.1,99.4,99.5,99.4,99.4,98.8
Test accuracy: 83.9,92.0,93.4,94.0,94.9,95.2,95.2,95.2,95.4,95.4,94.9,95.4,94.9,95.6,95.8,95.3,95.5,95.7,95.5,96.1,95.2,95.7,95.6,95.6,96.0,96.0,96.0,95.9,95.5,96.0,95.9,96.0,96.0,96.1,96.0,96.3,96.4,96.2,96.2,96.0
Rank: 10,10,10,10,10,10,10,10,10,10,10,10,10,10,10,10,10,10,10,10,10,10,10,10,10,10,10,10,10,10,10,10,10,10,10,10,10,10,10,10
Seed 5/10
Train loss: 0.5767,0.3591,0.2682,0.1963,0.162,0.1386,0.1231,0.1154,0.1026,0.1106,0.0942,0.0874,0.082,0.0768,0.0718,0.0777,0.0684,0.0657,0.0767,0.0611,0.0747,0.0951,0.0723,0.0682,0.0558,0.0678,0.0427,0.0408,0.0412,0.04,0.047,0.0485,0.0397,0.0407,0.0686,0.0377,0.031,0.0369,0.0359,0.0272
Test loss: 0.5929,0.3968,0.3068,0.238,0.2594,0.2929,0.4267,0.2885,0.3119,0.4349,0.5137,0.403,0.4763,0.3901,0.6588,1.0375,0.9868,0.5873,1.7624,1.5741,0.8132,0.9053,0.4307,0.9376,0.892,0.9642,0.783,0.9921,0.8006,1.0874,0.8318,0.8851,0.5394,1.096,2.0965,0.5155,0.5873,0.5421,1.017,0.5352
Train accuracy: 85.5,91.9,94.2,95.5,96.0,96.5,96.9,97.0,97.3,97.0,97.5,97.7,97.9,98.1,98.2,98.0,98.2,98.3,98.0,98.4,98.1,97.6,97.9,98.3,98.6,98.2,99.0,99.0,99.0,99.0,98.8,98.8,99.0,98.9,98.5,99.1,99.3,99.2,99.2,99.5
Test accuracy: 86.2,91.8,94.0,94.9,95.1,95.5,95.5,95.5,95.7,95.2,95.5,95.7,95.6,95.8,95.8,95.6,95.7,95.5,95.3,95.8,95.7,95.1,95.2,95.8,95.6,95.5,96.0,96.0,96.1,95.9,95.9,95.6,95.7,95.8,95.5,95.8,95.9,95.9,95.9,96.2
Rank: 10,10,10,10,10,10,10,10,10,10,10,10,10,10,10,10,10,10,10,10,10,10,10,10,10,10,10,10,10,10,10,10,10,10,10,10,10,10,10,10
Seed 6/10
Train loss: 1.5131,0.9123,0.6307,0.5422,0.4907,0.4332,0.371,0.3371,0.2984,0.2911,0.2697,0.2577,0.2547,0.2389,0.2179,0.213,0.2228,0.2126,0.1904,0.1863,0.1809,0.1867,0.1878,0.1792,0.167,0.1741,0.1656,0.1504,0.1727,0.1538,0.1616,0.1515,0.1474,0.1416,0.142,0.1636,0.1416,0.1366,0.1321,0.1364
Test loss: 1.5161,0.9119,0.6348,0.5607,0.5214,0.4734,0.4236,0.4064,0.3832,0.3865,0.3748,0.3723,0.3737,0.3775,0.3611,0.3708,0.3945,0.3993,0.3677,0.3861,0.3858,0.3866,0.4008,0.402,0.4324,0.3893,0.4112,0.3987,0.4505,0.4618,0.4617,0.4419,0.4555,0.449,0.4573,0.4622,0.4518,0.4623,0.4467,0.4834
Train accuracy: 32.8,66.1,86.1,88.0,88.7,89.5,91.4,92.2,93.3,93.1,93.4,93.8,93.9,94.3,95.0,94.8,94.9,95.0,95.4,95.6,95.7,95.5,95.5,95.7,96.2,95.7,95.9,96.5,96.1,96.2,96.3,96.5,96.5,96.7,96.6,96.1,96.6,96.8,97.0,96.9
Test accuracy: 32.3,66.3,86.6,87.7,88.2,88.9,90.5,91.2,91.8,91.6,91.5,91.9,92.1,92.5,93.0,92.5,92.8,92.9,93.3,93.2,93.3,93.2,93.3,93.0,93.6,92.7,93.2,93.4,93.2,93.2,93.2,93.4,93.1,93.4,93.2,92.9,93.2,93.0,93.6,93.3
Rank: 8,10,10,10,10,10,10,10,10,10,10,10,10,10,10,10,10,10,10,10,10,10,10,10,10,10,10,10,10,10,10,10,10,10,10,10,10,10,10,10
Seed 7/10
Train loss: 0.421,0.251,0.2136,0.1776,0.1495,0.1267,0.1141,0.1082,0.0894,0.098,0.0781,0.0722,0.0827,0.0616,0.0642,0.0587,0.0548,0.0564,0.0428,0.0454,0.0407,0.0636,0.043,0.0325,0.0375,0.0494,0.0376,0.0306,0.0442,0.0317,0.0322,0.0367,0.0315,0.027,0.0454,0.0381,0.0275,0.0424,0.0303,0.0237
Test loss: 0.4757,0.3082,0.3442,0.3376,0.3648,0.2682,0.261,0.2927,0.2868,0.439,0.289,0.2183,0.3374,0.2591,0.2984,0.4016,0.2357,0.2633,0.5695,0.3946,0.4534,0.7526,0.2808,0.2708,0.2719,0.4078,0.2548,0.2615,0.2782,0.2856,0.599,0.3546,0.2957,0.4577,0.5379,0.3175,0.3408,0.3355,0.3027,0.6331
Train accuracy: 90.6,94.1,94.7,95.4,96.0,96.6,96.8,97.0,97.6,97.3,97.9,98.0,97.7,98.3,98.3,98.4,98.5,98.5,98.9,98.8,99.0,98.4,98.9,99.2,99.1,98.7,99.1,99.3,98.8,99.2,99.2,99.1,99.2,99.4,98.9,99.0,99.4,98.9,99.4,99.5
Test accuracy: 90.4,93.9,94.4,94.7,95.1,95.5,95.8,95.7,96.1,95.8,96.2,95.9,95.7,96.0,96.1,96.1,96.3,96.1,96.5,96.1,96.5,96.0,96.2,96.7,96.4,96.0,96.4,96.4,96.1,96.3,96.1,96.4,96.5,96.3,96.1,96.1,96.2,95.8,96.2,96.4
Rank: 10,10,10,10,10,10,10,10,10,10,10,10,10,10,10,10,10,10,10,10,10,10,10,10,10,10,10,10,10,10,10,10,10,10,10,10,10,10,10,10
Seed 8/10
Train loss: 0.1794,0.1103,0.0855,0.0668,0.0559,0.0457,0.0434,0.035,0.0311,0.0297,0.0249,0.021,0.0212,0.0177,0.0207,0.015,0.0113,0.0208,0.0096,0.0111,0.0122,0.0081,0.0064,0.0143,0.0054,0.0052,0.0129,0.0059,0.0052,0.0078,0.0053,0.004,0.0036,0.0054,0.0055,0.0037,0.0051,0.0041,0.0047,0.0041
Test loss: 0.233,0.1442,0.1205,0.1094,0.1187,0.1212,0.1208,0.1092,0.1021,0.0993,0.1153,0.1148,0.1365,0.113,0.14,0.1514,0.1397,0.1705,0.1187,0.1509,0.1434,0.2726,0.1413,0.1944,0.1396,0.2494,0.1644,0.1366,0.1549,0.2202,0.2128,0.1585,0.199,0.1574,0.1945,0.1986,0.2215,0.186,0.175,0.1873
Train accuracy: 94.9,96.9,97.6,98.1,98.4,98.6,98.7,99.0,99.2,99.1,99.3,99.4,99.4,99.5,99.4,99.6,99.7,99.4,99.8,99.7,99.7,99.8,99.9,99.6,99.9,99.9,99.7,99.9,99.9,99.8,99.9,99.9,99.9,99.9,99.9,99.9,99.9,99.9,99.9,99.9
Test accuracy: 95.0,96.5,97.0,97.4,97.3,97.6,97.9,97.9,98.0,97.9,98.0,98.0,97.8,97.9,97.7,98.0,98.2,97.6,98.1,97.9,97.9,98.0,98.0,97.6,98.0,97.9,97.8,98.0,98.0,97.8,98.0,98.0,98.0,97.9,97.9,98.0,98.0,97.9,98.1,98.0
Rank: 10,10,10,10,10,10,10,10,10,10,10,10,10,10,10,10,10,10,10,10,10,10,10,10,10,10,10,10,10,10,10,10,10,10,10,10,10,10,10,10
Seed 9/10
Train loss: 0.2288,0.1556,0.1139,0.084,0.0693,0.0599,0.0624,0.0438,0.0411,0.0356,0.0297,0.023,0.0288,0.0295,0.0265,0.0346,0.0214,0.0177,0.0327,0.0185,0.0147,0.0099,0.0244,0.0156,0.0112,0.016,0.0119,0.0139,0.0092,0.014,0.0137,0.0074,0.0047,0.0143,0.0082,0.0068,0.0065,0.0083,0.0092,0.0082
Test loss: 0.2805,0.2052,0.1796,0.1499,0.1922,0.244,0.3465,0.1598,0.2767,0.2896,0.3395,0.2951,0.5917,0.1898,0.2229,0.1625,0.2753,0.2209,0.2976,0.2331,0.1553,0.1508,0.3945,0.2217,0.3519,0.1836,0.1893,0.1956,0.1799,0.1659,0.2223,0.171,0.234,0.2162,0.1939,0.186,0.1666,0.1996,0.209,0.1844
Train accuracy: 93.6,95.6,96.8,97.7,98.0,98.3,98.1,98.8,98.9,99.0,99.2,99.4,99.1,99.2,99.3,98.9,99.4,99.5,99.1,99.5,99.6,99.8,99.3,99.6,99.7,99.6,99.7,99.6,99.8,99.6,99.6,99.8,99.9,99.6,99.8,99.8,99.8,99.8,99.8,99.8
Test accuracy: 93.5,95.5,96.4,97.0,97.3,97.2,97.1,97.4,97.3,97.4,97.5,97.6,97.4,97.3,97.4,97.0,97.5,97.5,97.2,97.4,97.6,97.6,97.2,97.4,97.6,97.5,97.5,97.4,97.6,97.6,97.4,97.6,97.6,97.3,97.6,97.8,97.6,97.7,97.6,97.5
Rank: 10,10,10,10,10,10,10,10,10,10,10,10,10,10,10,10,10,10,10,10,10,10,10,10,10,10,10,10,10,10,10,10,10,10,10,10,10,10,10,10
Seed 10/10
Train loss: 0.2245,0.137,0.1077,0.0846,0.0628,0.0503,0.0413,0.0442,0.0311,0.0433,0.0335,0.0261,0.0205,0.0248,0.0201,0.0177,0.0284,0.0112,0.0094,0.0216,0.0184,0.011,0.0077,0.014,0.0085,0.0095,0.0051,0.0085,0.0089,0.0068,0.0043,0.0057,0.0089,0.0049,0.0019,0.0028,0.0047,0.0041,0.002,0.0014
Test loss: 0.666,0.2488,0.2456,0.2398,0.1666,0.1542,0.1419,0.1509,0.1206,0.1938,0.1613,0.1578,0.2108,0.1799,0.1753,0.1617,0.2971,0.1352,0.1964,0.1886,0.1627,0.1808,0.1698,0.2071,0.201,0.1829,0.1803,0.1937,0.2138,0.2293,0.2568,0.1955,0.2695,0.2244,0.195,0.1951,0.2359,0.2084,0.196,0.1936
Train accuracy: 94.0,96.1,96.9,97.6,98.2,98.5,98.8,98.7,99.1,98.8,99.1,99.3,99.5,99.3,99.5,99.6,99.3,99.8,99.8,99.4,99.5,99.8,99.9,99.7,99.8,99.8,99.9,99.8,99.8,99.9,99.9,99.9,99.8,99.9,100.0,100.0,99.9,99.9,100.0,100.0
Test accuracy: 94.0,95.9,96.5,96.9,97.2,97.4,97.6,97.3,97.5,97.3,97.5,97.6,97.7,97.5,97.6,97.7,97.4,97.9,98.0,97.5,97.6,97.7,97.9,97.7,97.9,97.6,97.9,97.7,97.8,97.8,97.9,97.8,97.8,97.7,97.9,97.8,97.8,97.8,97.8,97.9
Rank: 10,10,10,10,10,10,10,10,10,10,10,10,10,10,10,10,10,10,10,10,10,10,10,10,10,10,10,10,10,10,10,10,10,10,10,10,10,10,10,10
