Seed 1/10
Train loss: 0.1679,0.1047,0.0786,0.0586,0.0471,0.0454,0.0356,0.0333,0.0372,0.0353,0.0377,0.0317,0.0291,0.0247,0.02,0.0243,0.0155,0.0213,0.0256,0.0132,0.0104,0.0217,0.0098,0.0126,0.0077,0.0146,0.0062,0.0063,0.0061,0.003,0.0086,0.0065,0.0107,0.0052,0.006,0.0148,0.0064,0.0048,0.0141,0.0038
Test loss: 0.1733,0.1252,0.1087,0.0933,0.0904,0.0964,0.0968,0.1033,0.1214,0.131,0.1416,0.1481,0.1537,0.155,0.152,0.155,0.1572,0.1541,0.1684,0.1617,0.1582,0.1731,0.1576,0.1666,0.162,0.1519,0.168,0.1471,0.1641,0.1661,0.162,0.1422,0.1617,0.153,0.181,0.1823,0.1768,0.1678,0.1829,0.1556
Train accuracy: 95.2,96.8,97.7,98.3,98.6,98.5,98.9,98.9,98.8,98.8,98.8,99.0,99.1,99.2,99.4,99.2,99.4,99.3,99.2,99.6,99.7,99.3,99.7,99.6,99.7,99.6,99.8,99.8,99.8,99.9,99.7,99.8,99.6,99.8,99.8,99.6,99.8,99.8,99.7,99.9
Test accuracy: 94.8,96.3,96.7,97.3,97.5,97.3,97.5,97.6,97.2,97.2,97.2,97.2,97.2,97.2,97.3,97.2,97.4,97.4,97.3,97.5,97.6,97.4,97.6,97.7,97.5,97.9,97.7,97.9,97.8,98.0,97.9,98.0,97.7,98.0,97.8,98.0,98.1,98.0,98.0,98.2
Rank: 10,10,10,10,10,10,10,10,10,10,10,10,10,10,10,10,10,10,10,10,10,10,10,10,10,10,10,10,10,10,10,10,10,10,10,10,10,10,10,10
Seed 2/10
Train loss: 0.0839,0.0483,0.0328,0.0251,0.0219,0.0181,0.0163,0.0149,0.0128,0.0196,0.0081,0.0104,0.0195,0.0091,0.0102,0.0068,0.015,0.0066,0.0038,0.0048,0.0091,0.0074,0.0033,0.0025,0.0057,0.0029,0.006,0.0056,0.0035,0.0018,0.0062,0.004,0.0014,0.0029,0.0031,0.0068,0.0053,0.003,0.0006,0.0004
Test loss: 0.0843,0.0598,0.0522,0.0506,0.0518,0.0531,0.0569,0.0644,0.0636,0.0728,0.0708,0.0698,0.0815,0.0761,0.0726,0.0797,0.0957,0.0822,0.0778,0.0834,0.0902,0.0765,0.0854,0.0847,0.1092,0.0903,0.0998,0.1021,0.0956,0.0869,0.0982,0.1036,0.0971,0.1017,0.0942,0.1079,0.114,0.1004,0.1042,0.1077
Train accuracy: 97.5,98.5,99.0,99.2,99.3,99.4,99.4,99.5,99.6,99.3,99.7,99.6,99.4,99.7,99.7,99.8,99.5,99.8,99.9,99.8,99.7,99.8,99.9,99.9,99.8,99.9,99.8,99.8,99.9,99.9,99.8,99.9,100.0,99.9,99.9,99.8,99.8,99.9,100.0,100.0
Test accuracy: 97.3,98.1,98.5,98.5,98.5,98.6,98.6,98.5,98.5,98.5,98.6,98.5,98.3,98.6,98.6,98.5,98.3,98.7,98.8,98.7,98.7,98.6,98.7,98.8,98.5,98.7,98.6,98.5,98.7,98.8,98.6,98.7,98.8,98.6,98.8,98.7,98.4,98.8,98.8,98.8
Rank: 10,10,10,10,10,10,10,10,10,10,10,10,10,10,10,10,10,10,10,10,10,10,10,10,10,10,10,10,10,10,10,10,10,10,10,10,10,10,10,10
Seed 3/10
Train loss: 0.1235,0.0936,0.0666,0.0464,0.0366,0.0296,0.0288,0.0211,0.0198,0.017,0.0148,0.0221,0.0403,0.0169,0.0088,0.0125,0.013,0.0087,0.0112,0.0118,0.0127,0.0049,0.0085,0.0142,0.0062,0.006,0.0073,0.0238,0.0035,0.0086,0.0075,0.0043,0.0042,0.0036,0.0057,0.0031,0.0033,0.0015,0.0097,0.0027
Test loss: 0.1275,0.1046,0.0863,0.0727,0.0728,0.0727,0.0805,0.0797,0.085,0.0858,0.0843,0.1032,0.1218,0.0972,0.0927,0.1047,0.1133,0.1006,0.1131,0.1129,0.1161,0.1092,0.1182,0.1362,0.1109,0.1192,0.1131,0.1477,0.1151,0.1391,0.159,0.1523,0.1283,0.1295,0.1489,0.1361,0.1241,0.1311,0.1607,0.1378
Train accuracy: 96.4,97.1,97.9,98.5,98.8,99.0,99.1,99.3,99.3,99.4,99.5,99.3,98.8,99.5,99.7,99.6,99.6,99.7,99.6,99.6,99.6,99.8,99.7,99.5,99.8,99.8,99.8,99.3,99.9,99.8,99.8,99.9,99.9,99.9,99.8,99.9,99.9,99.9,99.7,99.9
Test accuracy: 96.1,96.8,97.5,97.9,98.0,98.0,98.0,98.0,98.0,98.1,98.2,97.9,97.8,98.0,98.4,98.2,98.2,98.3,98.1,98.1,98.2,98.5,98.3,98.0,98.3,98.5,98.3,97.7,98.4,98.2,97.9,98.2,98.4,98.4,98.2,98.4,98.4,98.4,98.0,98.4
Rank: 10,10,10,10,10,10,10,10,10,10,10,10,10,10,10,10,10,10,10,10,10,10,10,10,10,10,10,10,10,10,10,10,10,10,10,10,10,10,10,10
Seed 4/10
Train loss: 0.09,0.0615,0.0646,0.0484,0.0347,0.0273,0.0243,0.019,0.028,0.0247,0.0155,0.0206,0.0217,0.0094,0.007,0.0099,0.0089,0.0093,0.0097,0.0105,0.005,0.0057,0.0066,0.0048,0.0081,0.0055,0.0158,0.0021,0.0202,0.005,0.0038,0.0068,0.0032,0.0075,0.0017,0.0017,0.0069,0.0063,0.0046,0.0031
Test loss: 0.0864,0.0692,0.0796,0.076,0.0718,0.0684,0.0798,0.0725,0.0848,0.0893,0.0843,0.1097,0.1153,0.0826,0.0874,0.0944,0.0951,0.0926,0.0969,0.1096,0.0865,0.0949,0.1067,0.105,0.1105,0.1112,0.1277,0.097,0.1303,0.1078,0.1087,0.1292,0.1194,0.1124,0.0882,0.1037,0.1109,0.1135,0.13,0.1115
Train accuracy: 97.3,98.1,97.9,98.4,98.9,99.1,99.2,99.4,99.1,99.2,99.5,99.3,99.3,99.7,99.8,99.7,99.7,99.7,99.7,99.7,99.8,99.8,99.8,99.8,99.7,99.8,99.6,99.9,99.5,99.8,99.9,99.8,99.9,99.8,99.9,99.9,99.8,99.8,99.9,99.9
Test accuracy: 97.4,97.9,97.6,97.9,98.2,98.2,98.1,98.4,98.1,98.2,98.3,98.0,98.0,98.4,98.5,98.4,98.5,98.4,98.4,98.2,98.5,98.3,98.3,98.5,98.5,98.5,98.3,98.5,98.1,98.5,98.4,98.3,98.5,98.4,98.7,98.6,98.4,98.4,98.4,98.7
Rank: 10,10,10,10,10,10,10,10,10,10,10,10,10,10,10,10,10,10,10,10,10,10,10,10,10,10,10,10,10,10,10,10,10,10,10,10,10,10,10,10
Seed 5/10
Train loss: 0.0924,0.0678,0.0502,0.0397,0.0328,0.0321,0.0262,0.0231,0.0149,0.0198,0.0133,0.0215,0.0134,0.0118,0.0118,0.0262,0.0093,0.0301,0.0067,0.054,0.0098,0.0079,0.0038,0.0053,0.0026,0.0042,0.0105,0.0033,0.0064,0.0075,0.0068,0.004,0.0039,0.0026,0.0129,0.004,0.003,0.0081,0.0012,0.0058
Test loss: 0.0913,0.0767,0.0665,0.0644,0.0681,0.0713,0.0729,0.0764,0.0724,0.0858,0.0827,0.0871,0.0865,0.0896,0.0928,0.116,0.1085,0.1354,0.0911,0.1476,0.1045,0.0886,0.0978,0.102,0.096,0.1082,0.1112,0.1035,0.1048,0.1179,0.1119,0.1252,0.1166,0.1235,0.1244,0.1299,0.1253,0.141,0.1235,0.1354
Train accuracy: 97.2,97.9,98.4,98.7,99.0,98.9,99.2,99.2,99.5,99.4,99.6,99.3,99.6,99.6,99.6,99.2,99.7,99.1,99.8,98.8,99.7,99.8,99.9,99.8,99.9,99.9,99.7,99.9,99.8,99.8,99.8,99.9,99.9,99.9,99.6,99.9,99.9,99.8,100.0,99.8
Test accuracy: 97.2,97.6,97.9,97.9,98.0,98.0,98.1,98.0,98.3,98.2,98.2,98.2,98.3,98.5,98.3,98.0,98.3,97.8,98.3,97.7,98.4,98.5,98.5,98.5,98.7,98.6,98.5,98.6,98.5,98.3,98.5,98.4,98.6,98.4,98.4,98.4,98.5,98.4,98.5,98.5
Rank: 10,10,10,10,10,10,10,10,10,10,10,10,10,10,10,10,10,10,10,10,10,10,10,10,10,10,10,10,10,10,10,10,10,10,10,10,10,10,10,10
Seed 6/10
Train loss: 0.1157,0.0699,0.0506,0.0458,0.0433,0.0284,0.0313,0.0249,0.0274,0.0163,0.012,0.0159,0.015,0.0151,0.0103,0.0067,0.0122,0.0054,0.0072,0.0144,0.0041,0.0086,0.0037,0.0065,0.0032,0.0052,0.0157,0.0028,0.003,0.0057,0.0052,0.0018,0.0043,0.0037,0.0015,0.012,0.0021,0.0019,0.0041,0.0046
Test loss: 0.1084,0.0779,0.0661,0.0636,0.0712,0.0625,0.0723,0.0725,0.0892,0.0729,0.0685,0.0767,0.0886,0.0899,0.0819,0.0771,0.0909,0.0805,0.0928,0.1104,0.0878,0.1035,0.0946,0.0907,0.0903,0.1003,0.1194,0.0942,0.0924,0.1045,0.1077,0.0978,0.1099,0.1147,0.0993,0.1247,0.1086,0.113,0.1228,0.1307
Train accuracy: 96.6,97.9,98.5,98.5,98.6,99.1,99.0,99.2,99.1,99.5,99.6,99.4,99.5,99.5,99.7,99.8,99.6,99.8,99.8,99.6,99.9,99.7,99.9,99.8,99.9,99.8,99.6,99.9,99.9,99.8,99.8,99.9,99.9,99.9,99.9,99.7,99.9,99.9,99.9,99.8
Test accuracy: 96.7,97.6,97.9,98.0,97.8,98.3,98.0,98.2,98.0,98.3,98.4,98.3,98.1,98.3,98.5,98.6,98.3,98.6,98.5,98.4,98.6,98.5,98.6,98.5,98.7,98.5,98.2,98.6,98.6,98.4,98.5,98.6,98.6,98.6,98.7,98.3,98.7,98.6,98.6,98.6
Rank: 10,10,10,10,10,10,10,10,10,10,10,10,10,10,10,10,10,10,10,10,10,10,10,10,10,10,10,10,10,10,10,10,10,10,10,10,10,10,10,10
Seed 7/10
Train loss: 0.0829,0.0555,0.0396,0.0285,0.0347,0.0179,0.0176,0.0212,0.0084,0.0217,0.0147,0.0083,0.0071,0.0122,0.0099,0.0083,0.007,0.0187,0.0046,0.0063,0.0056,0.0023,0.0043,0.0029,0.0038,0.0019,0.0015,0.0028,0.0022,0.0026,0.0016,0.0072,0.0027,0.0029,0.0015,0.0051,0.0011,0.0053,0.0134,0.0001
Test loss: 0.0803,0.0649,0.0562,0.0558,0.067,0.0559,0.0638,0.0731,0.0559,0.0701,0.0762,0.0664,0.0635,0.0845,0.0729,0.0805,0.079,0.1017,0.0722,0.0819,0.0912,0.078,0.095,0.0759,0.0836,0.0848,0.0918,0.0975,0.0915,0.0939,0.0863,0.0991,0.0918,0.0981,0.0942,0.1145,0.1071,0.1168,0.123,0.096
Train accuracy: 97.4,98.2,98.8,99.1,98.8,99.4,99.4,99.3,99.7,99.2,99.5,99.7,99.8,99.6,99.7,99.7,99.8,99.5,99.8,99.8,99.8,99.9,99.9,99.9,99.9,99.9,99.9,99.9,99.9,99.9,100.0,99.8,99.9,99.9,99.9,99.8,100.0,99.8,99.7,100.0
Test accuracy: 97.4,97.9,98.2,98.3,98.1,98.5,98.4,98.3,98.7,98.5,98.4,98.6,98.7,98.4,98.6,98.5,98.7,98.3,98.7,98.6,98.5,98.7,98.6,98.8,98.7,98.7,98.7,98.7,98.7,98.7,98.9,98.6,98.7,98.7,98.8,98.6,98.8,98.7,98.5,98.8
Rank: 10,10,10,10,10,10,10,10,10,10,10,10,10,10,10,10,10,10,10,10,10,10,10,10,10,10,10,10,10,10,10,10,10,10,10,10,10,10,10,10
Seed 8/10
Train loss: 0.0676,0.0417,0.0315,0.0216,0.024,0.0214,0.0212,0.0155,0.0174,0.013,0.0113,0.0077,0.009,0.0132,0.0057,0.005,0.0066,0.0068,0.0088,0.0025,0.0059,0.0038,0.0067,0.0066,0.0042,0.0084,0.0055,0.0018,0.002,0.0018,0.0017,0.003,0.0039,0.0017,0.0025,0.0016,0.0034,0.0018,0.0014,0.0017
Test loss: 0.0728,0.0535,0.0551,0.053,0.0593,0.0596,0.0684,0.0648,0.0624,0.0675,0.0705,0.0652,0.0719,0.0727,0.0686,0.0776,0.0624,0.0822,0.0733,0.0703,0.0916,0.0835,0.084,0.0861,0.0874,0.0924,0.0918,0.0911,0.0924,0.0939,0.0948,0.0904,0.0999,0.0886,0.0927,0.0884,0.1095,0.0971,0.0993,0.0935
Train accuracy: 97.9,98.7,99.0,99.3,99.2,99.3,99.3,99.5,99.4,99.6,99.6,99.7,99.7,99.6,99.8,99.8,99.8,99.8,99.7,99.9,99.8,99.9,99.8,99.8,99.8,99.8,99.8,99.9,99.9,99.9,99.9,99.9,99.9,99.9,99.9,100.0,99.9,99.9,100.0,99.9
Test accuracy: 97.6,98.4,98.3,98.6,98.5,98.5,98.4,98.4,98.5,98.6,98.5,98.7,98.6,98.7,98.7,98.7,98.7,98.6,98.6,98.8,98.6,98.5,98.7,98.5,98.6,98.6,98.7,98.7,98.8,98.6,98.8,98.8,98.7,98.9,98.8,98.8,98.7,98.6,98.7,98.8
Rank: 10,10,10,10,10,10,10,10,10,10,10,10,10,10,10,10,10,10,10,10,10,10,10,10,10,10,10,10,10,10,10,10,10,10,10,10,10,10,10,10
Seed 9/10
Train loss: 0.1528,0.116,0.0539,0.0373,0.027,0.0253,0.0229,0.017,0.0179,0.0129,0.0154,0.012,0.0167,0.0109,0.0109,0.0066,0.0066,0.0072,0.0138,0.0061,0.0051,0.0107,0.0046,0.0054,0.0047,0.0069,0.0042,0.0038,0.0013,0.0083,0.0022,0.0039,0.004,0.0055,0.0105,0.0028,0.0027,0.0079,0.003,0.0079
Test loss: 0.1553,0.134,0.0784,0.0678,0.0644,0.0716,0.0755,0.0717,0.0809,0.0789,0.0851,0.0883,0.1011,0.0866,0.1035,0.0959,0.1015,0.1095,0.1182,0.0987,0.1007,0.1118,0.1104,0.1132,0.1153,0.1152,0.1319,0.1183,0.1088,0.1282,0.1261,0.1304,0.1345,0.1428,0.1514,0.1225,0.132,0.1521,0.1468,0.1486
Train accuracy: 95.5,96.5,98.3,98.8,99.2,99.2,99.2,99.5,99.4,99.6,99.4,99.6,99.4,99.6,99.6,99.8,99.8,99.8,99.6,99.8,99.8,99.7,99.9,99.8,99.9,99.8,99.8,99.9,100.0,99.7,99.9,99.9,99.9,99.8,99.7,99.9,99.9,99.8,99.9,99.8
Test accuracy: 95.4,95.8,97.7,98.0,98.1,98.0,98.2,98.3,98.2,98.3,98.3,98.4,98.2,98.3,98.2,98.3,98.3,98.3,98.2,98.5,98.5,98.3,98.4,98.4,98.3,98.4,98.2,98.5,98.6,98.2,98.5,98.3,98.4,98.2,98.2,98.4,98.5,98.4,98.5,98.3
Rank: 10,10,10,10,10,10,10,10,10,10,10,10,10,10,10,10,10,10,10,10,10,10,10,10,10,10,10,10,10,10,10,10,10,10,10,10,10,10,10,10
Seed 10/10
Train loss: 0.1307,0.0917,0.0696,0.0575,0.0476,0.0447,0.0338,0.0363,0.0364,0.0347,0.0341,0.0223,0.0203,0.02,0.0162,0.0205,0.0186,0.0161,0.018,0.0114,0.0192,0.0081,0.0093,0.0083,0.0062,0.0062,0.0104,0.0067,0.0026,0.0092,0.0033,0.0081,0.0033,0.004,0.0071,0.0126,0.0012,0.0032,0.0088,0.0139
Test loss: 0.1352,0.1061,0.0923,0.0911,0.0897,0.0933,0.089,0.1083,0.1132,0.1222,0.1317,0.1107,0.1089,0.1184,0.1235,0.1261,0.1284,0.1359,0.136,0.125,0.1454,0.1211,0.1123,0.1258,0.123,0.1301,0.1316,0.1423,0.1369,0.1601,0.1274,0.1477,0.1344,0.1382,0.1495,0.1859,0.1216,0.15,0.1572,0.1843
Train accuracy: 96.3,97.4,97.9,98.2,98.5,98.6,98.9,98.8,98.8,98.9,98.9,99.2,99.3,99.3,99.4,99.4,99.4,99.5,99.4,99.6,99.5,99.7,99.7,99.7,99.8,99.8,99.7,99.8,99.9,99.7,99.9,99.8,99.9,99.9,99.8,99.7,100.0,99.9,99.7,99.6
Test accuracy: 96.0,96.9,97.3,97.4,97.5,97.5,97.8,97.4,97.5,97.5,97.4,97.7,97.8,97.6,97.8,97.6,97.7,97.9,97.7,97.8,97.6,98.0,98.0,98.0,98.2,98.0,97.9,97.9,98.1,97.9,98.2,98.0,98.2,98.1,98.0,98.2,98.3,98.2,98.1,97.7
Rank: 10,10,10,10,10,10,10,10,10,10,10,10,10,10,10,10,10,10,10,10,10,10,10,10,10,10,10,10,10,10,10,10,10,10,10,10,10,10,10,10
