Seed 1/10
Train loss: 1.6867,1.5405,1.4389,1.3827,1.2746,1.202,1.1466,1.1116,1.0749,1.0387,1.0261,1.0016,0.9836,0.9937,0.9747,0.949,0.9472,0.9367,0.9243,0.9229,0.9185,0.9053,0.9069,0.9071,0.8928,0.8917,0.8865,0.876,0.8887,0.8708,0.8745,0.8754,0.8595,0.877,0.8716,0.8617,0.8511,0.8339,0.8387,0.8505
Test loss: 1.6858,1.5482,1.45,1.4017,1.2925,1.2182,1.1759,1.1495,1.1179,1.0928,1.0831,1.0664,1.0519,1.0738,1.0608,1.0362,1.0441,1.0307,1.0277,1.0277,1.0386,1.0213,1.0182,1.0252,1.0208,1.0222,1.0324,1.0133,1.0316,1.0208,1.0235,1.0337,1.0251,1.0427,1.0373,1.0315,1.019,1.0134,1.0244,1.0298
Train accuracy: 24.6,30.6,34.8,40.8,42.9,48.4,48.5,51.5,53.9,56.0,56.7,57.6,58.4,56.6,57.8,59.0,59.0,59.5,59.7,59.6,59.7,60.5,60.4,60.5,60.6,60.3,60.7,61.2,60.1,61.3,60.0,60.5,61.5,60.8,60.7,61.4,61.9,62.9,62.2,60.6
Test accuracy: 24.1,30.7,34.6,41.2,41.6,47.7,47.4,50.7,52.6,54.0,54.5,55.6,55.8,54.0,55.0,55.9,55.5,56.3,56.4,56.3,56.3,57.1,56.5,56.2,56.6,56.1,56.4,56.9,56.3,56.7,55.8,56.2,56.7,55.9,56.2,56.7,57.3,57.7,57.0,55.6
Rank: 8,8,8,8,8,8,8,8,9,8,8,9,8,9,9,9,9,9,9,9,9,9,9,9,9,9,10,10,10,10,9,10,9,10,10,10,10,10,10,9
Seed 2/10
Train loss: 1.0313,0.6459,0.4948,0.436,0.4059,0.3655,0.3473,0.3354,0.318,0.2544,0.2283,0.2138,0.2017,0.207,0.1723,0.1745,0.1738,0.1734,0.1537,0.1474,0.154,0.1496,0.138,0.138,0.1359,0.1235,0.1434,0.1298,0.1198,0.1251,0.1202,0.108,0.1138,0.1082,0.1131,0.1015,0.1128,0.1031,0.1014,0.0973
Test loss: 1.0537,0.6715,0.5282,0.4805,0.4461,0.4248,0.409,0.3982,0.3898,0.3236,0.304,0.2927,0.287,0.3046,0.2723,0.2778,0.29,0.3069,0.2842,0.2759,0.2761,0.2829,0.2848,0.3048,0.3002,0.2781,0.2976,0.2951,0.2788,0.2925,0.3025,0.2837,0.3001,0.2978,0.3181,0.296,0.3088,0.3078,0.3163,0.3049
Train accuracy: 64.5,78.3,81.9,82.3,83.0,84.5,84.8,85.3,85.6,92.9,93.6,93.9,94.3,93.8,95.0,94.9,94.9,94.7,95.3,95.6,95.4,95.4,95.9,95.9,95.9,96.4,95.6,95.9,96.5,96.2,96.4,96.8,96.6,96.8,96.5,97.0,96.6,96.9,97.0,97.2
Test accuracy: 64.6,78.0,81.4,81.3,82.2,83.1,83.5,83.9,83.8,91.0,91.6,92.2,92.1,91.7,92.5,92.3,91.9,91.7,92.5,92.5,92.8,92.5,92.5,92.8,93.0,93.1,92.7,92.2,92.8,92.7,92.2,92.7,92.5,92.8,92.1,92.8,92.2,92.5,92.5,93.0
Rank: 10,10,10,10,10,10,10,10,10,10,10,10,10,10,10,10,10,10,10,10,10,10,10,10,10,10,10,10,10,10,10,10,10,10,10,10,10,10,10,10
Seed 3/10
Train loss: 1.2601,1.0538,0.9487,0.9149,0.7016,0.5492,0.4202,0.316,0.2856,0.2623,0.2219,0.2034,0.1915,0.1847,0.1723,0.1708,0.1564,0.1604,0.1726,0.1449,0.1443,0.1463,0.1378,0.1154,0.1118,0.1122,0.1076,0.1066,0.1023,0.1021,0.1014,0.0983,0.1057,0.0999,0.0955,0.0928,0.0873,0.0854,0.1062,0.0996
Test loss: 1.2694,1.0654,0.97,0.9324,0.7199,0.5844,0.4657,0.3644,0.3513,0.3425,0.3119,0.3099,0.2996,0.3055,0.2937,0.3065,0.2983,0.3038,0.3302,0.3146,0.3194,0.3364,0.3143,0.3007,0.3056,0.3106,0.3218,0.3066,0.3234,0.3224,0.3368,0.3348,0.3384,0.3422,0.3464,0.3412,0.3433,0.3544,0.3739,0.3721
Train accuracy: 50.7,55.2,56.3,57.3,70.2,79.3,85.4,91.9,92.5,93.0,94.2,94.7,95.1,95.2,95.5,95.4,95.8,95.5,95.4,96.4,96.0,95.9,96.1,97.0,97.1,97.1,97.2,97.2,97.3,97.2,97.3,97.4,97.2,97.3,97.5,97.5,97.8,97.8,97.0,97.2
Test accuracy: 51.0,54.7,55.7,57.0,70.5,78.5,84.2,90.6,90.8,91.2,91.7,91.8,92.1,92.1,92.3,92.2,92.2,92.2,91.6,92.3,91.9,91.8,92.0,92.8,92.6,92.5,92.3,92.6,92.2,92.2,92.3,92.3,92.3,92.1,92.2,91.9,92.4,92.4,91.6,91.7
Rank: 10,10,10,10,10,10,10,10,10,10,10,10,10,10,10,10,10,10,10,10,10,10,10,10,10,10,10,10,10,10,10,10,10,10,10,10,10,10,10,10
Seed 4/10
Train loss: 1.7587,1.5962,1.5014,1.4518,1.3574,1.2834,1.245,1.211,1.1915,1.1827,1.1571,1.1624,1.1361,1.1305,1.1122,1.1034,1.0886,1.0883,1.0748,1.0735,1.0697,1.068,1.0585,1.0713,1.0506,1.04,1.0699,1.0493,1.0404,1.0423,1.0351,1.0299,1.0326,1.0184,1.0262,1.0172,1.0287,1.0176,1.0197,1.0496
Test loss: 1.7515,1.5913,1.4981,1.4591,1.3722,1.2994,1.2667,1.2393,1.2106,1.2079,1.1941,1.194,1.1745,1.1737,1.1512,1.1484,1.1269,1.1389,1.126,1.1234,1.1235,1.1142,1.1077,1.1308,1.1052,1.102,1.1271,1.1212,1.0914,1.1089,1.0926,1.0904,1.0945,1.0947,1.0915,1.0889,1.0937,1.0908,1.0933,1.1213
Train accuracy: 24.8,26.9,30.8,38.0,43.8,45.0,45.7,47.3,48.6,48.1,50.7,50.6,52.8,53.5,54.2,54.1,54.9,55.0,55.2,55.8,55.5,55.4,55.9,55.1,56.2,56.5,54.4,56.2,56.9,56.1,56.0,56.9,55.9,57.0,57.1,56.4,57.1,56.8,57.1,56.0
Test accuracy: 24.6,26.2,30.7,37.5,43.1,44.9,45.1,46.5,48.0,47.7,49.8,49.5,52.0,52.5,53.3,52.9,54.0,53.5,53.6,54.7,54.1,54.3,54.2,53.4,54.9,54.9,53.0,54.3,55.5,54.2,54.7,55.3,54.5,55.0,55.5,54.8,55.4,55.1,55.4,54.2
Rank: 7,8,8,8,8,8,8,8,8,8,8,8,8,8,8,8,8,8,8,8,8,8,8,8,8,8,8,8,8,8,8,9,8,8,9,9,9,9,8,9
Seed 5/10
Train loss: 1.6735,1.5,1.3865,1.311,1.2574,1.2183,1.1795,1.1682,1.1429,1.1227,1.1191,1.121,1.1123,1.0819,1.0866,1.0534,1.0539,1.0371,1.0232,1.0519,1.0299,1.0106,1.0185,1.0047,1.0032,0.9877,1.0102,0.9875,0.9891,0.9875,0.9873,0.9786,0.9932,0.9725,0.9699,0.9765,0.9672,0.98,0.9711,0.9894
Test loss: 1.6703,1.4954,1.3894,1.3162,1.2754,1.2395,1.2101,1.1999,1.1725,1.1539,1.1497,1.1544,1.1482,1.1293,1.1343,1.1018,1.116,1.1016,1.0861,1.1104,1.0975,1.0784,1.0848,1.0758,1.0665,1.0616,1.0941,1.0738,1.0651,1.0769,1.0703,1.0706,1.0709,1.0611,1.0644,1.0719,1.057,1.0672,1.0668,1.0939
Train accuracy: 27.1,35.2,38.7,41.4,44.1,46.2,48.7,47.5,48.6,52.6,52.4,51.1,51.8,54.9,54.0,55.2,55.6,55.8,56.3,54.7,55.8,56.8,56.2,57.2,57.4,57.3,56.4,57.3,57.4,57.2,57.5,57.5,57.0,57.6,58.1,57.4,57.8,57.8,57.5,56.8
Test accuracy: 28.2,35.6,38.9,41.4,43.2,45.5,48.5,47.1,47.8,51.9,51.6,50.5,50.4,53.2,52.7,54.3,53.8,53.7,54.7,53.0,53.8,54.9,54.7,55.2,55.3,55.4,53.9,54.7,55.3,55.2,54.9,54.9,54.5,55.5,55.5,54.8,55.5,55.1,55.0,54.3
Rank: 7,8,8,8,8,8,7,8,8,8,8,8,8,8,8,8,9,8,9,9,9,9,9,9,9,8,8,8,8,9,8,9,8,9,8,9,9,9,9,9
Seed 6/10
Train loss: 1.8042,1.6734,1.6215,1.5887,1.4584,1.2606,1.1891,1.1657,1.1108,1.0895,1.0802,1.046,1.0443,1.0129,0.9916,0.9952,0.972,0.957,0.9639,0.937,0.9465,0.929,0.9278,0.9189,0.916,0.9014,0.9101,0.9087,0.92,0.8993,0.881,0.8741,0.8883,0.9087,0.8718,0.8868,0.8741,0.8848,0.8761,0.874
Test loss: 1.7973,1.6784,1.6316,1.6065,1.475,1.2666,1.2058,1.1897,1.1331,1.1151,1.1222,1.0965,1.1042,1.0802,1.0557,1.0489,1.049,1.0302,1.0479,1.0308,1.042,1.0228,1.0316,1.0183,1.0272,1.0125,1.03,1.0244,1.0355,1.0314,1.0201,1.0165,1.0258,1.0534,1.0211,1.0436,1.028,1.0446,1.0384,1.031
Train accuracy: 27.5,32.0,32.0,35.7,43.3,48.5,50.6,49.4,53.6,53.7,54.2,55.9,56.9,58.4,59.1,59.2,60.6,61.3,60.2,61.7,62.2,62.3,62.2,62.5,62.4,63.0,62.3,62.5,61.8,62.7,63.4,63.8,63.2,62.6,63.6,63.6,63.8,63.1,63.3,63.2
Test accuracy: 28.1,32.1,32.0,35.9,43.4,49.0,50.8,49.7,53.7,53.6,54.0,55.4,55.8,57.6,57.9,58.2,59.0,59.7,58.2,59.8,59.9,60.0,59.6,60.0,60.3,60.5,60.0,59.7,59.2,59.7,60.3,60.6,60.0,59.3,60.4,60.2,60.3,59.3,59.3,59.7
Rank: 6,6,6,7,9,8,8,9,9,9,9,9,9,9,9,9,10,9,10,10,10,10,10,10,10,10,10,10,10,10,10,10,10,10,10,10,10,10,10,10
Seed 7/10
Train loss: 2.3041,2.3015,2.3012,2.3012,2.3012,2.3012,2.3012,2.3012,2.3012,2.3012,2.3012,2.3012,2.3012,2.3012,2.3012,2.3012,2.3012,2.3012,2.3012,2.3012,2.3012,2.3012,2.3012,2.3012,2.3012,2.3012,2.3012,2.3012,2.3012,2.3012,2.3012,2.3012,2.3012,2.3012,2.3012,2.3012,2.3012,2.3012,2.3012,2.3012
Test loss: 2.3044,2.3016,2.3011,2.301,2.3011,2.3011,2.3011,2.3011,2.3011,2.301,2.3011,2.3011,2.301,2.3011,2.3011,2.301,2.301,2.301,2.301,2.301,2.3011,2.3011,2.3011,2.3011,2.3011,2.301,2.301,2.301,2.3011,2.301,2.3011,2.301,2.301,2.3011,2.3011,2.301,2.301,2.301,2.301,2.301
Train accuracy: 11.2,11.2,11.2,11.2,11.2,11.2,11.2,11.2,11.2,11.2,11.2,11.2,11.2,11.2,11.2,11.2,11.2,11.2,11.2,11.2,11.2,11.2,11.2,11.2,11.2,11.2,11.2,11.2,11.2,11.2,11.2,11.2,11.2,11.2,11.2,11.2,11.2,11.2,11.2,11.2
Test accuracy: 11.3,11.3,11.3,11.3,11.3,11.3,11.3,11.3,11.3,11.3,11.3,11.3,11.3,11.3,11.3,11.3,11.3,11.3,11.3,11.3,11.3,11.3,11.3,11.3,11.3,11.3,11.3,11.3,11.3,11.3,11.3,11.3,11.3,11.3,11.3,11.3,11.3,11.3,11.3,11.3
Rank: 1,1,1,1,1,1,1,1,1,1,1,1,1,1,1,1,1,1,1,1,1,1,1,1,1,1,1,1,1,1,1,1,1,1,1,1,1,1,1,1
Seed 8/10
Train loss: 1.7136,1.5723,1.4985,1.4808,1.4353,1.4109,1.3795,1.3365,1.3241,1.3062,1.2942,1.2805,1.2518,1.2359,1.229,1.2052,1.2108,1.2004,1.2169,1.2053,1.1833,1.1797,1.1635,1.1639,1.1676,1.1662,1.1562,1.1586,1.1491,1.1369,1.1555,1.1427,1.1335,1.1607,1.1292,1.1403,1.1199,1.1279,1.1305,1.1255
Test loss: 1.7203,1.579,1.5097,1.4934,1.4458,1.421,1.3854,1.3532,1.348,1.3315,1.3135,1.3036,1.2893,1.2706,1.2685,1.2452,1.2492,1.2405,1.258,1.2392,1.2256,1.223,1.2135,1.2186,1.2225,1.2236,1.2126,1.2114,1.2155,1.1999,1.2171,1.2015,1.1892,1.2174,1.195,1.214,1.1996,1.2025,1.2054,1.1968
Train accuracy: 22.9,33.5,34.9,38.0,40.9,45.1,40.6,45.7,42.9,46.8,46.2,47.6,47.4,46.5,47.7,46.6,48.7,47.3,46.5,48.2,47.8,47.3,47.7,48.3,47.8,48.0,48.8,47.3,49.7,48.4,47.5,48.8,50.3,48.0,50.1,51.5,49.0,52.7,49.1,51.9
Test accuracy: 23.0,33.0,34.8,37.6,40.5,44.7,41.2,44.9,42.7,46.0,46.1,47.9,46.9,45.8,47.0,46.1,48.1,46.4,45.7,47.7,47.0,46.5,46.9,47.3,46.6,46.9,47.8,46.1,49.0,47.6,46.4,48.0,49.5,46.9,49.0,50.5,47.9,51.2,47.5,50.8
Rank: 7,8,8,8,8,8,8,8,8,8,8,8,8,9,9,9,9,9,9,8,9,9,8,9,8,9,9,8,9,8,8,8,9,9,9,9,9,9,8,8
Seed 9/10
Train loss: 2.304,2.3013,2.3012,2.3012,2.3012,2.3012,2.3012,2.3012,2.3012,2.3012,2.3012,2.3012,2.3012,2.3012,2.3012,2.3012,2.3012,2.3012,2.3012,2.3012,2.3012,2.3012,2.3012,2.3012,2.3012,2.3012,2.3012,2.3012,2.3012,2.3012,2.3012,2.3012,2.3012,2.3012,2.3012,2.3012,2.3012,2.3012,2.3012,2.3012
Test loss: 2.3043,2.3014,2.301,2.301,2.3011,2.301,2.301,2.3011,2.3011,2.301,2.301,2.301,2.301,2.301,2.301,2.301,2.301,2.301,2.301,2.3011,2.301,2.301,2.3011,2.3011,2.301,2.3011,2.301,2.301,2.3011,2.301,2.301,2.3011,2.301,2.3011,2.301,2.301,2.301,2.301,2.301,2.301
Train accuracy: 9.9,11.2,11.2,11.2,11.2,11.2,11.2,11.2,11.2,11.2,11.2,11.2,11.2,11.2,11.2,11.2,11.2,11.2,11.2,11.2,11.2,11.2,11.2,11.2,11.2,11.2,11.2,11.2,11.2,11.2,11.2,11.2,11.2,11.2,11.2,11.2,11.2,11.2,11.2,11.2
Test accuracy: 9.6,11.3,11.3,11.3,11.3,11.3,11.3,11.3,11.3,11.3,11.3,11.3,11.3,11.3,11.3,11.3,11.3,11.3,11.3,11.3,11.3,11.3,11.3,11.3,11.3,11.3,11.3,11.3,11.3,11.3,11.3,11.3,11.3,11.3,11.3,11.3,11.3,11.3,11.3,11.3
Rank: 1,1,1,1,1,1,1,1,1,1,1,1,1,1,1,1,1,1,1,1,1,1,1,1,1,1,1,1,1,1,1,1,1,1,1,1,1,1,1,1
Seed 10/10
Train loss: 1.3478,0.8612,0.5098,0.3376,0.2468,0.2211,0.2028,0.1691,0.1575,0.141,0.1466,0.1227,0.1201,0.1107,0.1056,0.0942,0.0994,0.0928,0.0931,0.0903,0.086,0.0866,0.0761,0.0743,0.0817,0.0673,0.0699,0.0664,0.0719,0.0719,0.0711,0.064,0.0625,0.0548,0.06,0.0557,0.052,0.0547,0.0527,0.0581
Test loss: 1.3618,0.8751,0.5367,0.3634,0.2848,0.2717,0.2627,0.2321,0.2327,0.2307,0.2426,0.2309,0.2355,0.2305,0.2326,0.2287,0.2381,0.2527,0.2368,0.2516,0.2463,0.2612,0.2498,0.2499,0.2681,0.2659,0.2581,0.2657,0.2774,0.2753,0.2732,0.2744,0.2664,0.2622,0.2753,0.2904,0.2815,0.287,0.2757,0.2997
Train accuracy: 42.5,63.3,82.4,91.8,93.6,94.2,94.3,95.4,95.8,96.1,95.9,96.7,96.7,97.0,97.2,97.5,97.2,97.5,97.5,97.6,97.7,97.7,98.0,98.1,97.8,98.3,98.2,98.3,98.1,98.1,98.2,98.3,98.4,98.7,98.5,98.6,98.7,98.7,98.7,98.5
Test accuracy: 41.5,62.7,81.8,91.5,92.6,93.2,92.7,93.8,94.1,94.2,93.6,94.2,94.0,94.3,94.3,94.5,93.9,93.8,94.2,94.0,94.2,93.8,94.3,94.2,93.8,94.0,94.2,94.1,93.7,93.9,93.8,93.8,94.1,94.1,94.0,93.8,94.1,94.0,94.0,93.3
Rank: 9,10,10,10,10,10,10,10,10,10,10,10,10,10,10,10,10,10,10,10,10,10,10,10,10,10,10,10,10,10,10,10,10,10,10,10,10,10,10,10
