Seed 1/10
Train loss: 1.0847,0.7814,0.6535,0.5661,0.5061,0.464,0.4363,0.4157,0.3903,0.3689,0.3644,0.3496,0.3339,0.3281,0.3101,0.3186,0.2948,0.2899,0.2966,0.2802,0.2701,0.2845,0.263,0.2636,0.2587,0.2527,0.2603,0.2599,0.2447,0.2428,0.2388,0.2374,0.2368,0.2473,0.2384,0.2325,0.242,0.2365,0.228,0.2298
Test loss: 1.0968,0.8958,0.6983,0.6368,0.5617,0.5228,0.5102,0.4815,0.4591,0.4467,0.4301,0.4171,0.4118,0.401,0.385,0.406,0.3738,0.3672,0.3789,0.3754,0.3627,0.3721,0.3615,0.3852,0.3621,0.3923,0.3686,0.4739,0.3589,0.4022,0.41,0.3788,0.3622,0.3923,0.3746,0.6513,0.3707,0.482,0.8674,0.6908
Train accuracy: 60.3,75.0,79.5,81.9,83.1,84.2,84.3,84.6,85.0,85.6,85.2,85.5,85.9,86.0,86.4,86.4,86.8,87.0,86.7,87.1,87.2,86.7,87.5,87.5,87.4,87.6,87.4,87.4,87.7,87.9,88.0,88.0,88.0,87.8,88.1,88.1,87.9,88.2,88.2,88.3
Test accuracy: 61.2,75.0,79.0,81.4,82.3,83.0,83.1,83.2,83.7,83.9,83.9,84.1,84.3,84.5,84.7,85.1,85.1,85.3,85.1,84.9,85.5,85.0,85.3,85.5,85.4,85.5,85.2,85.3,85.5,85.6,85.7,85.7,85.7,85.3,85.5,85.2,85.7,85.7,85.6,85.5
Rank: 10,10,10,10,10,10,10,10,10,10,10,10,10,10,10,10,10,10,10,10,10,10,10,10,10,10,10,10,10,10,10,10,10,10,10,10,10,10,10,10
Seed 2/10
Train loss: 1.5311,1.2454,0.7459,0.6578,0.608,0.5688,0.5468,0.5253,0.5017,0.4844,0.4789,0.4689,0.4647,0.467,0.4558,0.4481,0.4474,0.4464,0.4422,0.4414,0.4344,0.4284,0.4285,0.4315,0.421,0.436,0.4286,0.4253,0.4234,0.4179,0.4253,0.4182,0.4179,0.4244,0.4151,0.4091,0.4165,0.4152,0.4105,0.4145
Test loss: 1.5497,2.0107,0.8412,0.6965,0.6724,0.6776,0.5895,0.5795,0.5709,0.5447,0.5362,0.5288,0.5428,0.5303,0.5386,0.5156,0.5311,0.5372,0.5086,0.5156,0.5228,0.5208,0.5303,0.5159,0.5064,0.5678,0.533,0.5054,0.5201,0.5096,0.5117,0.5085,0.5279,0.5194,0.5471,0.511,0.5446,0.5079,0.5211,0.5164
Train accuracy: 45.2,48.0,71.9,75.3,75.7,76.3,76.3,76.6,77.3,77.6,77.4,77.7,77.6,77.8,77.8,78.1,78.0,78.0,78.3,78.2,78.1,78.4,78.4,78.3,78.5,78.2,78.4,78.4,78.5,78.6,78.4,78.6,78.6,78.5,78.7,78.7,78.6,78.6,78.6,78.7
Test accuracy: 45.9,49.0,72.5,75.2,75.8,75.8,75.9,76.1,76.5,77.0,76.7,76.9,76.9,77.2,76.9,77.2,77.2,77.0,77.3,77.3,77.3,77.5,77.2,77.2,77.4,76.5,77.1,77.5,77.4,77.5,77.4,77.4,77.5,77.2,77.4,77.4,77.4,77.3,77.3,77.5
Rank: 9,9,10,10,10,10,10,10,10,10,10,10,10,10,10,10,10,10,10,10,10,10,10,10,10,10,10,10,10,10,10,10,10,10,10,10,10,10,10,10
Seed 3/10
Train loss: 0.8891,0.6775,0.5313,0.4376,0.3859,0.3458,0.3077,0.2842,0.2469,0.2295,0.2149,0.2026,0.2041,0.1866,0.1858,0.1786,0.1688,0.1693,0.1634,0.157,0.1532,0.1467,0.1566,0.1441,0.1441,0.1352,0.1386,0.1362,0.1334,0.1439,0.1415,0.1354,0.1255,0.1318,0.1242,0.1317,0.1538,0.1206,0.1202,0.1307
Test loss: 0.9241,0.7587,0.5796,0.4776,0.6246,0.3999,0.4093,0.3847,0.3251,0.3294,0.3034,0.2779,0.274,0.2636,0.2935,0.2785,0.2747,0.2702,0.313,0.2441,0.2506,0.2451,0.2546,0.2795,0.3013,0.2536,0.2969,0.2801,0.2646,0.2768,0.2798,0.2603,0.269,0.2716,0.262,0.2674,0.3086,0.2597,0.2594,0.3108
Train accuracy: 68.4,77.7,86.0,89.9,90.9,91.8,92.8,92.8,94.2,94.1,94.6,94.5,94.2,95.0,94.7,94.8,95.3,95.2,95.6,95.5,95.6,95.9,95.6,96.0,96.0,96.2,96.2,96.2,96.3,96.1,96.2,96.3,96.7,96.4,96.6,96.4,95.7,96.8,96.8,96.6
Test accuracy: 68.5,77.5,85.5,89.0,90.5,90.8,91.8,91.6,93.3,92.7,93.2,92.8,92.6,93.3,93.0,93.0,93.4,93.4,93.7,94.0,93.7,94.2,93.8,94.0,93.8,94.2,93.8,93.9,94.1,93.6,93.9,93.7,94.0,93.6,94.1,93.8,93.2,94.2,93.9,94.1
Rank: 10,10,10,10,10,10,10,10,10,10,10,10,10,10,10,10,10,10,10,10,10,10,10,10,10,10,10,10,10,10,10,10,10,10,10,10,10,10,10,10
Seed 4/10
Train loss: 1.2261,0.7985,0.622,0.4656,0.3863,0.3268,0.3025,0.2761,0.267,0.2391,0.2343,0.3055,0.1944,0.1848,0.1816,0.1746,0.1572,0.1576,0.1537,0.1503,0.1352,0.1335,0.131,0.1254,0.1386,0.1202,0.1555,0.1197,0.1256,0.1244,0.1215,0.1146,0.1108,0.1101,0.1297,0.1244,0.1038,0.1104,0.1048,0.1013
Test loss: 1.2423,1.1798,0.7062,0.5521,0.4643,0.389,0.3975,0.3275,0.334,0.7436,0.6131,0.6062,0.2791,0.6655,0.263,0.3105,0.2866,0.4141,0.2538,0.2505,0.248,0.2474,0.2715,0.4164,0.2491,0.247,0.5149,0.2377,0.2665,0.4057,0.2414,0.2613,0.7033,0.4069,0.2793,0.2858,0.2407,0.3821,0.3018,0.2582
Train accuracy: 62.6,83.3,88.3,90.4,91.8,92.7,93.3,93.2,93.5,93.9,94.0,91.2,95.1,95.5,95.2,95.4,95.8,95.7,95.9,96.0,96.3,96.3,96.5,96.6,96.2,96.6,95.9,96.7,96.7,96.8,96.8,96.9,97.1,97.0,96.5,96.5,97.1,97.1,97.1,97.3
Test accuracy: 62.5,82.0,88.7,90.5,91.5,91.8,92.4,92.2,92.5,92.6,92.5,91.1,93.3,94.0,93.6,94.0,94.3,94.2,94.1,94.3,94.6,94.2,94.6,94.3,94.2,94.5,93.4,94.3,94.4,94.6,94.5,94.5,94.2,94.3,94.3,93.9,94.3,94.4,94.5,94.6
Rank: 10,10,10,10,10,10,10,10,10,10,10,10,10,10,10,10,10,10,10,10,10,10,10,10,10,10,10,10,10,10,10,10,10,10,10,10,10,10,10,10
Seed 5/10
Train loss: 1.0961,0.7135,0.5709,0.4685,0.4139,0.3792,0.348,0.3228,0.2989,0.2684,0.2436,0.2261,0.2023,0.1901,0.179,0.1674,0.1596,0.1593,0.1477,0.1452,0.1396,0.1374,0.1394,0.1284,0.1304,0.1296,0.1272,0.1295,0.1229,0.1216,0.1204,0.1296,0.1223,0.1175,0.1149,0.1067,0.1243,0.1095,0.104,0.1027
Test loss: 1.126,0.8368,0.5839,0.5122,0.4905,0.437,0.3941,0.4251,0.3662,0.3328,0.3033,0.3001,0.2991,0.3275,0.4068,0.4401,0.5131,0.5353,0.4801,0.4855,0.4734,0.6098,0.5125,0.6879,0.8545,0.6492,0.575,0.6064,0.7335,0.6366,0.8742,0.8205,1.0009,0.5169,0.5721,0.5709,0.8331,0.6041,0.8401,0.7798
Train accuracy: 55.1,78.0,83.4,84.9,85.6,85.6,86.5,87.6,91.1,93.6,94.4,94.8,95.1,95.4,95.5,95.7,95.8,95.8,96.1,96.1,96.4,96.3,96.1,96.6,96.5,96.5,96.5,96.5,96.7,96.8,96.9,96.7,96.8,97.0,97.0,97.2,96.7,97.1,97.3,97.2
Test accuracy: 55.0,78.3,82.8,84.2,85.0,84.6,85.4,86.6,89.9,92.4,93.2,93.2,93.5,93.8,93.7,93.8,93.8,94.2,93.9,94.1,94.1,93.7,93.6,94.5,93.8,94.3,94.3,94.3,94.2,94.1,94.0,94.1,93.9,93.9,94.3,94.4,93.7,94.4,94.3,93.9
Rank: 10,10,10,10,10,10,10,10,10,10,10,10,10,10,10,10,10,10,10,10,10,10,10,10,10,10,10,10,10,10,10,10,10,10,10,10,10,10,10,10
Seed 6/10
Train loss: 1.7844,1.5428,0.9221,0.7867,0.7191,0.6722,0.6311,0.607,0.5848,0.5657,0.5517,0.5535,0.4825,0.457,0.4498,0.4348,0.4227,0.4171,0.4029,0.3974,0.3866,0.3868,0.3731,0.3742,0.3976,0.368,0.3684,0.3718,0.3831,0.3523,0.3714,0.3549,0.3485,0.3422,0.3418,0.3431,0.3377,0.348,0.3364,0.3358
Test loss: 1.8024,1.553,0.9418,0.81,0.7504,0.7133,0.6855,0.6624,0.6486,0.637,0.6295,0.6295,0.5629,0.5281,0.537,0.5219,0.5223,0.51,0.4956,0.4903,0.4883,0.4946,0.4846,0.4849,0.5144,0.4813,0.4855,0.4905,0.5243,0.4886,0.4845,0.4774,0.4781,0.4817,0.4762,0.4806,0.4771,0.4863,0.4767,0.4738
Train accuracy: 31.5,56.4,65.6,67.7,70.9,73.9,75.2,75.8,75.5,77.5,77.1,78.4,83.7,84.6,84.2,84.8,85.4,84.8,85.3,85.2,85.7,85.7,86.0,85.9,85.2,86.3,85.8,85.3,85.4,86.3,85.0,86.3,86.3,86.7,86.3,86.4,86.6,85.9,86.7,86.6
Test accuracy: 32.1,57.1,65.8,67.0,69.8,73.0,73.7,74.3,73.6,76.0,75.0,76.5,81.0,82.2,81.4,82.1,82.6,82.2,82.4,82.3,82.7,82.8,82.7,82.7,82.3,83.0,82.8,82.3,82.2,82.8,82.0,82.8,82.9,83.0,82.6,83.0,83.1,82.2,83.0,83.1
Rank: 8,9,10,10,10,10,10,10,10,10,10,10,10,10,10,10,10,10,10,10,10,10,10,10,10,10,10,10,10,10,10,10,10,10,10,10,10,10,10,10
Seed 7/10
Train loss: 1.323,0.8493,0.7036,0.5745,0.4896,0.4635,0.4287,0.3919,0.3803,0.3693,0.355,0.3551,0.3318,0.3004,0.2835,0.268,0.2454,0.2227,0.2073,0.1958,0.1862,0.167,0.1715,0.1654,0.1551,0.1459,0.1435,0.1405,0.1351,0.1354,0.1292,0.1759,0.1339,0.1272,0.1203,0.1235,0.1179,0.1226,0.1177,0.1161
Test loss: 1.3291,1.1605,0.7859,0.6151,0.6697,0.5745,0.8271,0.5899,0.5409,0.4931,0.4837,0.4559,0.4951,0.4641,0.4349,0.3927,0.4135,0.8733,0.4234,0.3564,0.4385,0.347,0.402,0.4623,0.909,0.4221,0.6117,0.4767,0.3189,0.307,0.3333,0.386,0.4334,0.5153,0.4177,0.4631,0.3723,0.4658,0.4959,0.3558
Train accuracy: 58.5,71.1,76.8,80.6,83.3,83.8,84.3,85.9,85.9,86.2,87.3,86.9,89.6,91.5,92.2,93.2,93.9,94.4,94.8,95.0,95.1,95.6,95.4,95.5,95.9,96.1,96.1,96.1,96.3,96.3,96.5,95.0,96.3,96.4,96.8,96.6,96.7,96.6,96.6,96.8
Test accuracy: 58.2,69.9,75.7,79.6,82.0,82.3,82.4,83.4,83.4,83.5,84.8,84.2,86.7,88.4,89.7,90.6,91.4,91.9,92.2,92.3,92.5,92.7,92.5,92.4,92.8,92.9,93.0,92.6,92.7,92.8,93.2,92.4,92.6,93.0,93.1,92.9,93.2,92.8,92.5,93.0
Rank: 10,10,10,10,10,10,10,10,10,10,10,10,10,10,10,10,10,10,10,10,10,10,10,10,10,10,10,10,10,10,10,10,10,10,10,10,10,10,10,10
Seed 8/10
Train loss: 1.1434,0.8987,0.7362,0.6772,0.6321,0.5907,0.5603,0.5588,0.5235,0.5133,0.5031,0.4932,0.4929,0.4841,0.4749,0.4705,0.4662,0.4634,0.4502,0.3637,0.3434,0.313,0.3006,0.2941,0.2897,0.2923,0.2815,0.2769,0.2787,0.2735,0.2692,0.2639,0.2647,0.2638,0.2588,0.2577,0.2595,0.2644,0.2573,0.2555
Test loss: 1.191,0.9604,0.7591,0.7137,0.6753,0.6384,0.622,0.6158,0.5882,0.5765,0.585,0.5608,0.565,0.5589,0.586,0.5781,0.5601,0.5479,0.5351,0.47,0.4535,0.4273,0.465,0.4681,0.4058,0.4192,0.4331,0.4446,0.4561,0.4785,0.5023,0.5357,0.4253,0.6984,0.4899,0.4712,0.7958,0.538,0.5031,0.7024
Train accuracy: 55.8,64.4,72.2,73.1,74.1,75.0,75.6,75.0,76.0,76.2,76.5,76.7,76.6,76.6,77.0,77.5,77.6,78.1,83.0,85.3,85.5,85.9,86.3,86.4,86.3,86.3,86.5,86.7,86.6,86.8,86.9,87.0,87.0,87.0,87.0,87.1,87.1,87.0,87.2,87.2
Test accuracy: 55.9,64.3,72.0,72.2,72.7,73.5,74.0,73.4,74.4,74.4,74.5,74.7,74.5,74.5,75.0,75.4,75.0,76.0,80.6,82.8,83.0,83.4,83.3,83.6,83.5,83.6,83.7,84.0,84.0,84.1,83.9,83.7,84.0,83.8,84.2,84.2,84.0,84.1,84.0,83.9
Rank: 9,10,10,10,10,10,10,10,10,10,10,10,10,10,10,10,10,10,10,10,10,10,10,10,10,10,10,10,10,10,10,10,10,10,10,10,10,10,10,10
Seed 9/10
Train loss: 1.1261,0.7782,0.5356,0.4501,0.4013,0.3722,0.3481,0.3289,0.3222,0.3132,0.3051,0.291,0.2689,0.2492,0.1956,0.1958,0.168,0.16,0.1531,0.1488,0.1391,0.1374,0.1475,0.1271,0.1246,0.1342,0.124,0.1352,0.1176,0.1303,0.1274,0.1316,0.1194,0.1167,0.1314,0.1183,0.1131,0.1063,0.1123,0.1127
Test loss: 1.1479,0.8075,0.6239,0.5611,0.4309,0.4232,0.3955,0.6089,0.5425,0.4198,0.3747,0.4423,0.3403,0.3495,0.2876,0.2901,0.2775,0.2527,0.2387,0.2444,0.2281,0.2418,0.2658,0.2514,0.2263,0.2693,0.2309,0.2412,0.2196,0.2551,0.2371,0.2369,0.2709,0.2466,0.288,0.2536,0.3021,0.2234,0.3047,0.4271
Train accuracy: 55.2,75.9,83.3,84.3,85.0,85.7,85.8,86.1,86.3,87.3,86.9,88.3,93.2,94.1,95.6,95.2,95.8,96.1,96.0,96.4,96.4,96.4,96.1,96.6,96.6,96.6,96.6,96.2,96.7,96.4,96.5,96.4,96.9,97.0,96.6,96.8,97.0,97.1,97.0,96.9
Test accuracy: 54.5,76.2,83.0,83.9,84.6,85.0,84.8,85.0,85.1,86.1,85.8,86.8,91.7,92.4,93.6,93.7,93.8,94.2,93.6,94.1,94.1,94.2,94.1,94.2,94.3,94.2,94.3,93.8,94.4,94.5,94.3,94.0,94.5,94.2,94.2,94.2,94.6,94.3,94.6,94.2
Rank: 10,10,10,10,10,10,10,10,10,10,10,10,10,10,10,10,10,10,10,10,10,10,10,10,10,10,10,10,10,10,10,10,10,10,10,10,10,10,10,10
Seed 10/10
Train loss: 1.7914,1.6221,1.5375,1.4489,1.1509,0.7981,0.6204,0.5421,0.4861,0.4537,0.4096,0.3951,0.3693,0.3348,0.2885,0.2686,0.2548,0.2393,0.23,0.2242,0.2182,0.2222,0.2259,0.2087,0.2254,0.1955,0.1964,0.194,0.1853,0.1857,0.1847,0.1814,0.1911,0.1853,0.1922,0.1819,0.1739,0.1639,0.166,0.1633
Test loss: 1.7904,1.6238,1.5612,1.4825,1.1681,0.8222,0.6765,0.6367,0.5677,0.5413,0.5045,0.4853,0.4728,0.4251,0.4027,0.3964,0.3795,0.4487,0.3722,0.3973,0.383,0.5284,0.4238,0.3585,0.3781,0.4901,0.3786,0.4141,0.4086,0.5247,0.455,0.6089,0.4609,0.3838,0.4546,0.4142,0.4033,0.4027,0.3848,0.3787
Train accuracy: 23.5,34.2,37.6,41.8,58.3,71.6,81.8,82.6,84.0,84.7,85.7,86.0,86.8,91.6,93.8,94.2,94.4,94.8,94.8,95.2,95.2,94.8,95.0,95.3,94.7,95.8,95.8,95.7,96.0,96.1,96.0,96.1,95.5,95.8,95.6,95.8,96.0,96.6,96.5,96.6
Test accuracy: 23.5,35.4,38.6,42.1,58.4,71.7,80.9,81.3,82.3,82.9,83.6,83.9,84.7,89.5,91.2,91.8,91.6,91.8,91.8,92.3,92.0,91.8,92.1,91.7,91.0,92.3,92.2,91.7,92.3,92.2,92.1,92.0,91.2,91.9,91.9,92.0,91.7,92.2,91.8,92.0
Rank: 6,7,7,7,10,10,10,10,10,10,10,10,10,10,10,10,10,10,10,10,10,10,10,10,10,10,10,10,10,10,10,10,10,10,10,10,10,10,10,10
