Seed 1/10
Train loss: 0.9655,0.7152,0.3523,0.1637,0.1308,0.1056,0.105,0.088,0.077,0.0623,0.0548,0.0556,0.0418,0.0386,0.0392,0.0414,0.0425,0.034,0.0339,0.0296,0.0273,0.0246,0.0252,0.0197,0.0259,0.0181,0.0212,0.0183,0.0175,0.017,0.0184,0.0198,0.0163,0.0181,0.0197,0.014,0.0153,0.0129,0.0173,0.014
Test loss: 0.9611,0.7173,0.345,0.1771,0.1566,0.1356,0.1493,0.1436,0.1344,0.1256,0.1249,0.1411,0.1266,0.1259,0.1495,0.1416,0.1474,0.1391,0.1456,0.1594,0.1567,0.1424,0.1571,0.1452,0.1753,0.1495,0.1574,0.1679,0.1665,0.1716,0.1647,0.1727,0.1904,0.1827,0.1962,0.1813,0.182,0.1851,0.1807,0.1786
Train accuracy: 64.2,76.1,91.0,95.7,96.6,97.2,96.9,97.3,97.8,98.2,98.4,98.4,98.8,98.9,98.9,98.8,98.7,99.0,99.0,99.1,99.2,99.3,99.2,99.4,99.2,99.5,99.3,99.4,99.5,99.5,99.5,99.4,99.5,99.5,99.5,99.6,99.6,99.6,99.5,99.6
Test accuracy: 64.0,76.6,91.2,95.2,95.8,96.3,95.7,96.1,96.6,96.8,96.9,96.7,97.0,96.8,96.5,96.6,96.7,96.9,96.8,96.6,96.8,96.9,96.6,96.8,96.5,97.0,96.9,96.6,96.9,96.7,96.7,96.4,96.6,96.7,96.7,96.6,96.8,96.5,96.7,96.7
Rank: 10,10,10,10,10,10,10,10,10,10,10,10,10,10,10,10,10,10,10,10,10,10,10,10,10,10,10,10,10,10,10,10,10,10,10,10,10,10,10,10
Seed 2/10
Train loss: 0.4123,0.2952,0.2224,0.182,0.1511,0.125,0.1111,0.0938,0.0915,0.0777,0.0842,0.0703,0.0825,0.0564,0.0482,0.0558,0.0479,0.0452,0.0385,0.0447,0.0302,0.0345,0.0311,0.0325,0.0271,0.0324,0.0313,0.0318,0.0225,0.0257,0.0183,0.0301,0.0173,0.0203,0.0197,0.0252,0.017,0.0222,0.0179,0.0202
Test loss: 0.4133,0.3051,0.2423,0.21,0.1856,0.1633,0.1641,0.1568,0.146,0.1368,0.1562,0.1426,0.1663,0.1457,0.1388,0.1534,0.1564,0.149,0.1426,0.1625,0.1489,0.1514,0.165,0.1652,0.1527,0.1685,0.1842,0.1715,0.1665,0.1867,0.1652,0.1803,0.175,0.1872,0.1814,0.1916,0.1708,0.1888,0.1869,0.188
Train accuracy: 88.1,91.6,93.6,94.9,95.7,96.4,96.8,97.3,97.2,97.7,97.3,97.9,97.4,98.2,98.6,98.3,98.5,98.6,98.9,98.6,99.1,99.0,99.0,99.0,99.2,99.0,99.0,99.0,99.3,99.2,99.5,99.1,99.5,99.4,99.4,99.2,99.5,99.3,99.4,99.4
Test accuracy: 87.6,91.0,92.8,94.0,94.9,95.4,95.3,95.9,95.8,96.2,95.8,96.3,95.7,96.3,96.5,96.1,96.2,96.2,96.3,96.2,96.7,96.3,96.4,96.5,96.6,96.4,96.3,96.2,96.7,96.4,96.8,96.4,96.5,96.4,96.5,96.4,96.5,96.2,96.7,96.4
Rank: 10,10,10,10,10,10,10,10,10,10,10,10,10,10,10,10,10,10,10,10,10,10,10,10,10,10,10,10,10,10,10,10,10,10,10,10,10,10,10,10
Seed 3/10
Train loss: 0.1462,0.0969,0.0637,0.0516,0.0366,0.0304,0.0356,0.0317,0.0215,0.0176,0.0117,0.0123,0.0217,0.0101,0.0119,0.0156,0.0083,0.0065,0.0063,0.0069,0.007,0.0055,0.0049,0.005,0.006,0.0022,0.0085,0.0052,0.0029,0.0046,0.0043,0.0061,0.008,0.0046,0.0066,0.0031,0.0036,0.0023,0.0013,0.0042
Test loss: 0.1515,0.113,0.084,0.0837,0.0789,0.0716,0.0868,0.0821,0.0869,0.0794,0.0741,0.0753,0.0913,0.0817,0.0937,0.09,0.096,0.0847,0.093,0.09,0.0852,0.0966,0.0962,0.0905,0.1063,0.0898,0.1118,0.1031,0.1025,0.1123,0.1172,0.1065,0.1157,0.1241,0.1128,0.1133,0.1259,0.1089,0.1112,0.1309
Train accuracy: 95.8,97.1,98.1,98.4,98.9,99.0,98.9,99.0,99.3,99.5,99.6,99.6,99.3,99.7,99.7,99.5,99.7,99.8,99.8,99.8,99.8,99.8,99.8,99.8,99.8,99.9,99.7,99.8,99.9,99.9,99.9,99.8,99.8,99.8,99.8,99.9,99.9,99.9,100.0,99.9
Test accuracy: 95.7,96.7,97.5,97.5,97.8,98.0,97.6,97.8,97.9,97.9,98.2,98.1,97.8,98.1,98.0,97.9,98.2,98.2,98.1,98.0,98.2,98.1,98.2,98.3,98.1,98.3,97.8,98.1,98.3,98.3,98.1,98.3,98.1,98.2,98.3,98.2,98.1,98.2,98.3,98.2
Rank: 10,10,10,10,10,10,10,10,10,10,10,10,10,10,10,10,10,10,10,10,10,10,10,10,10,10,10,10,10,10,10,10,10,10,10,10,10,10,10,10
Seed 4/10
Train loss: 0.4216,0.2453,0.175,0.1515,0.1196,0.1035,0.0992,0.096,0.0866,0.0716,0.0677,0.0556,0.0759,0.0527,0.0489,0.048,0.0493,0.039,0.0409,0.035,0.0344,0.0258,0.0269,0.0352,0.0281,0.026,0.0263,0.0197,0.048,0.0223,0.0257,0.0208,0.0212,0.0207,0.0174,0.0126,0.012,0.0187,0.0204,0.0158
Test loss: 0.4181,0.2525,0.1929,0.1833,0.158,0.1533,0.1486,0.1625,0.148,0.1296,0.146,0.1355,0.1711,0.1561,0.1496,0.1447,0.1572,0.1488,0.16,0.144,0.1751,0.1637,0.15,0.1837,0.1606,0.1687,0.1701,0.1744,0.2123,0.1691,0.1838,0.1706,0.1846,0.1858,0.1785,0.172,0.1615,0.1703,0.1898,0.1831
Train accuracy: 88.9,93.4,95.2,95.5,96.7,97.1,97.1,97.2,97.5,98.0,98.0,98.4,97.7,98.5,98.5,98.6,98.5,98.8,98.7,99.0,99.0,99.3,99.2,98.9,99.2,99.2,99.2,99.4,98.5,99.4,99.2,99.4,99.4,99.4,99.5,99.7,99.7,99.5,99.4,99.5
Test accuracy: 89.2,92.9,94.7,94.9,95.8,96.0,96.0,95.7,96.0,96.6,96.2,96.4,95.9,96.5,96.5,96.4,96.1,96.8,96.4,96.8,96.6,96.8,96.8,96.5,96.6,96.5,96.7,96.8,95.8,96.6,96.5,96.6,96.6,96.7,96.7,96.9,97.0,96.7,96.6,96.6
Rank: 10,10,10,10,10,10,10,10,10,10,10,10,10,10,10,10,10,10,10,10,10,10,10,10,10,10,10,10,10,10,10,10,10,10,10,10,10,10,10,10
Seed 5/10
Train loss: 1.7981,1.6944,1.5895,1.5178,1.4699,1.4454,1.4112,1.3948,1.3865,1.3708,1.3555,1.3297,1.2656,1.2679,1.2166,1.2251,1.192,1.1818,1.175,1.1594,1.121,1.1034,1.0611,1.0449,1.04,1.0184,1.0157,1.0077,0.9938,0.9845,0.9945,0.9806,0.9765,1.0256,0.9608,0.9644,0.9527,0.9466,0.9684,0.9445
Test loss: 1.7973,1.6941,1.5989,1.5256,1.487,1.4603,1.4341,1.4201,1.4214,1.407,1.3949,1.3636,1.2929,1.2988,1.2659,1.2744,1.2474,1.2461,1.2439,1.2295,1.1861,1.1651,1.1313,1.1279,1.1232,1.1062,1.0965,1.0927,1.1056,1.0992,1.1025,1.0988,1.0836,1.1305,1.0994,1.0874,1.086,1.0828,1.1014,1.0826
Train accuracy: 22.6,26.0,35.0,33.9,38.3,38.0,38.7,38.7,38.8,39.0,39.6,41.9,45.3,44.5,46.6,47.5,46.2,47.0,47.1,48.3,51.4,50.5,52.2,53.7,53.8,54.4,56.2,55.3,55.2,55.5,55.3,55.2,55.4,53.6,55.9,55.4,56.2,56.0,55.5,56.1
Test accuracy: 22.1,26.0,34.4,33.3,37.3,37.1,38.4,37.6,38.3,38.4,39.0,41.0,44.5,43.7,45.5,45.9,44.6,45.2,45.4,46.2,49.6,48.4,50.6,51.3,51.2,51.6,54.1,52.6,51.9,52.3,52.3,52.2,52.3,50.6,52.4,52.1,52.7,52.4,52.2,52.8
Rank: 6,7,7,7,8,8,8,9,9,9,8,9,9,9,8,8,8,9,9,9,9,9,9,9,9,9,9,9,9,9,9,9,9,10,10,10,9,9,10,9
Seed 6/10
Train loss: 0.919,0.2701,0.1584,0.1285,0.1162,0.0823,0.0916,0.0622,0.0608,0.059,0.0478,0.0492,0.0454,0.0368,0.0344,0.0394,0.0314,0.0293,0.0227,0.0253,0.0227,0.0207,0.0235,0.019,0.0175,0.0176,0.0156,0.015,0.0205,0.0135,0.0169,0.0142,0.0141,0.0164,0.0094,0.0156,0.0089,0.0111,0.0147,0.0094
Test loss: 0.9118,0.2729,0.1759,0.1635,0.1436,0.1213,0.1423,0.1177,0.1268,0.117,0.1229,0.1275,0.1291,0.1211,0.1356,0.1349,0.1365,0.1337,0.1363,0.143,0.134,0.1363,0.145,0.1455,0.1598,0.1451,0.1611,0.158,0.1671,0.1528,0.1654,0.165,0.1673,0.1786,0.1541,0.1741,0.1515,0.1783,0.1726,0.154
Train accuracy: 68.8,93.5,95.8,96.5,96.8,97.8,97.5,98.2,98.3,98.3,98.6,98.5,98.7,98.9,99.0,98.8,99.1,99.2,99.4,99.3,99.4,99.4,99.3,99.5,99.5,99.5,99.6,99.6,99.4,99.6,99.5,99.6,99.6,99.5,99.8,99.5,99.8,99.7,99.6,99.8
Test accuracy: 68.9,93.0,95.3,95.7,96.2,96.8,96.3,96.8,96.7,96.9,97.0,96.8,96.9,96.9,96.8,96.7,96.8,96.9,96.9,96.9,96.9,96.9,97.0,97.1,96.9,97.1,96.8,97.0,97.0,97.0,96.8,97.0,97.0,96.9,97.0,96.7,97.3,96.7,96.8,97.0
Rank: 10,10,10,10,10,10,10,10,10,10,10,10,10,10,10,10,10,10,10,10,10,10,10,10,10,10,10,10,10,10,10,10,10,10,10,10,10,10,10,10
Seed 7/10
Train loss: 0.4828,0.2951,0.1874,0.1517,0.1295,0.1037,0.09,0.0813,0.068,0.0728,0.06,0.0487,0.0502,0.0409,0.0451,0.039,0.0353,0.0374,0.0398,0.0301,0.028,0.0372,0.0258,0.0209,0.0241,0.0204,0.0175,0.021,0.0269,0.0207,0.0149,0.0173,0.0202,0.0163,0.0139,0.0192,0.0269,0.015,0.0129,0.0286
Test loss: 0.4826,0.3058,0.2077,0.1791,0.1725,0.1524,0.155,0.1445,0.1525,0.1611,0.1495,0.1508,0.1555,0.1599,0.1694,0.1669,0.1646,0.1714,0.2035,0.1604,0.1728,0.2108,0.1833,0.1877,0.1869,0.189,0.1848,0.1958,0.2113,0.1913,0.218,0.1971,0.2085,0.2036,0.2045,0.2219,0.224,0.2074,0.2315,0.2529
Train accuracy: 89.6,93.0,95.2,96.1,96.4,97.2,97.5,97.7,98.0,97.8,98.2,98.6,98.5,98.8,98.5,98.8,99.0,98.9,98.8,99.2,99.2,98.8,99.2,99.4,99.3,99.4,99.5,99.4,99.1,99.4,99.6,99.5,99.4,99.5,99.6,99.5,99.2,99.6,99.7,99.2
Test accuracy: 89.5,93.1,95.0,95.3,95.2,95.9,96.0,96.2,96.1,96.1,96.2,96.3,96.0,96.2,96.2,96.1,96.3,96.2,95.8,96.3,96.1,96.0,96.2,96.3,96.0,96.5,96.6,96.2,96.2,96.2,96.2,96.5,96.2,96.1,96.3,96.2,96.1,96.3,96.3,95.9
Rank: 10,10,10,10,10,10,10,10,10,10,10,10,10,10,10,10,10,10,10,10,10,10,10,10,10,10,10,10,10,10,10,10,10,10,10,10,10,10,10,10
Seed 8/10
Train loss: 1.1298,0.8855,0.79,0.3713,0.1611,0.1265,0.0966,0.0883,0.0887,0.076,0.0634,0.0552,0.0563,0.0454,0.0478,0.0444,0.0396,0.037,0.0357,0.0382,0.0303,0.0399,0.0281,0.0291,0.0262,0.0272,0.0348,0.0214,0.0412,0.0215,0.0215,0.0191,0.0198,0.0227,0.0285,0.0193,0.0164,0.0181,0.0236,0.017
Test loss: 1.1257,0.8815,0.7989,0.383,0.1969,0.1744,0.1487,0.1465,0.159,0.1518,0.148,0.1433,0.1518,0.1402,0.1572,0.1577,0.1457,0.1571,0.162,0.1607,0.16,0.1746,0.1578,0.1615,0.1716,0.1778,0.1755,0.1558,0.1888,0.1739,0.1803,0.1691,0.1769,0.1712,0.1958,0.1779,0.1755,0.1794,0.1936,0.1957
Train accuracy: 52.5,63.0,69.5,92.5,96.1,96.5,97.4,97.6,97.5,97.7,98.2,98.5,98.4,98.7,98.6,98.7,98.9,99.0,99.0,98.9,99.2,98.8,99.2,99.2,99.3,99.2,99.0,99.5,98.7,99.4,99.4,99.5,99.4,99.4,99.2,99.5,99.6,99.5,99.3,99.5
Test accuracy: 53.0,63.3,69.3,92.6,94.8,95.4,96.0,96.0,95.9,95.7,96.2,96.4,96.0,96.5,96.1,96.0,96.5,96.4,96.3,96.2,96.3,96.2,96.6,96.2,96.4,96.2,96.1,96.5,95.9,96.3,96.5,96.6,96.5,96.6,96.3,96.5,96.6,96.4,96.2,96.7
Rank: 10,10,10,10,10,10,10,10,10,10,10,10,10,10,10,10,10,10,10,10,10,10,10,10,10,10,10,10,10,10,10,10,10,10,10,10,10,10,10,10
Seed 9/10
Train loss: 0.3676,0.2047,0.1518,0.1217,0.1141,0.1036,0.0877,0.0719,0.0765,0.0607,0.0496,0.0436,0.0448,0.0432,0.0521,0.0455,0.0255,0.03,0.0337,0.025,0.0286,0.0256,0.0214,0.0227,0.0162,0.0253,0.0238,0.0172,0.0164,0.0214,0.0349,0.0147,0.0183,0.0165,0.0125,0.0189,0.0183,0.0111,0.0145,0.0103
Test loss: 0.3562,0.2114,0.1662,0.145,0.1496,0.1475,0.1338,0.1212,0.1342,0.1265,0.1216,0.1231,0.1301,0.1261,0.1552,0.1548,0.1207,0.134,0.148,0.1338,0.1459,0.1449,0.1427,0.1421,0.1466,0.166,0.1543,0.162,0.1689,0.1641,0.1674,0.159,0.1587,0.1595,0.1514,0.1648,0.1789,0.1603,0.1764,0.1815
Train accuracy: 85.5,94.5,95.8,96.6,96.7,96.8,97.4,97.9,97.6,98.1,98.6,98.7,98.7,98.8,98.4,98.5,99.3,99.0,99.0,99.3,99.1,99.2,99.4,99.3,99.5,99.2,99.3,99.5,99.5,99.3,98.9,99.5,99.4,99.5,99.7,99.4,99.4,99.7,99.6,99.7
Test accuracy: 85.7,94.0,95.1,95.9,95.8,95.8,96.2,96.5,96.5,96.8,96.8,96.9,96.8,97.0,96.5,96.7,97.2,97.0,96.9,97.0,97.0,96.9,97.2,96.8,97.1,96.8,96.9,97.0,96.9,96.9,96.8,97.0,97.0,97.0,97.2,96.8,97.0,97.0,97.0,97.1
Rank: 10,10,10,10,10,10,10,10,10,10,10,10,10,10,10,10,10,10,10,10,10,10,10,10,10,10,10,10,10,10,10,10,10,10,10,10,10,10,10,10
Seed 10/10
Train loss: 0.153,0.0999,0.0834,0.0606,0.0526,0.045,0.0502,0.0339,0.0249,0.0304,0.0184,0.0194,0.0401,0.0159,0.0137,0.0119,0.0112,0.0122,0.0097,0.0093,0.0061,0.0063,0.0041,0.0062,0.0051,0.0078,0.0077,0.005,0.0068,0.0092,0.0044,0.0061,0.0113,0.0044,0.0032,0.0049,0.0043,0.003,0.0021,0.0099
Test loss: 0.1493,0.1156,0.1105,0.0945,0.0868,0.0834,0.1036,0.0865,0.085,0.0912,0.078,0.0923,0.11,0.0972,0.0952,0.0895,0.105,0.112,0.0991,0.1054,0.1014,0.1005,0.0848,0.0968,0.1059,0.1135,0.1131,0.0917,0.1099,0.1035,0.1042,0.1041,0.1167,0.1049,0.0956,0.1007,0.1186,0.0998,0.1038,0.1379
Train accuracy: 95.8,97.3,97.6,98.3,98.5,98.7,98.5,99.0,99.2,99.0,99.5,99.5,98.6,99.5,99.6,99.7,99.6,99.6,99.7,99.7,99.8,99.8,99.9,99.8,99.9,99.7,99.8,99.9,99.8,99.7,99.9,99.8,99.6,99.9,99.9,99.8,99.9,99.9,99.9,99.7
Test accuracy: 96.0,96.8,96.9,97.4,97.4,97.7,97.4,97.7,97.7,97.5,97.9,97.8,97.2,97.8,97.9,98.0,97.8,97.8,98.0,98.0,98.0,97.9,98.2,98.0,98.0,98.0,98.0,98.2,98.1,98.0,98.1,98.0,97.8,98.1,98.2,98.1,98.1,98.1,98.0,97.7
Rank: 10,10,10,10,10,10,10,10,10,10,10,10,10,10,10,10,10,10,10,10,10,10,10,10,10,10,10,10,10,10,10,10,10,10,10,10,10,10,10,10
