Seed 1/10
Train loss: 0.1695,0.0928,0.0673,0.0512,0.0365,0.0345,0.0277,0.0238,0.0296,0.032,0.0152,0.0122,0.0114,0.0121,0.0108,0.0112,0.0129,0.0088,0.0073,0.0093,0.008,0.0061,0.0073,0.0061,0.0053,0.0137,0.0076,0.0147,0.0247,0.0042,0.0033,0.003,0.0028,0.0031,0.0038,0.0028,0.0024,0.0057,0.0031,0.0025
Test loss: 0.194,0.1061,0.0915,0.0755,0.0787,0.0849,0.0863,0.085,0.0645,0.0814,0.1249,0.0733,0.0693,0.0909,0.0786,0.102,0.1113,0.0876,0.0862,0.1053,0.0873,0.0764,0.0941,0.0667,0.0597,0.0901,0.0724,0.0739,0.0665,0.0581,0.066,0.0705,0.0667,0.0675,0.0688,0.0671,0.0815,0.0705,0.0745,0.078
Train accuracy: 96.3,98.0,98.4,98.8,99.2,99.2,99.4,99.5,99.6,99.2,99.7,99.8,99.8,99.8,99.8,99.8,99.7,99.8,99.9,99.8,99.8,99.9,99.8,99.9,99.9,99.6,99.9,99.7,99.4,99.9,99.9,99.9,99.9,99.9,99.9,99.9,99.9,99.8,99.9,99.9
Test accuracy: 96.3,97.6,97.8,98.0,98.2,98.1,98.2,98.2,98.4,98.1,98.5,98.4,98.4,98.4,98.6,98.4,98.2,98.4,98.4,98.5,98.3,98.3,98.4,98.3,98.6,98.1,98.5,98.4,98.0,98.6,98.7,98.8,98.7,98.7,98.6,98.7,98.7,98.5,98.8,98.8
Rank: 10,10,10,10,10,10,10,10,10,10,10,10,10,10,10,10,10,10,10,10,10,10,10,10,10,10,10,10,10,10,10,10,10,10,10,10,10,10,10,10
Seed 2/10
Train loss: 0.5471,0.3279,0.2159,0.1308,0.0759,0.0544,0.04,0.0322,0.0361,0.0284,0.021,0.0178,0.0195,0.0175,0.0156,0.0191,0.0106,0.0176,0.01,0.0104,0.0108,0.008,0.0101,0.0084,0.0093,0.0074,0.0113,0.0114,0.0081,0.0062,0.0062,0.0051,0.0055,0.0253,0.007,0.0056,0.0064,0.0067,0.0063,0.0056
Test loss: 0.6618,0.4041,0.2791,0.1772,0.1166,0.0954,0.0812,0.0807,0.1008,0.0857,0.0643,0.0729,0.0854,0.0784,0.064,0.1929,0.0668,0.0741,0.0926,0.0862,0.0866,0.0852,0.0845,0.0823,0.0843,0.0911,0.1188,0.0842,0.1308,0.0645,0.0846,0.0619,0.0727,0.1735,0.0999,0.0651,0.0703,0.0763,0.0675,0.0682
Train accuracy: 95.5,96.6,97.8,97.8,98.6,99.0,99.3,99.4,99.2,99.4,99.6,99.7,99.6,99.7,99.7,99.6,99.8,99.6,99.8,99.8,99.8,99.9,99.8,99.9,99.8,99.9,99.7,99.8,99.9,99.9,99.9,99.9,99.9,99.3,99.9,99.9,99.9,99.9,99.9,99.9
Test accuracy: 95.9,96.3,97.3,97.2,97.7,98.0,98.0,98.1,97.7,98.0,98.4,98.3,98.4,98.3,98.6,98.2,98.5,98.2,98.5,98.5,98.4,98.6,98.6,98.5,98.5,98.5,98.4,98.1,98.5,98.6,98.6,98.8,98.7,97.7,98.3,98.7,98.5,98.5,98.5,98.7
Rank: 10,10,10,10,10,10,10,10,10,10,10,10,10,10,10,10,10,10,10,10,10,10,10,10,10,10,10,10,10,10,10,10,10,10,10,10,10,10,10,10
Seed 3/10
Train loss: 0.185,0.1059,0.0681,0.0483,0.0445,0.0307,0.0272,0.026,0.0169,0.0163,0.0156,0.0154,0.0115,0.0085,0.0099,0.0091,0.0113,0.008,0.0063,0.0079,0.0092,0.005,0.005,0.0089,0.0083,0.0051,0.0039,0.0037,0.0043,0.0078,0.0035,0.0034,0.0074,0.0034,0.0037,0.0039,0.0035,0.0036,0.0032,0.0052
Test loss: 0.2005,0.1487,0.1874,0.1217,0.0756,0.114,0.1141,0.1564,0.0794,0.0563,0.0677,0.0731,0.0578,0.059,0.062,0.0543,0.0629,0.0698,0.067,0.0717,0.0605,0.0569,0.0554,0.0664,0.0608,0.0528,0.0509,0.0523,0.0635,0.0692,0.0561,0.0563,0.0617,0.0527,0.0513,0.0538,0.0564,0.0593,0.0565,0.0885
Train accuracy: 96.5,97.8,98.5,98.9,98.9,99.3,99.4,99.4,99.6,99.6,99.6,99.7,99.7,99.8,99.8,99.8,99.7,99.8,99.9,99.8,99.8,99.9,99.9,99.8,99.8,99.9,99.9,99.9,99.9,99.8,99.9,99.9,99.8,99.9,99.9,99.9,99.9,99.9,99.9,99.9
Test accuracy: 96.2,97.2,97.9,98.2,98.1,98.5,98.4,98.3,98.6,98.5,98.5,98.6,98.6,98.7,98.6,98.6,98.5,98.6,98.7,98.5,98.6,98.6,98.7,98.3,98.6,98.8,98.8,98.8,98.7,98.4,98.7,98.8,98.7,98.9,98.7,98.7,98.7,98.8,98.8,98.5
Rank: 10,10,10,10,10,10,10,10,10,10,10,10,10,10,10,10,10,10,10,10,10,10,10,10,10,10,10,10,10,10,10,10,10,10,10,10,10,10,10,10
Seed 4/10
Train loss: 1.3467,0.9823,0.7078,0.5799,0.4998,0.4281,0.403,0.3631,0.3373,0.2935,0.273,0.2776,0.257,0.2432,0.2392,0.217,0.22,0.205,0.2085,0.2081,0.1978,0.2056,0.1953,0.1814,0.1803,0.1814,0.1775,0.1806,0.1756,0.1822,0.1643,0.1627,0.163,0.1589,0.1533,0.1648,0.1516,0.1512,0.1502,0.1464
Test loss: 1.3583,0.9993,0.8117,0.6821,0.716,0.4718,0.4571,0.4281,0.3915,0.3516,0.4251,0.5389,0.3282,0.3232,0.3531,0.3228,0.3336,0.4099,0.3163,0.4056,0.3479,0.3257,0.3645,0.3166,0.3348,0.3367,0.3361,0.3283,0.3259,0.3736,0.2904,0.2936,0.3879,0.3321,0.3398,0.3429,0.4203,0.3002,0.3077,0.3072
Train accuracy: 90.1,83.2,83.5,85.6,84.6,86.4,91.1,89.4,91.6,93.8,94.2,93.6,94.2,94.6,94.5,95.0,95.2,95.5,95.0,95.2,95.5,95.1,95.5,95.8,95.9,95.7,95.9,95.8,95.8,95.7,96.3,96.3,96.3,96.4,96.6,96.1,96.6,96.5,96.7,96.8
Test accuracy: 90.2,82.8,83.8,84.8,84.2,85.5,89.9,88.2,90.2,92.6,92.8,91.8,92.6,92.5,92.5,93.1,93.0,92.7,92.8,92.8,92.9,92.8,93.1,93.0,93.0,92.9,93.0,92.9,93.0,92.8,93.5,93.3,93.1,93.0,93.1,93.0,93.3,93.3,93.5,93.3
Rank: 10,10,10,10,10,10,10,10,10,10,10,10,10,10,10,10,10,10,10,10,10,10,10,10,10,10,10,10,10,10,10,10,10,10,10,10,10,10,10,10
Seed 5/10
Train loss: 0.195,0.1157,0.0954,0.0693,0.0572,0.0505,0.0407,0.0418,0.0332,0.0263,0.0254,0.0238,0.0208,0.0195,0.0163,0.0136,0.015,0.0163,0.0106,0.0114,0.0111,0.0109,0.01,0.0133,0.01,0.0104,0.0101,0.0064,0.0101,0.0087,0.0103,0.008,0.0052,0.0048,0.0101,0.0053,0.0042,0.0139,0.0047,0.0063
Test loss: 0.2413,0.1651,0.1357,0.1062,0.1093,0.1019,0.1404,0.1258,0.1007,0.1125,0.143,0.0943,0.1026,0.1104,0.0976,0.0956,0.1249,0.101,0.0893,0.0912,0.0888,0.1133,0.0978,0.1115,0.1697,0.1052,0.0949,0.0932,0.1383,0.1025,0.1441,0.0999,0.1032,0.1232,0.1097,0.0947,0.0983,0.1027,0.1252,0.1692
Train accuracy: 95.4,97.2,97.7,98.4,98.6,98.7,99.1,99.0,99.2,99.4,99.4,99.5,99.5,99.5,99.7,99.7,99.7,99.6,99.8,99.8,99.8,99.8,99.8,99.6,99.8,99.8,99.8,99.9,99.7,99.8,99.7,99.8,99.9,99.9,99.7,99.9,99.9,99.6,99.9,99.8
Test accuracy: 95.3,96.6,96.8,97.4,97.5,97.5,97.6,97.4,97.9,97.8,98.1,97.8,98.1,98.1,98.2,97.9,98.0,97.9,98.2,98.1,98.1,97.9,97.9,97.9,98.1,98.0,98.1,98.3,98.0,97.9,98.2,98.0,98.3,98.3,98.0,98.3,98.4,97.9,98.2,98.2
Rank: 10,10,10,10,10,10,10,10,10,10,10,10,10,10,10,10,10,10,10,10,10,10,10,10,10,10,10,10,10,10,10,10,10,10,10,10,10,10,10,10
Seed 6/10
Train loss: 0.3568,0.1613,0.1144,0.0985,0.0712,0.0538,0.0504,0.0438,0.0346,0.0336,0.0498,0.0522,0.0262,0.0281,0.0222,0.0199,0.0214,0.0235,0.018,0.016,0.0228,0.0141,0.0149,0.0132,0.0146,0.0133,0.0137,0.0127,0.0119,0.015,0.0133,0.0087,0.0107,0.0103,0.014,0.0096,0.0073,0.0065,0.0066,0.0203
Test loss: 0.3873,0.1814,0.1779,0.1693,0.1293,0.0976,0.1243,0.1234,0.1755,0.0966,0.1196,0.1,0.1006,0.1214,0.1091,0.1339,0.1388,0.1222,0.1036,0.1002,0.12,0.0957,0.1069,0.0904,0.0923,0.0951,0.0927,0.1088,0.0887,0.0934,0.0917,0.0918,0.089,0.0931,0.0893,0.0821,0.1045,0.0833,0.0861,0.0987
Train accuracy: 94.8,96.7,97.2,97.4,98.2,98.7,98.7,99.0,99.3,99.3,99.3,98.6,99.5,99.4,99.6,99.6,99.6,99.5,99.6,99.7,99.4,99.7,99.7,99.7,99.7,99.7,99.7,99.7,99.7,99.6,99.7,99.8,99.8,99.7,99.7,99.8,99.8,99.8,99.8,99.5
Test accuracy: 94.9,96.2,96.8,96.3,97.1,97.4,97.5,97.5,97.7,97.8,97.7,97.5,97.9,97.5,97.7,97.8,97.7,97.6,97.7,97.9,97.5,97.7,97.7,97.9,97.9,97.9,98.0,97.8,97.9,97.8,97.7,98.0,97.9,98.0,98.1,98.1,98.2,98.1,98.2,97.8
Rank: 10,10,10,10,10,10,10,10,10,10,10,10,10,10,10,10,10,10,10,10,10,10,10,10,10,10,10,10,10,10,10,10,10,10,10,10,10,10,10,10
Seed 7/10
Train loss: 0.2106,0.1269,0.0989,0.0731,0.0609,0.0507,0.0399,0.0345,0.0366,0.0286,0.021,0.021,0.0239,0.0166,0.0179,0.0201,0.0145,0.0147,0.0118,0.0134,0.0109,0.0091,0.0095,0.0116,0.01,0.0082,0.0074,0.0115,0.0073,0.0075,0.0064,0.0058,0.0053,0.0099,0.0051,0.0083,0.0045,0.0067,0.0166,0.004
Test loss: 0.3129,0.2344,0.1549,0.1478,0.113,0.1086,0.0963,0.083,0.0832,0.0798,0.0809,0.0794,0.0879,0.0907,0.1245,0.1301,0.0911,0.0804,0.1086,0.0931,0.0952,0.1372,0.115,0.0973,0.0956,0.1178,0.1062,0.0999,0.1171,0.0895,0.1318,0.1296,0.1166,0.1743,0.0959,0.1255,0.1086,0.1081,0.1347,0.1003
Train accuracy: 95.8,97.1,97.5,98.2,98.4,98.8,99.0,99.2,99.2,99.3,99.5,99.5,99.4,99.6,99.6,99.5,99.6,99.6,99.7,99.7,99.7,99.8,99.8,99.7,99.8,99.8,99.8,99.7,99.8,99.8,99.8,99.8,99.8,99.8,99.8,99.8,99.9,99.8,99.5,99.9
Test accuracy: 95.9,97.0,96.9,97.5,97.4,97.7,98.0,98.0,97.8,98.1,98.2,98.2,98.0,98.3,98.1,98.0,98.2,98.3,98.2,98.1,98.3,98.3,98.3,98.1,98.2,98.4,98.2,98.1,98.4,98.3,98.3,98.3,98.5,98.1,98.4,98.1,98.5,98.2,97.8,98.6
Rank: 10,10,10,10,10,10,10,10,10,10,10,10,10,10,10,10,10,10,10,10,10,10,10,10,10,10,10,10,10,10,10,10,10,10,10,10,10,10,10,10
Seed 8/10
Train loss: 0.2156,0.1306,0.0965,0.0731,0.0538,0.0546,0.0432,0.0358,0.0402,0.0436,0.0273,0.0257,0.0245,0.0197,0.0186,0.0216,0.0172,0.0133,0.0129,0.014,0.0134,0.0129,0.0125,0.0166,0.0111,0.0104,0.0089,0.0077,0.0101,0.0119,0.0082,0.0094,0.007,0.0097,0.0088,0.0059,0.0078,0.0113,0.0054,0.0072
Test loss: 0.3263,0.1771,0.175,0.1307,0.1261,0.1135,0.1177,0.0892,0.1168,0.0978,0.2212,0.0848,0.082,0.0978,0.0794,0.0945,0.0813,0.0821,0.092,0.076,0.081,0.0889,0.1152,0.0841,0.1151,0.1489,0.0917,0.0817,0.0854,0.0906,0.0801,0.1068,0.1049,0.1101,0.0884,0.1192,0.1166,0.1085,0.0898,0.1469
Train accuracy: 95.2,96.9,97.5,98.2,98.7,98.5,98.9,99.1,98.7,98.7,99.3,99.3,99.3,99.5,99.5,99.4,99.5,99.6,99.6,99.7,99.6,99.7,99.7,99.6,99.7,99.8,99.8,99.8,99.8,99.8,99.8,99.8,99.8,99.8,99.8,99.8,99.8,99.7,99.9,99.8
Test accuracy: 95.4,96.6,97.4,97.4,97.8,97.4,97.7,98.0,97.4,97.5,97.9,97.9,98.0,98.0,98.0,98.0,98.1,98.3,98.3,98.1,98.2,98.1,98.3,98.2,98.1,98.3,98.3,98.4,98.2,97.9,98.3,98.1,98.4,98.2,98.2,98.3,98.1,98.0,98.4,98.1
Rank: 10,10,10,10,10,10,10,10,10,10,10,10,10,10,10,10,10,10,10,10,10,10,10,10,10,10,10,10,10,10,10,10,10,10,10,10,10,10,10,10
Seed 9/10
Train loss: 0.4888,0.2622,0.1487,0.0983,0.0831,0.0591,0.0481,0.041,0.0365,0.0336,0.0252,0.0289,0.0239,0.0209,0.0172,0.0209,0.0186,0.015,0.017,0.0154,0.0158,0.0175,0.0108,0.0196,0.0365,0.0103,0.0085,0.0159,0.0102,0.0084,0.0088,0.0066,0.013,0.0095,0.0063,0.0049,0.0075,0.006,0.0047,0.0055
Test loss: 0.5382,0.2974,0.204,0.14,0.2866,0.2118,0.1018,0.1081,0.1127,0.1253,0.0928,0.1404,0.1179,0.106,0.0917,0.1305,0.1048,0.0873,0.0919,0.1003,0.118,0.0988,0.09,0.1269,0.1228,0.0886,0.0938,0.1029,0.0985,0.0974,0.1146,0.105,0.0955,0.0992,0.0855,0.0902,0.091,0.1019,0.087,0.0832
Train accuracy: 87.6,95.5,96.7,97.7,98.0,98.6,98.9,99.0,99.3,99.3,99.6,99.4,99.5,99.6,99.7,99.6,99.7,99.8,99.7,99.7,99.7,99.6,99.8,99.5,99.0,99.8,99.9,99.6,99.8,99.8,99.8,99.9,99.7,99.8,99.9,99.9,99.8,99.9,99.9,99.9
Test accuracy: 87.6,95.3,96.4,96.8,97.1,97.6,97.8,97.7,97.8,97.7,97.6,97.7,97.8,97.8,97.9,97.8,97.7,98.0,97.8,97.6,97.8,97.6,97.7,97.4,97.3,97.8,98.0,97.6,97.9,98.0,97.9,98.0,97.8,97.8,97.9,98.0,97.8,98.1,98.1,98.1
Rank: 10,10,10,10,10,10,10,10,10,10,10,10,10,10,10,10,10,10,10,10,10,10,10,10,10,10,10,10,10,10,10,10,10,10,10,10,10,10,10,10
Seed 10/10
Train loss: 0.205,0.1094,0.0736,0.0564,0.0421,0.0357,0.0382,0.0221,0.0219,0.0222,0.02,0.0163,0.0118,0.0126,0.0152,0.0125,0.0138,0.0125,0.0088,0.0069,0.0068,0.0096,0.0085,0.0076,0.0072,0.0094,0.0065,0.0053,0.0054,0.0064,0.0047,0.0045,0.0038,0.0068,0.0046,0.0042,0.0071,0.0036,0.0029,0.0026
Test loss: 0.21,0.1229,0.0984,0.098,0.0753,0.0861,0.1002,0.0841,0.0739,0.0842,0.0901,0.1034,0.0786,0.078,0.0817,0.093,0.0993,0.0791,0.0823,0.0709,0.0731,0.1011,0.0732,0.0748,0.0773,0.0859,0.1134,0.0796,0.0811,0.0852,0.0769,0.0851,0.0787,0.0827,0.084,0.0881,0.0841,0.0818,0.0832,0.0853
Train accuracy: 95.9,97.6,98.3,98.7,99.1,99.2,99.0,99.6,99.5,99.5,99.5,99.6,99.8,99.8,99.6,99.7,99.7,99.7,99.8,99.9,99.9,99.8,99.8,99.8,99.8,99.8,99.9,99.9,99.9,99.8,99.9,99.9,99.9,99.8,99.9,99.9,99.8,99.9,99.9,99.9
Test accuracy: 96.0,97.2,97.7,97.8,98.0,98.0,97.5,98.1,98.2,98.0,97.9,98.2,98.3,98.3,97.9,98.0,98.1,98.2,98.2,98.4,98.4,98.3,98.3,98.5,98.2,98.3,98.2,98.4,98.4,98.3,98.3,98.3,98.4,98.2,98.5,98.4,98.4,98.4,98.5,98.5
Rank: 10,10,10,10,10,10,10,10,10,10,10,10,10,10,10,10,10,10,10,10,10,10,10,10,10,10,10,10,10,10,10,10,10,10,10,10,10,10,10,10
