Seed 1/10
Train loss: 0.0434,0.0324,0.019,0.013,0.0115,0.009,0.0077,0.0087,0.0041,0.0058,0.0037,0.0026,0.0024,0.0022,0.0015,0.0016,0.0012,0.0014,0.0022,0.0013,0.0011,0.001,0.0009,0.001,0.0016,0.0013,0.0009,0.0006,0.0006,0.0006,0.001,0.0004,0.0006,0.0004,0.0003,0.0005,0.0006,0.0005,0.0003,0.0007
Test loss: 0.0489,0.042,0.0323,0.0275,0.029,0.0311,0.0313,0.0308,0.0293,0.0321,0.0334,0.0316,0.0347,0.0346,0.0337,0.0319,0.0298,0.0307,0.0309,0.0316,0.0349,0.036,0.0446,0.0408,0.0388,0.034,0.0438,0.0357,0.0385,0.041,0.0481,0.0352,0.0393,0.0388,0.0428,0.0394,0.0405,0.0423,0.0419,0.0447
Train accuracy: 98.7,99.0,99.4,99.6,99.6,99.7,99.8,99.7,99.9,99.8,99.9,99.9,99.9,99.9,100.0,99.9,100.0,100.0,99.9,100.0,100.0,100.0,100.0,100.0,100.0,100.0,100.0,100.0,100.0,100.0,100.0,100.0,100.0,100.0,100.0,100.0,100.0,100.0,100.0,100.0
Test accuracy: 98.4,98.5,98.9,99.1,99.2,99.0,99.0,99.1,99.2,99.2,99.2,99.2,99.1,99.2,99.2,99.3,99.3,99.3,99.3,99.3,99.2,99.3,99.1,99.1,99.2,99.2,99.2,99.3,99.2,99.2,99.1,99.3,99.3,99.2,99.2,99.3,99.2,99.3,99.3,99.2
Rank: 10,10,10,10,10,10,10,10,10,10,10,10,10,10,10,10,10,10,10,10,10,10,10,10,10,10,10,10,10,10,10,10,10,10,10,10,10,10,10,10
Seed 2/10
Train loss: 0.051,0.0298,0.0184,0.0154,0.0143,0.0089,0.0077,0.0063,0.0064,0.0058,0.0048,0.0026,0.0026,0.0027,0.0024,0.002,0.0024,0.0011,0.0013,0.0018,0.0017,0.0012,0.0013,0.0008,0.0005,0.0008,0.0006,0.0007,0.0005,0.0008,0.0009,0.0005,0.0005,0.0005,0.0005,0.0004,0.0005,0.0006,0.0003,0.0004
Test loss: 0.054,0.0388,0.0316,0.0307,0.0345,0.0287,0.0251,0.0288,0.0293,0.0275,0.0312,0.0278,0.0272,0.0293,0.0291,0.0318,0.0266,0.0299,0.0272,0.0313,0.0333,0.0275,0.0322,0.0302,0.0298,0.031,0.0332,0.0319,0.0298,0.0336,0.0362,0.0326,0.031,0.0317,0.0301,0.034,0.0327,0.0349,0.0327,0.0311
Train accuracy: 98.4,99.1,99.4,99.5,99.5,99.7,99.8,99.8,99.8,99.8,99.8,99.9,99.9,99.9,99.9,99.9,99.9,100.0,100.0,99.9,100.0,100.0,100.0,100.0,100.0,100.0,100.0,100.0,100.0,100.0,100.0,100.0,100.0,100.0,100.0,100.0,100.0,100.0,100.0,100.0
Test accuracy: 98.2,98.7,98.9,99.0,98.9,99.1,99.2,99.1,99.1,99.2,99.1,99.3,99.3,99.2,99.2,99.2,99.3,99.3,99.4,99.2,99.2,99.3,99.3,99.4,99.3,99.3,99.3,99.3,99.4,99.3,99.3,99.3,99.2,99.2,99.3,99.3,99.3,99.2,99.3,99.3
Rank: 10,10,10,10,10,10,10,10,10,10,10,10,10,10,10,10,10,10,10,10,10,10,10,10,10,10,10,10,10,10,10,10,10,10,10,10,10,10,10,10
Seed 3/10
Train loss: 0.0422,0.0304,0.0214,0.0176,0.0129,0.0084,0.0072,0.0095,0.0046,0.0054,0.0038,0.0044,0.003,0.0024,0.0028,0.0021,0.0015,0.0024,0.0016,0.0014,0.001,0.0011,0.0007,0.0008,0.0009,0.0009,0.0009,0.001,0.0005,0.0005,0.0004,0.0004,0.0004,0.0003,0.0003,0.0003,0.0006,0.0004,0.0003,0.0004
Test loss: 0.0471,0.0377,0.0317,0.0316,0.0301,0.0277,0.0275,0.0313,0.0269,0.0325,0.0295,0.0288,0.0275,0.0324,0.0328,0.03,0.0316,0.0402,0.0352,0.0308,0.0326,0.037,0.0297,0.0319,0.0314,0.0359,0.0316,0.0349,0.037,0.0362,0.0326,0.0315,0.0331,0.0362,0.0328,0.0366,0.0372,0.0337,0.0344,0.0376
Train accuracy: 98.7,99.0,99.3,99.5,99.6,99.7,99.8,99.7,99.8,99.8,99.9,99.9,99.9,99.9,99.9,99.9,99.9,99.9,99.9,100.0,100.0,100.0,100.0,100.0,100.0,100.0,100.0,100.0,100.0,100.0,100.0,100.0,100.0,100.0,100.0,100.0,100.0,100.0,100.0,100.0
Test accuracy: 98.4,98.8,98.9,99.0,99.1,99.1,99.2,99.1,99.3,99.1,99.2,99.2,99.2,99.2,99.2,99.2,99.2,99.2,99.2,99.3,99.2,99.3,99.3,99.4,99.3,99.3,99.4,99.2,99.2,99.3,99.3,99.4,99.3,99.4,99.3,99.4,99.3,99.4,99.3,99.3
Rank: 10,10,10,10,10,10,10,10,10,10,10,10,10,10,10,10,10,10,10,10,10,10,10,10,10,10,10,10,10,10,10,10,10,10,10,10,10,10,10,10
Seed 4/10
Train loss: 0.0381,0.0286,0.0223,0.0134,0.0114,0.0102,0.0079,0.007,0.0055,0.0061,0.0031,0.0031,0.0026,0.0034,0.0019,0.0019,0.0016,0.0015,0.0014,0.0011,0.0013,0.0015,0.001,0.001,0.001,0.0006,0.0006,0.0012,0.0007,0.0007,0.0015,0.0005,0.0005,0.0005,0.0009,0.0006,0.0003,0.0004,0.0003,0.0006
Test loss: 0.0391,0.0363,0.0379,0.0296,0.0311,0.0311,0.0274,0.0343,0.0271,0.031,0.0281,0.0291,0.0295,0.0334,0.0328,0.0299,0.0295,0.0309,0.0305,0.0314,0.0294,0.0352,0.0311,0.0365,0.0306,0.0353,0.0323,0.0389,0.0363,0.0412,0.0362,0.0311,0.0328,0.0319,0.035,0.0348,0.0375,0.033,0.0383,0.0424
Train accuracy: 98.8,99.1,99.3,99.6,99.6,99.7,99.8,99.8,99.8,99.8,99.9,99.9,99.9,99.9,99.9,99.9,100.0,100.0,100.0,100.0,100.0,99.9,100.0,100.0,100.0,100.0,100.0,100.0,100.0,100.0,100.0,100.0,100.0,100.0,100.0,100.0,100.0,100.0,100.0,100.0
Test accuracy: 98.7,98.9,98.8,99.1,99.1,99.1,99.1,99.0,99.2,99.1,99.3,99.3,99.3,99.2,99.3,99.3,99.3,99.3,99.3,99.3,99.3,99.2,99.2,99.3,99.3,99.3,99.4,99.2,99.2,99.3,99.3,99.3,99.3,99.4,99.2,99.3,99.3,99.3,99.3,99.2
Rank: 10,10,10,10,10,10,10,10,10,10,10,10,10,10,10,10,10,10,10,10,10,10,10,10,10,10,10,10,10,10,10,10,10,10,10,10,10,10,10,10
Seed 5/10
Train loss: 0.043,0.0277,0.0205,0.0136,0.0109,0.0094,0.0073,0.0056,0.0062,0.0043,0.0046,0.0031,0.004,0.0019,0.0028,0.0014,0.0016,0.002,0.0015,0.0016,0.001,0.0009,0.0008,0.0013,0.0011,0.0012,0.0009,0.0009,0.0005,0.0008,0.0004,0.0005,0.0006,0.0006,0.0004,0.0004,0.0006,0.0009,0.0004,0.0003
Test loss: 0.0469,0.0397,0.0331,0.0307,0.0301,0.0279,0.0327,0.0302,0.0305,0.032,0.0304,0.0318,0.0334,0.0315,0.0362,0.029,0.0309,0.0327,0.033,0.0304,0.0362,0.0342,0.0334,0.036,0.0368,0.0341,0.032,0.0373,0.0333,0.0361,0.039,0.0352,0.0384,0.0355,0.0374,0.0412,0.0326,0.0434,0.0389,0.0362
Train accuracy: 98.6,99.1,99.4,99.6,99.7,99.7,99.8,99.8,99.8,99.9,99.9,99.9,99.9,99.9,99.9,100.0,99.9,99.9,100.0,100.0,100.0,100.0,100.0,100.0,100.0,100.0,100.0,100.0,100.0,100.0,100.0,100.0,100.0,100.0,100.0,100.0,100.0,100.0,100.0,100.0
Test accuracy: 98.4,98.8,98.9,99.0,99.1,99.1,99.1,99.2,99.2,99.1,99.1,99.1,99.1,99.2,99.2,99.3,99.3,99.3,99.2,99.3,99.2,99.2,99.2,99.2,99.1,99.2,99.2,99.3,99.3,99.3,99.3,99.2,99.3,99.3,99.3,99.3,99.3,99.0,99.3,99.3
Rank: 10,10,10,10,10,10,10,10,10,10,10,10,10,10,10,10,10,10,10,10,10,10,10,10,10,10,10,10,10,10,10,10,10,10,10,10,10,10,10,10
Seed 6/10
Train loss: 0.0396,0.0268,0.0192,0.0129,0.0117,0.0097,0.0106,0.0066,0.005,0.0036,0.0037,0.0026,0.0027,0.0025,0.0022,0.0014,0.0018,0.0012,0.0014,0.0009,0.0007,0.001,0.0005,0.0007,0.0006,0.0006,0.0009,0.0004,0.0004,0.0005,0.0004,0.0006,0.0007,0.0003,0.0004,0.0005,0.0004,0.0007,0.0003,0.0005
Test loss: 0.0436,0.0382,0.0313,0.0286,0.0253,0.0342,0.0335,0.0325,0.0306,0.0304,0.031,0.035,0.0312,0.0294,0.0269,0.0296,0.0326,0.0288,0.0284,0.0302,0.0328,0.0371,0.0351,0.0361,0.0319,0.0389,0.0359,0.0327,0.0336,0.0379,0.0329,0.0373,0.0439,0.0352,0.0381,0.0374,0.0348,0.0458,0.0403,0.0417
Train accuracy: 98.8,99.2,99.4,99.6,99.6,99.7,99.6,99.8,99.9,99.9,99.9,99.9,99.9,99.9,99.9,100.0,99.9,100.0,100.0,100.0,100.0,100.0,100.0,100.0,100.0,100.0,100.0,100.0,100.0,100.0,100.0,100.0,100.0,100.0,100.0,100.0,100.0,100.0,100.0,100.0
Test accuracy: 98.7,98.8,99.0,99.1,99.2,99.0,99.0,99.1,99.2,99.3,99.1,99.2,99.2,99.3,99.3,99.3,99.3,99.3,99.3,99.2,99.3,99.2,99.2,99.2,99.2,99.3,99.3,99.3,99.3,99.3,99.3,99.3,99.2,99.3,99.3,99.3,99.4,99.1,99.2,99.2
Rank: 10,10,10,10,10,10,10,10,10,10,10,10,10,10,10,10,10,10,10,10,10,10,10,10,10,10,10,10,10,10,10,10,10,10,10,10,10,10,10,10
Seed 7/10
Train loss: 0.0443,0.0326,0.0213,0.0158,0.0107,0.0098,0.0067,0.007,0.0049,0.0039,0.0043,0.0032,0.0026,0.003,0.0027,0.0018,0.0019,0.0015,0.0018,0.0013,0.0011,0.0013,0.0019,0.0022,0.0008,0.0008,0.0008,0.0008,0.0009,0.0005,0.0012,0.0005,0.0005,0.001,0.0004,0.0022,0.0008,0.0006,0.0004,0.0004
Test loss: 0.045,0.0435,0.0342,0.0287,0.0266,0.0311,0.0307,0.03,0.0284,0.0285,0.0316,0.034,0.0296,0.0339,0.0315,0.0331,0.0324,0.035,0.0329,0.0343,0.0348,0.0345,0.0365,0.0366,0.0332,0.0339,0.028,0.0316,0.0319,0.0315,0.0356,0.0303,0.0393,0.0331,0.0322,0.0402,0.0399,0.0327,0.0287,0.0302
Train accuracy: 98.6,99.0,99.4,99.5,99.7,99.7,99.8,99.8,99.9,99.9,99.9,99.9,99.9,99.9,99.9,99.9,99.9,100.0,99.9,100.0,100.0,100.0,99.9,99.9,100.0,100.0,100.0,100.0,100.0,100.0,100.0,100.0,100.0,100.0,100.0,99.9,100.0,100.0,100.0,100.0
Test accuracy: 98.6,98.6,98.9,99.1,99.2,99.0,99.2,99.1,99.2,99.2,99.1,99.2,99.3,99.2,99.2,99.2,99.3,99.2,99.2,99.2,99.2,99.3,99.2,99.1,99.3,99.2,99.3,99.2,99.3,99.3,99.2,99.4,99.2,99.3,99.3,99.1,99.2,99.3,99.4,99.4
Rank: 10,10,10,10,10,10,10,10,10,10,10,10,10,10,10,10,10,10,10,10,10,10,10,10,10,10,10,10,10,10,10,10,10,10,10,10,10,10,10,10
Seed 8/10
Train loss: 0.0385,0.0283,0.0252,0.0154,0.0117,0.0136,0.0073,0.0058,0.0042,0.0058,0.0038,0.0031,0.0031,0.0026,0.0023,0.0016,0.0011,0.0015,0.001,0.0014,0.0012,0.0014,0.0011,0.0008,0.0007,0.0009,0.0006,0.0004,0.0009,0.0006,0.0007,0.0006,0.0009,0.0003,0.0002,0.0003,0.0007,0.0005,0.0009,0.0004
Test loss: 0.0396,0.0381,0.0359,0.0275,0.0303,0.0376,0.0296,0.0277,0.0306,0.0322,0.0266,0.0277,0.0302,0.0256,0.0308,0.0307,0.0309,0.0331,0.0289,0.0344,0.0373,0.0348,0.0322,0.0296,0.031,0.0297,0.0288,0.0284,0.0339,0.0324,0.0411,0.0318,0.0323,0.0376,0.0324,0.0335,0.0316,0.0331,0.0376,0.0322
Train accuracy: 98.8,99.2,99.2,99.5,99.6,99.6,99.8,99.8,99.9,99.8,99.9,99.9,99.9,99.9,99.9,99.9,100.0,100.0,100.0,100.0,100.0,100.0,100.0,100.0,100.0,100.0,100.0,100.0,100.0,100.0,100.0,100.0,100.0,100.0,100.0,100.0,100.0,100.0,100.0,100.0
Test accuracy: 98.7,98.8,98.8,99.1,99.1,98.9,99.1,99.2,99.1,99.2,99.2,99.3,99.2,99.3,99.1,99.3,99.2,99.2,99.3,99.2,99.2,99.2,99.3,99.4,99.4,99.3,99.3,99.4,99.3,99.3,99.3,99.4,99.3,99.2,99.3,99.3,99.3,99.3,99.2,99.3
Rank: 10,10,10,10,10,10,10,10,10,10,10,10,10,10,10,10,10,10,10,10,10,10,10,10,10,10,10,10,10,10,10,10,10,10,10,10,10,10,10,10
Seed 9/10
Train loss: 0.0454,0.0297,0.0169,0.0153,0.0113,0.0126,0.0074,0.0075,0.0049,0.0043,0.0038,0.0031,0.002,0.0029,0.0021,0.002,0.0012,0.0022,0.0011,0.001,0.001,0.0008,0.0006,0.0008,0.0013,0.001,0.0005,0.0004,0.001,0.0005,0.0006,0.0007,0.0002,0.0003,0.0005,0.001,0.0007,0.0004,0.0002,0.0006
Test loss: 0.0503,0.0357,0.0283,0.0293,0.0261,0.0302,0.0277,0.03,0.0288,0.0255,0.0302,0.027,0.033,0.028,0.0304,0.0272,0.0314,0.0346,0.0315,0.0298,0.0337,0.0359,0.0321,0.0293,0.0429,0.0355,0.0286,0.0327,0.0365,0.0337,0.0324,0.0304,0.0386,0.0354,0.0374,0.039,0.034,0.0434,0.0359,0.0405
Train accuracy: 98.6,99.1,99.5,99.5,99.6,99.6,99.8,99.8,99.9,99.9,99.9,99.9,99.9,99.9,99.9,99.9,100.0,99.9,100.0,100.0,100.0,100.0,100.0,100.0,100.0,100.0,100.0,100.0,100.0,100.0,100.0,100.0,100.0,100.0,100.0,100.0,100.0,100.0,100.0,100.0
Test accuracy: 98.4,98.8,99.1,99.0,99.2,99.0,99.2,99.1,99.3,99.2,99.3,99.2,99.2,99.2,99.2,99.3,99.3,99.2,99.2,99.3,99.2,99.2,99.3,99.3,99.0,99.2,99.3,99.3,99.2,99.2,99.3,99.3,99.2,99.2,99.2,99.1,99.3,99.1,99.2,99.2
Rank: 10,10,10,10,10,10,10,10,10,10,10,10,10,10,10,10,10,10,10,10,10,10,10,10,10,10,10,10,10,10,10,10,10,10,10,10,10,10,10,10
Seed 10/10
Train loss: 0.04,0.027,0.0252,0.0168,0.0142,0.0102,0.007,0.0067,0.0055,0.0047,0.0031,0.0031,0.0022,0.0019,0.0017,0.0017,0.0011,0.0023,0.0019,0.001,0.0009,0.001,0.0009,0.0012,0.0012,0.0005,0.0008,0.001,0.0006,0.0005,0.0004,0.0006,0.0004,0.0008,0.0004,0.0003,0.0003,0.0004,0.0003,0.0003
Test loss: 0.0435,0.0365,0.0427,0.0321,0.0337,0.0284,0.0246,0.0292,0.0308,0.03,0.0282,0.0309,0.0306,0.0301,0.0301,0.0318,0.0338,0.0357,0.0317,0.0312,0.0335,0.0324,0.0367,0.0339,0.0364,0.0308,0.0374,0.0355,0.0351,0.0402,0.0414,0.0353,0.0448,0.0356,0.0337,0.0353,0.0384,0.0323,0.0386,0.0348
Train accuracy: 98.8,99.2,99.2,99.5,99.5,99.7,99.8,99.8,99.8,99.8,99.9,99.9,99.9,99.9,99.9,99.9,100.0,99.9,99.9,100.0,100.0,100.0,100.0,100.0,100.0,100.0,100.0,100.0,100.0,100.0,100.0,100.0,100.0,100.0,100.0,100.0,100.0,100.0,100.0,100.0
Test accuracy: 98.5,98.8,98.7,99.0,98.9,99.1,99.4,99.2,99.1,99.3,99.4,99.3,99.3,99.3,99.3,99.2,99.3,99.1,99.3,99.4,99.4,99.3,99.3,99.3,99.2,99.4,99.3,99.3,99.3,99.2,99.2,99.4,99.2,99.2,99.4,99.3,99.3,99.3,99.3,99.3
Rank: 10,10,10,10,10,10,10,10,10,10,10,10,10,10,10,10,10,10,10,10,10,10,10,10,10,10,10,10,10,10,10,10,10,10,10,10,10,10,10,10
