Seed 1/10
Train loss: 0.1201,0.0806,0.0468,0.0334,0.0258,0.0241,0.0184,0.0175,0.0573,0.0073,0.0082,0.0092,0.0099,0.0111,0.0089,0.0067,0.0065,0.0058,0.0019,0.0017,0.0012,0.0057,0.0014,0.0008,0.0006,0.0003,0.0002,0.0002,0.0186,0.0021,0.0006,0.0002,0.0001,0.0001,0.0001,0.0001,0.0001,0.0001,0.0001,0.0027
Test loss: 0.1272,0.1283,0.1027,0.0977,0.0766,0.0677,0.0638,0.0807,0.125,0.0684,0.0778,0.0841,0.0781,0.1009,0.0949,0.1253,0.0796,0.081,0.075,0.0726,0.0727,0.0902,0.1269,0.0894,0.0916,0.0856,0.0832,0.0848,0.1122,0.1039,0.11,0.0882,0.0909,0.0942,0.0968,0.0994,0.1048,0.1105,0.1281,0.1196
Train accuracy: 96.4,97.6,98.6,99.0,99.2,99.2,99.4,99.4,98.1,99.8,99.8,99.7,99.7,99.7,99.8,99.8,99.8,99.8,100.0,100.0,100.0,99.8,100.0,100.0,100.0,100.0,100.0,100.0,99.4,99.9,100.0,100.0,100.0,100.0,100.0,100.0,100.0,100.0,100.0,99.9
Test accuracy: 96.2,97.1,97.6,98.0,98.2,98.1,98.3,98.3,96.9,98.4,98.6,98.4,98.5,98.2,98.3,98.6,98.5,98.4,98.6,98.7,98.7,98.4,98.6,98.7,98.7,98.7,98.7,98.7,98.2,98.6,98.7,98.7,98.7,98.8,98.8,98.7,98.7,98.7,98.7,98.5
Rank: 10,10,10,10,10,10,10,10,10,10,10,10,10,10,10,10,10,10,10,10,10,10,10,10,10,10,10,10,10,10,10,10,10,10,10,10,10,10,10,10
Seed 2/10
Train loss: 0.0851,0.0541,0.0431,0.0318,0.0235,0.0171,0.0161,0.0208,0.0135,0.0131,0.012,0.0081,0.0062,0.0105,0.0072,0.0074,0.008,0.003,0.0058,0.0022,0.0032,0.0055,0.0021,0.0056,0.0036,0.0012,0.0042,0.0037,0.0009,0.0013,0.0007,0.0074,0.0013,0.0005,0.0003,0.0002,0.0002,0.0002,0.0026,0.0005
Test loss: 0.1095,0.1217,0.148,0.1754,0.1316,0.129,0.0726,0.0977,0.0866,0.0744,0.0722,0.0687,0.0812,0.0848,0.0828,0.0775,0.0764,0.0704,0.0867,0.0916,0.0694,0.0807,0.0814,0.0833,0.1421,0.1259,0.1066,0.1041,0.0891,0.0884,0.0827,0.1392,0.0792,0.0852,0.0883,0.0871,0.0887,0.0926,0.0765,0.0764
Train accuracy: 97.5,98.4,98.7,99.1,99.3,99.5,99.5,99.4,99.6,99.6,99.6,99.8,99.8,99.7,99.8,99.8,99.8,99.9,99.8,100.0,99.9,99.8,100.0,99.9,99.9,100.0,99.9,99.9,100.0,100.0,100.0,99.8,100.0,100.0,100.0,100.0,100.0,100.0,99.9,100.0
Test accuracy: 97.3,98.2,98.2,98.2,98.3,98.5,98.4,98.2,98.4,98.5,98.4,98.5,98.7,98.5,98.5,98.4,98.3,98.7,98.7,98.6,98.6,98.4,98.8,98.5,98.6,98.7,98.6,98.6,98.8,98.8,98.8,98.4,98.7,98.8,98.8,98.8,98.8,98.8,98.6,98.8
Rank: 10,10,10,10,10,10,10,10,10,10,10,10,10,10,10,10,10,10,10,10,10,10,10,10,10,10,10,10,10,10,10,10,10,10,10,10,10,10,10,10
Seed 3/10
Train loss: 0.5838,0.2732,0.1795,0.1447,0.1332,0.1215,0.1067,0.0953,0.0882,0.045,0.0465,0.0403,0.034,0.0823,0.0271,0.0277,0.0259,0.0177,0.02,0.0169,0.0161,0.0115,0.0086,0.0125,0.0121,0.0095,0.0098,0.0069,0.005,0.0058,0.01,0.0047,0.0044,0.0073,0.0053,0.0091,0.0038,0.0048,0.0043,0.0051
Test loss: 0.8657,0.427,0.2668,0.2273,0.2431,0.2332,0.2093,0.2004,0.1938,0.1216,0.1325,0.1221,0.1327,0.1827,0.1621,0.1499,0.1361,0.1271,0.1877,0.1766,0.1665,0.1726,0.2125,0.224,0.1499,0.3233,0.2525,0.1632,0.1558,0.2303,0.1458,0.1519,0.1782,0.2188,0.1757,0.2063,0.1871,0.215,0.1711,0.18
Train accuracy: 82.2,93.2,95.5,96.2,96.5,96.7,96.9,97.3,97.4,98.7,98.6,98.8,99.0,97.7,99.2,99.1,99.2,99.5,99.5,99.5,99.6,99.7,99.8,99.7,99.7,99.8,99.8,99.9,99.9,99.9,99.8,99.9,99.9,99.9,99.9,99.8,99.9,99.9,99.9,99.9
Test accuracy: 82.5,93.3,95.2,95.8,95.9,95.9,96.1,96.3,96.1,97.5,97.4,97.6,97.6,96.4,97.6,97.7,97.6,97.9,97.6,97.8,97.7,97.9,97.8,97.8,97.7,97.8,98.0,97.9,98.0,97.8,97.9,97.9,97.9,97.6,97.8,97.5,97.8,97.8,97.9,97.9
Rank: 10,10,10,10,10,10,10,10,10,10,10,10,10,10,10,10,10,10,10,10,10,10,10,10,10,10,10,10,10,10,10,10,10,10,10,10,10,10,10,10
Seed 4/10
Train loss: 0.422,0.2558,0.1987,0.1561,0.1289,0.109,0.0999,0.0901,0.0793,0.0742,0.0667,0.0567,0.0584,0.0465,0.0496,0.043,0.0416,0.0387,0.0365,0.0345,0.0315,0.0314,0.0337,0.0291,0.0357,0.0306,0.0404,0.0342,0.0233,0.0275,0.0271,0.0253,0.0232,0.0293,0.0236,0.0315,0.0259,0.0246,0.0222,0.0202
Test loss: 0.4757,0.38,0.4598,0.4822,0.4256,0.2985,0.3339,0.3334,0.2997,0.3093,0.269,0.2707,0.2671,0.296,0.3841,0.4036,0.2929,0.396,0.2658,0.2653,0.3819,0.2945,0.4261,0.3922,0.3755,0.6219,0.4225,0.365,0.4294,0.4372,0.6865,0.3494,0.5914,0.5947,0.6521,0.4598,0.4968,0.3534,0.3092,0.3609
Train accuracy: 89.8,93.9,95.0,96.0,96.6,97.0,97.2,97.4,97.8,97.9,98.1,98.4,98.3,98.8,98.6,98.9,98.9,98.9,99.0,99.1,99.2,99.2,99.0,99.2,99.1,99.2,98.8,99.0,99.4,99.3,99.4,99.4,99.4,99.2,99.4,99.2,99.4,99.4,99.4,99.5
Test accuracy: 89.8,93.8,94.6,95.2,95.6,95.8,95.9,95.9,96.0,96.1,96.2,96.5,96.2,96.7,96.4,96.4,96.6,96.5,96.5,96.6,96.4,96.5,96.3,96.4,96.4,96.4,96.1,96.3,96.5,96.5,96.8,96.8,96.7,96.3,96.6,96.3,96.6,96.3,96.7,96.8
Rank: 10,10,10,10,10,10,10,10,10,10,10,10,10,10,10,10,10,10,10,10,10,10,10,10,10,10,10,10,10,10,10,10,10,10,10,10,10,10,10,10
Seed 5/10
Train loss: 0.1327,0.0533,0.0392,0.0286,0.0224,0.0192,0.0121,0.0126,0.0107,0.0098,0.0075,0.0057,0.0039,0.008,0.0052,0.003,0.0014,0.0122,0.0039,0.0019,0.0009,0.0005,0.0003,0.0002,0.0002,0.0057,0.0015,0.0004,0.0002,0.0002,0.0001,0.0001,0.0001,0.0001,0.0001,0.0019,0.0005,0.0002,0.0001,0.0001
Test loss: 0.1403,0.0682,0.0592,0.0611,0.0724,0.0802,0.1109,0.1422,0.115,0.1829,0.1049,0.1356,0.163,0.1559,0.1154,0.138,0.1404,0.1001,0.0837,0.0859,0.1561,0.1221,0.1506,0.1565,0.1695,0.1214,0.1253,0.1468,0.1632,0.179,0.1852,0.2043,0.2113,0.2488,0.2378,0.1447,0.1334,0.2431,0.2498,0.2471
Train accuracy: 96.2,98.4,98.8,99.2,99.3,99.4,99.6,99.6,99.7,99.7,99.8,99.9,99.9,99.8,99.9,99.9,100.0,99.6,99.9,100.0,100.0,100.0,100.0,100.0,100.0,99.8,100.0,100.0,100.0,100.0,100.0,100.0,100.0,100.0,100.0,100.0,100.0,100.0,100.0,100.0
Test accuracy: 96.2,98.0,98.1,98.3,98.4,98.4,98.5,98.4,98.5,98.4,98.6,98.5,98.6,98.5,98.5,98.7,98.7,98.1,98.4,98.6,98.7,98.8,98.9,98.9,98.9,98.4,98.6,98.9,98.9,98.8,98.8,98.8,98.8,98.8,98.8,98.7,98.9,98.8,98.8,98.8
Rank: 10,10,10,10,10,10,10,10,10,10,10,10,10,10,10,10,10,10,10,10,10,10,10,10,10,10,10,10,10,10,10,10,10,10,10,10,10,10,10,10
Seed 6/10
Train loss: 0.1191,0.0706,0.0495,0.0321,0.0279,0.0201,0.0166,0.0131,0.0141,0.0242,0.0126,0.0105,0.0112,0.0068,0.008,0.0064,0.0053,0.0125,0.0053,0.0056,0.0046,0.0033,0.006,0.0031,0.0013,0.0043,0.0024,0.0021,0.0083,0.0015,0.0011,0.0016,0.0008,0.0004,0.0042,0.0019,0.0006,0.0005,0.0012,0.0156
Test loss: 0.1407,0.0876,0.083,0.0768,0.0676,0.067,0.08,0.0755,0.081,0.1207,0.2436,0.1307,0.0996,0.1138,0.0951,0.0878,0.1175,0.1036,0.0909,0.1117,0.0891,0.0759,0.0954,0.1209,0.1095,0.0956,0.0881,0.0932,0.1021,0.0878,0.0954,0.0915,0.0986,0.1013,0.1509,0.094,0.0995,0.1018,0.0918,0.1237
Train accuracy: 96.6,97.9,98.5,99.0,99.1,99.4,99.5,99.6,99.5,99.3,99.6,99.7,99.7,99.8,99.8,99.8,99.8,99.6,99.8,99.8,99.9,99.9,99.8,99.9,100.0,99.9,99.9,100.0,99.7,100.0,100.0,100.0,100.0,100.0,99.9,100.0,100.0,100.0,100.0,99.6
Test accuracy: 96.2,97.8,98.2,98.2,98.2,98.2,98.3,98.3,98.4,98.0,98.2,98.3,98.2,98.5,98.5,98.5,98.5,98.2,98.5,98.4,98.6,98.6,98.3,98.6,98.6,98.4,98.6,98.6,98.3,98.6,98.7,98.7,98.7,98.8,98.5,98.6,98.6,98.6,98.6,98.2
Rank: 10,10,10,10,10,10,10,10,10,10,10,10,10,10,10,10,10,10,10,10,10,10,10,10,10,10,10,10,10,10,10,10,10,10,10,10,10,10,10,10
Seed 7/10
Train loss: 0.133,0.0946,0.0724,0.0599,0.0429,0.0338,0.0331,0.0227,0.0195,0.0174,0.0134,0.0181,0.0195,0.0159,0.0136,0.0098,0.009,0.0107,0.0096,0.0083,0.0054,0.0083,0.0114,0.0035,0.0022,0.0034,0.0035,0.0043,0.0042,0.0015,0.0018,0.0037,0.0024,0.0011,0.0011,0.0052,0.0013,0.0009,0.0007,0.0006
Test loss: 0.1468,0.126,0.1041,0.1057,0.1367,0.1068,0.1052,0.0947,0.1313,0.115,0.0927,0.1071,0.1146,0.1101,0.1151,0.1146,0.1299,0.117,0.1465,0.1277,0.0924,0.112,0.1258,0.1237,0.1061,0.1203,0.1053,0.1312,0.1277,0.1134,0.1196,0.1529,0.1101,0.1109,0.1125,0.1279,0.1452,0.1368,0.1512,0.1566
Train accuracy: 96.2,97.1,97.8,98.2,98.7,98.9,99.0,99.3,99.4,99.5,99.6,99.5,99.4,99.5,99.6,99.7,99.8,99.7,99.7,99.8,99.9,99.8,99.7,99.9,100.0,99.9,99.9,99.9,99.9,100.0,100.0,99.9,100.0,100.0,100.0,99.9,100.0,100.0,100.0,100.0
Test accuracy: 96.4,96.7,97.2,97.4,97.8,97.8,97.8,98.0,98.0,98.0,98.2,98.2,97.9,97.9,97.9,98.1,98.3,98.2,98.0,98.2,98.3,98.0,98.0,98.4,98.4,98.1,98.3,98.2,98.2,98.3,98.4,98.3,98.2,98.4,98.4,98.3,98.4,98.5,98.5,98.4
Rank: 10,10,10,10,10,10,10,10,10,10,10,10,10,10,10,10,10,10,10,10,10,10,10,10,10,10,10,10,10,10,10,10,10,10,10,10,10,10,10,10
Seed 8/10
Train loss: 0.113,0.064,0.0473,0.0352,0.0316,0.0242,0.0185,0.0216,0.0168,0.0143,0.014,0.0163,0.0124,0.0084,0.0101,0.0084,0.0062,0.0087,0.0062,0.006,0.0036,0.0026,0.0055,0.003,0.0017,0.0031,0.0065,0.0013,0.0052,0.0021,0.0031,0.0048,0.0017,0.0006,0.0016,0.0033,0.0022,0.0007,0.0005,0.0006
Test loss: 0.1489,0.1329,0.144,0.1164,0.1208,0.0833,0.0807,0.1101,0.1061,0.0821,0.0888,0.1116,0.0907,0.0809,0.082,0.1007,0.1024,0.0848,0.082,0.089,0.0756,0.0888,0.09,0.0837,0.0794,0.1044,0.1084,0.086,0.0985,0.0873,0.1031,0.1113,0.1046,0.1271,0.1136,0.0771,0.0883,0.0821,0.0913,0.0893
Train accuracy: 97.0,98.2,98.6,99.0,99.1,99.3,99.5,99.4,99.5,99.6,99.6,99.5,99.6,99.8,99.7,99.8,99.8,99.8,99.8,99.8,99.9,100.0,99.9,100.0,100.0,99.9,99.8,100.0,99.9,100.0,99.9,99.9,100.0,100.0,100.0,99.9,100.0,100.0,100.0,100.0
Test accuracy: 97.0,97.9,98.0,98.2,98.2,98.3,98.5,98.2,98.5,98.4,98.3,98.2,98.4,98.7,98.3,98.6,98.6,98.5,98.5,98.5,98.7,98.7,98.5,98.6,98.6,98.5,98.4,98.8,98.3,98.6,98.6,98.3,98.8,98.7,98.6,98.6,98.5,98.7,98.6,98.7
Rank: 10,10,10,10,10,10,10,10,10,10,10,10,10,10,10,10,10,10,10,10,10,10,10,10,10,10,10,10,10,10,10,10,10,10,10,10,10,10,10,10
Seed 9/10
Train loss: 0.1609,0.0884,0.0576,0.04,0.0314,0.0231,0.0221,0.0289,0.0162,0.0127,0.0114,0.0116,0.0083,0.0112,0.0084,0.0055,0.005,0.0053,0.0025,0.0021,0.0073,0.0119,0.0071,0.0034,0.0015,0.0006,0.0005,0.0005,0.0043,0.001,0.0006,0.0004,0.0003,0.0003,0.0002,0.0002,0.009,0.0012,0.0005,0.0003
Test loss: 0.192,0.1192,0.1011,0.0771,0.0906,0.0794,0.0953,0.1085,0.0866,0.1494,0.129,0.107,0.3759,0.1247,0.1767,0.1814,0.2693,0.2302,0.1606,0.1143,0.1507,0.1735,0.1909,0.3578,0.2051,0.2397,0.269,0.1731,0.5164,0.2539,0.2612,0.2433,0.2361,0.2344,0.227,0.2593,0.1016,0.2012,0.1275,0.1388
Train accuracy: 95.5,97.6,98.4,98.8,99.1,99.3,99.3,99.1,99.5,99.6,99.7,99.7,99.8,99.7,99.8,99.9,99.9,99.9,100.0,100.0,99.8,99.7,99.8,99.9,100.0,100.0,100.0,100.0,99.9,100.0,100.0,100.0,100.0,100.0,100.0,100.0,99.7,100.0,100.0,100.0
Test accuracy: 95.4,97.1,97.8,98.2,98.3,98.5,98.3,98.0,98.3,98.4,98.5,98.4,98.5,98.5,98.4,98.5,98.5,98.5,98.6,98.6,98.3,98.2,98.4,98.5,98.6,98.7,98.7,98.6,98.5,98.7,98.7,98.7,98.8,98.8,98.7,98.7,98.3,98.6,98.7,98.6
Rank: 10,10,10,10,10,10,10,10,10,10,10,10,10,10,10,10,10,10,10,10,10,10,10,10,10,10,10,10,10,10,10,10,10,10,10,10,10,10,10,10
Seed 10/10
Train loss: 0.2367,0.1183,0.0868,0.0686,0.057,0.0465,0.041,0.0331,0.0309,0.029,0.0245,0.0215,0.0157,0.0128,0.0125,0.02,0.011,0.0101,0.0081,0.008,0.0083,0.0097,0.0057,0.0143,0.0296,0.0032,0.0015,0.001,0.0008,0.0584,0.003,0.0011,0.0009,0.0006,0.0057,0.0014,0.0007,0.0005,0.0035,0.0011
Test loss: 0.2447,0.1334,0.1114,0.1018,0.1103,0.1215,0.1162,0.1333,0.1247,0.13,0.1155,0.1304,0.1127,0.124,0.1638,0.1154,0.1573,0.1187,0.127,0.1282,0.1294,0.1247,0.1292,0.1829,0.1637,0.1054,0.1108,0.108,0.1102,0.1945,0.103,0.103,0.1128,0.1152,0.1161,0.115,0.1205,0.1171,0.1072,0.1115
Train accuracy: 93.3,96.7,97.6,98.1,98.5,98.8,98.9,99.2,99.2,99.2,99.3,99.4,99.6,99.6,99.7,99.4,99.7,99.7,99.8,99.8,99.8,99.7,99.8,99.6,99.1,99.9,100.0,100.0,100.0,98.4,99.9,100.0,100.0,100.0,99.8,100.0,100.0,100.0,99.9,100.0
Test accuracy: 93.5,96.5,97.0,97.4,97.5,97.6,97.7,97.7,97.7,97.5,97.5,97.7,98.0,98.0,97.9,97.6,98.1,98.0,98.1,98.2,98.0,98.0,98.2,97.9,97.5,98.2,98.4,98.4,98.4,96.8,98.3,98.5,98.4,98.5,98.2,98.4,98.5,98.5,98.3,98.3
Rank: 10,10,10,10,10,10,10,10,10,10,10,10,10,10,10,10,10,10,10,10,10,10,10,10,10,10,10,10,10,10,10,10,10,10,10,10,10,10,10,10
