Seed 1/10
Train loss: 0.1229,0.0713,0.0555,0.0476,0.0313,0.0274,0.0208,0.0303,0.0138,0.0148,0.0168,0.0238,0.0067,0.0096,0.0051,0.0084,0.0059,0.0091,0.0095,0.0032,0.0127,0.0029,0.0084,0.0111,0.0043,0.0115,0.0035,0.004,0.0026,0.0027,0.0041,0.0034,0.0046,0.0015,0.0028,0.0046,0.0032,0.0009,0.0053,0.0011
Test loss: 0.1349,0.0906,0.0852,0.0857,0.0685,0.0719,0.0674,0.0819,0.0737,0.0778,0.0856,0.1045,0.0774,0.092,0.0887,0.0865,0.0878,0.0924,0.0935,0.0851,0.1086,0.0918,0.0997,0.1209,0.1014,0.1195,0.101,0.1044,0.0924,0.1049,0.1022,0.0883,0.1027,0.0978,0.0957,0.1027,0.1083,0.0994,0.1197,0.0995
Train accuracy: 96.6,98.0,98.4,98.6,99.1,99.2,99.4,99.1,99.6,99.5,99.4,99.1,99.8,99.7,99.8,99.7,99.8,99.7,99.7,99.9,99.6,99.9,99.7,99.7,99.8,99.6,99.9,99.9,99.9,99.9,99.9,99.9,99.8,100.0,99.9,99.8,99.9,100.0,99.8,100.0
Test accuracy: 96.2,97.4,97.6,97.7,98.2,98.0,98.2,97.8,98.2,98.0,97.9,97.7,98.4,98.1,98.3,98.3,98.2,98.1,98.2,98.5,98.1,98.2,98.3,98.0,98.2,97.9,98.3,98.3,98.4,98.4,98.3,98.3,98.2,98.4,98.4,98.3,98.3,98.3,98.1,98.4
Rank: 10,10,10,10,10,10,10,10,10,10,10,10,10,10,10,10,10,10,10,10,10,10,10,10,10,10,10,10,10,10,10,10,10,10,10,10,10,10,10,10
Seed 2/10
Train loss: 0.1278,0.0692,0.0508,0.0374,0.0432,0.0273,0.0182,0.0173,0.016,0.0149,0.0139,0.0136,0.0076,0.009,0.0044,0.0068,0.0085,0.0051,0.0082,0.0062,0.0054,0.0051,0.0039,0.0019,0.0062,0.0045,0.0015,0.0054,0.0051,0.0019,0.0038,0.0065,0.005,0.0022,0.0006,0.0004,0.0065,0.0038,0.002,0.0049
Test loss: 0.1428,0.093,0.0826,0.0777,0.086,0.0695,0.061,0.0688,0.0726,0.0761,0.0765,0.0962,0.0745,0.0772,0.0685,0.0804,0.0834,0.0774,0.0851,0.0861,0.0793,0.086,0.0938,0.0823,0.1085,0.1114,0.0993,0.0944,0.0939,0.0939,0.0926,0.0885,0.104,0.1054,0.0999,0.1016,0.0865,0.0788,0.0905,0.1039
Train accuracy: 96.5,98.0,98.5,98.9,98.6,99.1,99.5,99.5,99.5,99.5,99.5,99.5,99.7,99.7,99.9,99.8,99.7,99.8,99.7,99.8,99.8,99.8,99.9,99.9,99.8,99.9,100.0,99.8,99.8,99.9,99.9,99.8,99.8,99.9,100.0,100.0,99.8,99.9,99.9,99.8
Test accuracy: 96.3,97.3,97.7,97.9,97.7,98.2,98.3,98.3,98.2,98.1,98.2,98.0,98.5,98.3,98.5,98.3,98.4,98.5,98.2,98.5,98.4,98.3,98.5,98.6,98.3,98.3,98.4,98.4,98.5,98.4,98.3,98.4,98.3,98.5,98.5,98.5,98.3,98.5,98.5,98.4
Rank: 10,10,10,10,10,10,10,10,10,10,10,10,10,10,10,10,10,10,10,10,10,10,10,10,10,10,10,10,10,10,10,10,10,10,10,10,10,10,10,10
Seed 3/10
Train loss: 0.2416,0.1635,0.1305,0.0985,0.0817,0.06,0.0533,0.0446,0.0346,0.0281,0.026,0.021,0.0202,0.0148,0.0165,0.0167,0.0195,0.0154,0.0221,0.0085,0.0156,0.013,0.0112,0.0102,0.0083,0.0073,0.0072,0.0042,0.0109,0.0059,0.0084,0.0054,0.0084,0.0059,0.0066,0.0047,0.0109,0.0052,0.0027,0.003
Test loss: 0.2379,0.1762,0.1628,0.1398,0.1244,0.1123,0.1078,0.1087,0.0962,0.0945,0.0944,0.1054,0.1094,0.1087,0.1119,0.1365,0.1358,0.1313,0.1376,0.1295,0.1385,0.1321,0.1328,0.1217,0.1312,0.1439,0.1455,0.1476,0.14,0.1364,0.1522,0.1453,0.1438,0.1354,0.1514,0.1605,0.1727,0.1517,0.1505,0.1464
Train accuracy: 93.4,95.4,96.3,97.2,97.7,98.3,98.5,98.7,99.0,99.2,99.2,99.4,99.4,99.6,99.5,99.4,99.3,99.5,99.3,99.7,99.5,99.6,99.7,99.7,99.8,99.8,99.8,99.9,99.7,99.8,99.7,99.8,99.7,99.8,99.8,99.9,99.6,99.8,99.9,99.9
Test accuracy: 93.8,95.2,95.3,96.0,96.4,97.0,97.1,97.1,97.3,97.6,97.5,97.5,97.5,97.5,97.5,97.2,97.4,97.4,97.3,97.5,97.2,97.3,97.5,97.6,97.5,97.5,97.4,97.7,97.5,97.6,97.5,97.5,97.7,97.5,97.7,97.5,97.4,97.6,97.6,97.6
Rank: 10,10,10,10,10,10,10,10,10,10,10,10,10,10,10,10,10,10,10,10,10,10,10,10,10,10,10,10,10,10,10,10,10,10,10,10,10,10,10,10
Seed 4/10
Train loss: 0.0997,0.0681,0.0614,0.0518,0.0265,0.0252,0.0216,0.017,0.0129,0.0117,0.0203,0.0116,0.0075,0.0072,0.0049,0.0054,0.0067,0.0045,0.005,0.0081,0.0056,0.0088,0.006,0.0027,0.0031,0.0078,0.0061,0.0059,0.0048,0.0054,0.0049,0.0072,0.0093,0.003,0.0039,0.0018,0.0029,0.0047,0.0025,0.0046
Test loss: 0.1041,0.0825,0.0802,0.0713,0.0598,0.0629,0.0708,0.0647,0.0627,0.0724,0.0882,0.0808,0.0731,0.0763,0.0755,0.0849,0.0811,0.0881,0.0876,0.0922,0.0902,0.1042,0.0894,0.0837,0.0899,0.1054,0.1048,0.0992,0.0991,0.1076,0.0899,0.1072,0.1034,0.1004,0.0959,0.0985,0.1052,0.098,0.1035,0.1049
Train accuracy: 97.3,98.1,98.2,98.4,99.2,99.2,99.3,99.5,99.6,99.6,99.3,99.6,99.8,99.7,99.9,99.8,99.8,99.9,99.8,99.7,99.8,99.7,99.8,99.9,99.9,99.8,99.8,99.8,99.8,99.8,99.8,99.7,99.7,99.9,99.9,99.9,99.9,99.8,99.9,99.8
Test accuracy: 97.2,97.5,97.4,97.7,98.3,98.2,98.2,98.3,98.3,98.2,97.8,98.1,98.3,98.3,98.3,98.2,98.2,98.1,98.2,98.2,98.3,97.9,98.2,98.5,98.5,98.1,98.2,98.2,98.3,98.2,98.3,98.1,98.0,98.2,98.2,98.3,98.1,98.3,98.2,98.2
Rank: 10,10,10,10,10,10,10,10,10,10,10,10,10,10,10,10,10,10,10,10,10,10,10,10,10,10,10,10,10,10,10,10,10,10,10,10,10,10,10,10
Seed 5/10
Train loss: 0.1972,0.1253,0.1008,0.0692,0.0461,0.0281,0.0248,0.0257,0.0222,0.0138,0.0172,0.0199,0.0135,0.0067,0.0094,0.0097,0.0078,0.0102,0.0054,0.0042,0.0063,0.0031,0.0097,0.0046,0.0032,0.006,0.0061,0.0047,0.0041,0.0053,0.0031,0.006,0.0029,0.0031,0.0044,0.0035,0.0033,0.0036,0.0065,0.0047
Test loss: 0.2139,0.1484,0.1226,0.1109,0.0871,0.0674,0.0691,0.0739,0.0766,0.071,0.0845,0.0855,0.0871,0.0774,0.0819,0.0833,0.0871,0.0896,0.0869,0.0889,0.0979,0.0882,0.0931,0.0883,0.085,0.0852,0.0885,0.0911,0.0994,0.1057,0.1068,0.0967,0.0986,0.0901,0.1056,0.102,0.1117,0.0982,0.1102,0.1044
Train accuracy: 94.8,96.6,97.1,98.2,98.8,99.2,99.4,99.3,99.3,99.6,99.5,99.4,99.6,99.8,99.7,99.7,99.8,99.7,99.8,99.9,99.8,99.9,99.7,99.9,99.9,99.8,99.8,99.9,99.9,99.8,99.9,99.8,99.9,99.9,99.9,99.9,99.9,99.9,99.8,99.9
Test accuracy: 94.3,95.9,96.7,97.1,97.8,98.3,98.2,98.3,98.1,98.4,98.1,98.0,98.1,98.5,98.4,98.3,98.4,98.2,98.5,98.3,98.4,98.5,98.2,98.6,98.4,98.4,98.4,98.4,98.4,98.4,98.3,98.2,98.5,98.4,98.3,98.3,98.4,98.4,98.2,98.3
Rank: 10,10,10,10,10,10,10,10,10,10,10,10,10,10,10,10,10,10,10,10,10,10,10,10,10,10,10,10,10,10,10,10,10,10,10,10,10,10,10,10
Seed 6/10
Train loss: 0.1501,0.0964,0.0681,0.0557,0.0566,0.0418,0.0342,0.0283,0.0351,0.023,0.0208,0.0158,0.0158,0.0177,0.0135,0.0099,0.0101,0.0093,0.0075,0.0068,0.0058,0.0081,0.0077,0.0199,0.01,0.0065,0.0037,0.0088,0.0061,0.0046,0.0039,0.004,0.0051,0.0038,0.0046,0.0053,0.0037,0.0081,0.0028,0.0048
Test loss: 0.1515,0.1134,0.0894,0.0824,0.0911,0.0874,0.0734,0.07,0.0876,0.0852,0.0904,0.0899,0.0848,0.0902,0.1022,0.098,0.0964,0.0914,0.0956,0.0874,0.0966,0.0987,0.0973,0.1315,0.1115,0.1081,0.1074,0.1101,0.1066,0.104,0.111,0.1145,0.1184,0.0997,0.111,0.1055,0.115,0.101,0.1119,0.1174
Train accuracy: 95.8,97.3,98.2,98.5,98.4,98.7,99.0,99.2,98.9,99.3,99.4,99.5,99.5,99.4,99.6,99.7,99.7,99.7,99.8,99.8,99.8,99.7,99.8,99.3,99.7,99.8,99.9,99.7,99.8,99.9,99.9,99.9,99.8,99.9,99.9,99.8,99.9,99.7,99.9,99.8
Test accuracy: 95.7,96.6,97.5,97.7,97.5,97.7,98.0,98.0,97.6,97.8,97.9,97.9,98.0,98.0,97.9,98.0,97.8,98.1,98.0,98.0,98.1,98.0,98.0,97.5,97.8,98.0,98.1,98.0,97.9,98.1,98.0,98.2,98.0,98.2,98.1,98.0,98.1,98.2,98.2,98.0
Rank: 10,10,10,10,10,10,10,10,10,10,10,10,10,10,10,10,10,10,10,10,10,10,10,10,10,10,10,10,10,10,10,10,10,10,10,10,10,10,10,10
Seed 7/10
Train loss: 0.1667,0.1052,0.0861,0.0724,0.0511,0.0527,0.0392,0.0333,0.0291,0.0233,0.0239,0.0165,0.0146,0.012,0.0146,0.0074,0.0073,0.0095,0.0047,0.0097,0.0125,0.0024,0.0097,0.0049,0.0039,0.0049,0.0037,0.0016,0.005,0.0048,0.004,0.0026,0.006,0.0144,0.0017,0.0006,0.0163,0.0028,0.0005,0.0081
Test loss: 0.1647,0.1134,0.1081,0.1016,0.0826,0.0942,0.0862,0.0886,0.0885,0.0873,0.0993,0.0917,0.0891,0.0957,0.0977,0.084,0.0794,0.0889,0.0794,0.0871,0.1087,0.0791,0.1055,0.0968,0.0854,0.0989,0.1008,0.0855,0.1031,0.0979,0.095,0.0848,0.0993,0.1154,0.0909,0.083,0.1128,0.0986,0.0916,0.1059
Train accuracy: 95.1,97.0,97.5,97.9,98.6,98.4,98.9,99.1,99.2,99.3,99.2,99.6,99.5,99.7,99.5,99.8,99.8,99.7,99.9,99.7,99.6,99.9,99.7,99.9,99.9,99.8,99.9,100.0,99.8,99.8,99.9,99.9,99.8,99.6,99.9,100.0,99.5,99.9,100.0,99.7
Test accuracy: 95.1,96.8,96.7,97.0,97.6,97.3,97.6,97.7,97.6,97.7,97.6,97.9,97.9,97.8,97.9,98.2,98.3,98.0,98.5,98.3,97.8,98.5,98.0,98.3,98.5,98.2,98.4,98.5,98.2,98.1,98.2,98.6,98.2,98.2,98.5,98.6,98.0,98.4,98.5,98.3
Rank: 10,10,10,10,10,10,10,10,10,10,10,10,10,10,10,10,10,10,10,10,10,10,10,10,10,10,10,10,10,10,10,10,10,10,10,10,10,10,10,10
Seed 8/10
Train loss: 0.1535,0.0914,0.0707,0.0557,0.0471,0.0378,0.0308,0.0311,0.021,0.0173,0.0183,0.0176,0.0154,0.0146,0.0111,0.0077,0.0112,0.0125,0.0083,0.0095,0.0056,0.01,0.0087,0.0056,0.006,0.0084,0.0088,0.0056,0.0066,0.0165,0.0048,0.0093,0.003,0.0096,0.0045,0.004,0.0034,0.003,0.009,0.0044
Test loss: 0.1495,0.103,0.0934,0.0842,0.0774,0.0774,0.0778,0.0888,0.0806,0.0774,0.084,0.085,0.09,0.0881,0.0982,0.0937,0.0959,0.1124,0.1083,0.1008,0.0978,0.1204,0.1167,0.1137,0.1178,0.1274,0.126,0.1159,0.1194,0.1166,0.1078,0.1161,0.112,0.146,0.1132,0.1179,0.1107,0.1191,0.1309,0.1173
Train accuracy: 95.5,97.4,97.9,98.3,98.7,98.9,99.1,99.0,99.4,99.5,99.4,99.4,99.5,99.5,99.7,99.8,99.6,99.6,99.7,99.7,99.8,99.7,99.7,99.8,99.8,99.8,99.7,99.8,99.8,99.4,99.8,99.7,99.9,99.7,99.9,99.9,99.9,99.9,99.7,99.9
Test accuracy: 95.6,97.2,97.3,97.6,97.7,97.8,98.0,97.7,97.9,97.9,97.8,97.9,98.0,98.0,97.8,98.0,97.8,97.8,97.9,98.0,98.1,97.8,97.8,98.0,98.0,97.7,97.8,98.0,98.0,97.9,98.1,97.9,98.1,97.8,98.0,98.1,98.1,98.0,97.9,98.0
Rank: 10,10,10,10,10,10,10,10,10,10,10,10,10,10,10,10,10,10,10,10,10,10,10,10,10,10,10,10,10,10,10,10,10,10,10,10,10,10,10,10
Seed 9/10
Train loss: 0.4515,0.2414,0.1424,0.1383,0.0909,0.0554,0.0477,0.0465,0.0421,0.0267,0.0233,0.017,0.0255,0.0189,0.0194,0.0122,0.0139,0.0069,0.0109,0.0082,0.0102,0.0117,0.0063,0.0095,0.0049,0.0048,0.008,0.0105,0.0086,0.0043,0.0053,0.005,0.009,0.0033,0.0056,0.0049,0.0063,0.0094,0.0068,0.0065
Test loss: 0.4449,0.2358,0.1705,0.1776,0.1446,0.1044,0.0965,0.1022,0.1072,0.0945,0.0945,0.1026,0.1113,0.1107,0.1089,0.1125,0.115,0.1082,0.1193,0.1239,0.1231,0.1379,0.1241,0.1325,0.1246,0.1347,0.1387,0.1488,0.1486,0.1286,0.133,0.1452,0.147,0.1419,0.1478,0.1374,0.1579,0.1596,0.1484,0.1569
Train accuracy: 84.7,93.7,96.3,96.2,97.5,98.4,98.7,98.6,98.8,99.3,99.3,99.5,99.1,99.4,99.4,99.6,99.6,99.8,99.7,99.7,99.7,99.6,99.8,99.7,99.9,99.9,99.7,99.7,99.7,99.9,99.8,99.8,99.7,99.9,99.8,99.9,99.8,99.7,99.8,99.8
Test accuracy: 85.0,93.6,95.6,95.3,96.4,97.3,97.2,97.2,97.2,97.5,97.5,97.7,97.3,97.5,97.5,97.7,97.6,97.8,97.7,97.6,97.5,97.6,97.6,97.5,97.7,97.7,97.5,97.4,97.4,97.8,97.8,97.5,97.6,97.8,97.7,97.6,97.6,97.6,97.7,97.5
Rank: 10,10,10,10,10,10,10,10,10,10,10,10,10,10,10,10,10,10,10,10,10,10,10,10,10,10,10,10,10,10,10,10,10,10,10,10,10,10,10,10
Seed 10/10
Train loss: 0.1613,0.064,0.0392,0.0352,0.0331,0.0189,0.0154,0.0177,0.0187,0.0059,0.0125,0.0081,0.0066,0.0048,0.0141,0.0061,0.0038,0.0062,0.0051,0.0024,0.0037,0.0069,0.0041,0.0024,0.0029,0.0029,0.0018,0.0029,0.001,0.005,0.0027,0.0005,0.0002,0.0067,0.0039,0.0016,0.0062,0.0051,0.0013,0.0045
Test loss: 0.169,0.0797,0.0598,0.0631,0.0714,0.0631,0.0639,0.0721,0.075,0.0578,0.0799,0.0759,0.0686,0.0692,0.0876,0.0778,0.0801,0.0892,0.0799,0.0745,0.078,0.0939,0.0844,0.084,0.0862,0.0862,0.0801,0.088,0.0828,0.0892,0.0839,0.0789,0.0795,0.0959,0.0895,0.0967,0.1049,0.1102,0.083,0.0888
Train accuracy: 95.5,98.2,98.9,99.0,98.9,99.4,99.5,99.4,99.4,99.8,99.6,99.7,99.8,99.8,99.5,99.8,99.9,99.8,99.8,99.9,99.9,99.8,99.9,99.9,99.9,99.9,99.9,99.9,100.0,99.8,99.9,100.0,100.0,99.8,99.9,100.0,99.8,99.8,100.0,99.8
Test accuracy: 95.0,97.5,98.2,98.0,98.0,98.3,98.5,98.1,98.1,98.6,98.2,98.3,98.6,98.4,98.2,98.6,98.5,98.5,98.5,98.6,98.5,98.5,98.5,98.6,98.5,98.6,98.6,98.7,98.8,98.4,98.5,98.7,98.8,98.4,98.5,98.5,98.3,98.2,98.6,98.4
Rank: 10,10,10,10,10,10,10,10,10,10,10,10,10,10,10,10,10,10,10,10,10,10,10,10,10,10,10,10,10,10,10,10,10,10,10,10,10,10,10,10
