Seed 1/10
Train loss: 0.8729,0.639,0.5672,0.4977,0.4715,0.433,0.3941,0.3779,0.3646,0.3654,0.3575,0.3263,0.307,0.2453,0.2169,0.2023,0.1848,0.1755,0.1666,0.1664,0.1538,0.1506,0.143,0.1451,0.1397,0.1537,0.1254,0.1253,0.1181,0.1297,0.1477,0.1121,0.113,0.1016,0.1077,0.1019,0.0991,0.0959,0.1078,0.0934
Test loss: 0.8836,0.658,0.5932,0.5441,0.5287,0.4873,0.4663,0.4596,0.4559,0.4573,0.4583,0.4398,0.4305,0.3719,0.3477,0.339,0.3299,0.33,0.3202,0.3387,0.3395,0.343,0.3344,0.3592,0.3616,0.3549,0.3514,0.3484,0.3414,0.3464,0.3667,0.362,0.365,0.3573,0.3813,0.3637,0.3823,0.3848,0.396,0.4039
Train accuracy: 70.1,80.8,81.2,82.5,82.3,83.6,84.5,84.9,84.9,84.7,84.5,86.0,90.6,94.1,94.6,94.8,95.4,95.6,95.7,95.8,96.0,96.0,96.1,96.0,96.3,95.5,96.7,96.4,96.8,96.4,95.7,97.0,97.0,97.3,97.1,97.2,97.3,97.5,97.1,97.5
Test accuracy: 69.2,80.6,80.3,81.3,81.3,82.0,83.1,83.2,83.0,82.6,82.5,83.7,88.4,91.9,92.4,92.1,92.6,92.7,92.5,92.8,92.6,92.6,92.6,92.6,92.4,92.2,93.0,92.6,93.0,92.3,92.2,92.7,92.6,92.8,92.9,92.8,92.8,92.9,92.5,92.8
Rank: 10,10,10,10,10,10,10,10,10,10,10,10,10,10,10,10,10,10,10,10,10,10,10,10,10,10,10,10,10,10,10,10,10,10,10,10,10,10,10,10
Seed 2/10
Train loss: 1.1426,0.806,0.6177,0.5332,0.438,0.369,0.3168,0.2918,0.2633,0.2525,0.2298,0.2275,0.2036,0.1911,0.1767,0.1735,0.1591,0.1788,0.1445,0.1493,0.1456,0.1406,0.1312,0.1316,0.143,0.1434,0.128,0.1237,0.1177,0.1151,0.1132,0.1307,0.1051,0.1003,0.1158,0.1166,0.1013,0.0962,0.0982,0.0955
Test loss: 1.1354,0.8132,0.6403,0.5726,0.4796,0.417,0.3809,0.3548,0.3466,0.3523,0.3431,0.3341,0.3233,0.3171,0.3089,0.3083,0.3052,0.3253,0.3134,0.3271,0.3264,0.3251,0.3186,0.3247,0.3336,0.3548,0.3419,0.3411,0.3308,0.346,0.342,0.3819,0.3484,0.3436,0.3605,0.3709,0.3427,0.3478,0.3544,0.3724
Train accuracy: 53.5,75.1,80.6,83.1,90.4,91.8,92.8,93.2,93.8,93.8,94.3,94.2,94.7,95.3,95.7,95.6,96.1,95.2,96.3,96.1,96.3,96.3,96.8,96.6,96.1,96.2,96.6,96.8,96.9,97.1,97.0,96.5,97.3,97.5,96.8,97.0,97.5,97.6,97.5,97.6
Test accuracy: 53.9,74.9,80.3,82.3,89.6,90.6,91.4,92.0,91.9,91.6,92.2,91.9,92.5,92.8,93.1,93.0,93.2,92.3,93.2,92.8,93.0,92.5,93.0,92.9,92.5,92.3,92.7,92.5,92.6,93.0,92.9,92.3,93.1,93.0,92.4,92.7,92.9,92.9,92.8,92.9
Rank: 10,10,10,10,10,10,10,10,10,10,10,10,10,10,10,10,10,10,10,10,10,10,10,10,10,10,10,10,10,10,10,10,10,10,10,10,10,10,10,10
Seed 3/10
Train loss: 1.7576,1.6565,1.6087,1.571,1.5331,1.5171,1.4953,1.471,1.4671,1.4449,1.4346,1.417,1.4237,1.4134,1.3896,1.3797,1.3797,1.3671,1.3656,1.3576,1.3539,1.3205,1.2776,1.2654,1.2535,1.2549,1.2416,1.2442,1.2696,1.2197,1.2135,1.215,1.2118,1.2186,1.2017,1.2138,1.2001,1.1892,1.1834,0.7134
Test loss: 1.7545,1.6602,1.6187,1.5846,1.5535,1.5435,1.5255,1.509,1.4995,1.4953,1.483,1.4807,1.5065,1.4898,1.4781,1.4685,1.4666,1.482,1.4714,1.4746,1.4775,1.4293,1.3848,1.3781,1.3744,1.3853,1.3621,1.4009,1.3995,1.4029,1.3874,1.3934,1.3886,1.3881,1.4086,1.4002,1.3934,1.4068,1.4201,0.9254
Train accuracy: 27.1,30.9,33.7,34.0,37.1,38.9,36.6,41.2,40.2,41.9,40.9,42.5,40.9,41.5,43.3,43.8,43.2,44.2,44.2,45.0,45.0,47.7,49.0,48.8,48.4,48.4,49.7,49.3,48.6,51.1,51.3,51.0,50.7,51.0,51.5,50.4,51.7,51.4,52.1,70.0
Test accuracy: 26.9,30.9,33.9,34.2,37.0,38.7,36.1,41.0,39.8,40.9,40.5,41.3,39.8,40.8,42.1,42.5,41.6,42.7,42.6,43.1,43.2,46.1,47.3,46.4,46.5,46.8,47.3,47.3,46.6,48.0,48.6,48.3,47.6,48.6,49.1,48.3,49.1,48.3,49.3,68.3
Rank: 7,6,6,6,6,6,6,6,6,6,7,7,7,7,7,7,7,7,7,7,7,7,7,8,8,8,8,8,8,8,8,7,8,8,7,7,8,8,7,10
Seed 4/10
Train loss: 2.3022,2.3012,2.3012,2.3012,2.3012,2.3012,2.3012,2.3012,2.3012,2.3012,2.3012,2.3012,2.3012,2.3012,2.3012,2.3012,2.3012,2.3012,2.3012,2.3012,2.3012,2.3012,2.3012,2.3012,2.3012,2.3012,2.3012,2.3012,2.3012,2.3012,2.3012,2.3012,2.3012,2.3012,2.3012,2.3012,2.3012,2.3012,2.3012,2.3012
Test loss: 2.3021,2.3012,2.301,2.3011,2.301,2.301,2.3011,2.3011,2.3011,2.301,2.3011,2.301,2.3011,2.3011,2.3011,2.3011,2.3011,2.3011,2.3011,2.301,2.3011,2.3011,2.301,2.301,2.3011,2.301,2.3009,2.301,2.3011,2.3011,2.3011,2.3012,2.3011,2.301,2.3011,2.301,2.3011,2.3011,2.3011,2.3011
Train accuracy: 10.4,11.2,11.2,11.2,11.2,11.2,11.2,11.2,11.2,11.2,11.2,11.2,11.2,11.2,11.2,11.2,11.2,11.2,11.2,11.2,11.2,11.2,11.2,11.2,11.2,11.2,11.2,11.2,11.2,11.2,11.2,11.2,11.2,11.2,11.2,11.2,11.2,11.2,11.2,11.2
Test accuracy: 10.3,11.3,11.3,11.3,11.3,11.3,11.3,11.3,11.3,11.3,11.3,11.3,11.3,11.3,11.3,11.3,11.3,11.3,11.3,11.3,11.3,11.3,11.3,11.3,11.3,11.3,11.3,11.3,11.3,11.3,11.3,11.3,11.3,11.3,11.3,11.3,11.3,11.3,11.3,11.3
Rank: 1,1,1,1,1,1,1,1,1,1,1,1,1,1,1,1,1,1,1,1,1,1,1,1,1,1,1,1,1,1,1,1,1,1,1,1,1,1,1,1
Seed 5/10
Train loss: 2.3023,2.3012,2.3012,2.3012,2.3012,2.3012,2.3012,2.3012,2.3012,2.3012,2.3012,2.3012,2.3012,2.3012,2.3012,2.3012,2.3012,2.3012,2.3012,2.3012,2.3012,2.3012,2.3012,2.3012,2.3012,2.3012,2.3012,2.3012,2.3012,2.3012,2.3012,2.3012,2.3012,2.3012,2.3012,2.3012,2.3012,2.3012,2.3012,2.3012
Test loss: 2.3019,2.301,2.301,2.3011,2.301,2.3011,2.301,2.301,2.3011,2.3011,2.301,2.301,2.301,2.301,2.3011,2.3011,2.301,2.301,2.3011,2.3011,2.3011,2.3011,2.3011,2.3011,2.3012,2.3011,2.3011,2.301,2.301,2.3011,2.301,2.301,2.3011,2.301,2.3011,2.3012,2.3011,2.301,2.301,2.301
Train accuracy: 11.2,11.2,11.2,11.2,11.2,11.2,11.2,11.2,11.2,11.2,11.2,11.2,11.2,11.2,11.2,11.2,11.2,11.2,11.2,11.2,11.2,11.2,11.2,11.2,11.2,11.2,11.2,11.2,11.2,11.2,11.2,11.2,11.2,11.2,11.2,11.2,11.2,11.2,11.2,11.2
Test accuracy: 11.3,11.3,11.3,11.3,11.3,11.3,11.3,11.3,11.3,11.3,11.3,11.3,11.3,11.3,11.3,11.3,11.3,11.3,11.3,11.3,11.3,11.3,11.3,11.3,11.3,11.3,11.3,11.3,11.3,11.3,11.3,11.3,11.3,11.3,11.3,11.3,11.3,11.3,11.3,11.3
Rank: 1,1,1,1,1,1,1,1,1,1,1,1,1,1,1,1,1,1,1,1,1,1,1,1,1,1,1,1,1,1,1,1,1,1,1,1,1,1,1,1
Seed 6/10
Train loss: 1.0191,0.7352,0.635,0.5634,0.5052,0.4328,0.3631,0.331,0.302,0.2771,0.2608,0.254,0.2387,0.221,0.2101,0.2433,0.2056,0.1945,0.1982,0.1884,0.1977,0.1721,0.1743,0.1659,0.163,0.1526,0.156,0.1541,0.1497,0.1619,0.1421,0.1454,0.1342,0.1305,0.1429,0.1306,0.1367,0.132,0.1165,0.1307
Test loss: 1.0171,0.7272,0.638,0.5787,0.5256,0.4661,0.4082,0.3841,0.3626,0.3506,0.3355,0.3404,0.3317,0.3196,0.3236,0.3549,0.3259,0.318,0.3319,0.3376,0.3448,0.324,0.3229,0.3379,0.3353,0.3273,0.3348,0.3266,0.3349,0.374,0.3463,0.3556,0.349,0.3383,0.3768,0.3505,0.3645,0.3699,0.3689,0.3709
Train accuracy: 61.6,76.5,79.2,81.0,82.0,90.4,91.6,92.5,92.6,93.4,93.7,93.9,94.1,94.6,94.7,93.5,94.7,95.1,94.9,95.2,94.8,95.7,95.6,95.7,95.9,96.2,95.9,96.0,96.2,95.6,96.3,96.2,96.7,96.7,96.1,96.6,96.3,96.6,97.1,96.6
Test accuracy: 61.2,76.9,79.3,80.9,81.8,89.8,91.0,91.6,91.3,92.2,92.2,92.3,92.3,92.7,92.4,91.3,92.4,93.0,92.5,92.8,92.0,93.0,92.7,92.5,93.1,92.9,92.6,92.8,92.8,92.0,92.6,92.8,92.6,92.8,92.3,92.6,92.2,92.5,92.7,92.7
Rank: 10,10,10,10,10,10,10,10,10,10,10,10,10,10,10,10,10,10,10,10,10,10,10,10,10,10,10,10,10,10,10,10,10,10,10,10,10,10,10,10
Seed 7/10
Train loss: 1.2354,0.9674,0.9037,0.587,0.4898,0.3975,0.3787,0.3307,0.3105,0.2884,0.2626,0.2472,0.2433,0.2345,0.2266,0.2109,0.19,0.1907,0.1888,0.1777,0.1716,0.1656,0.165,0.155,0.1519,0.1379,0.1324,0.1398,0.1359,0.1218,0.1255,0.1177,0.1079,0.1102,0.1187,0.1158,0.1117,0.1003,0.0954,0.0895
Test loss: 1.2389,0.9813,0.9379,0.6202,0.5312,0.458,0.4482,0.4126,0.3943,0.3768,0.3678,0.3544,0.3508,0.3616,0.3571,0.3431,0.3316,0.3344,0.3419,0.332,0.328,0.3402,0.3375,0.3296,0.3317,0.3325,0.3283,0.3462,0.3323,0.3347,0.3347,0.3389,0.3402,0.3391,0.3566,0.3552,0.3521,0.3525,0.344,0.3456
Train accuracy: 49.2,66.1,71.7,84.2,88.1,90.7,90.6,92.0,92.2,92.6,93.3,93.8,93.8,93.9,94.1,94.7,95.3,95.1,95.0,95.3,95.5,95.7,95.6,95.9,96.0,96.5,96.7,96.2,96.5,97.0,96.8,97.0,97.3,97.3,96.9,97.0,97.1,97.4,97.7,97.8
Test accuracy: 49.4,65.8,71.9,83.4,86.8,89.5,89.2,89.9,90.0,90.5,90.8,91.4,91.4,91.5,91.1,91.9,92.0,92.1,91.6,92.0,92.2,91.9,92.0,92.3,92.2,92.7,92.9,92.1,92.7,92.7,92.7,92.7,93.2,92.8,92.2,92.6,92.6,92.7,92.6,93.1
Rank: 10,10,10,10,10,10,10,10,10,10,10,10,10,10,10,10,10,10,10,10,10,10,10,10,10,10,10,10,10,10,10,10,10,10,10,10,10,10,10,10
Seed 8/10
Train loss: 1.7651,1.7006,1.6632,1.6317,1.6062,1.5908,1.5805,1.5443,1.5361,1.5265,1.5089,1.5062,1.5037,1.4891,1.4853,1.4782,1.4731,1.4715,1.4636,1.4515,1.4548,1.4514,1.4478,1.4452,1.4398,1.4429,1.436,1.4293,1.4352,1.4336,1.431,1.4214,1.4552,1.425,1.4219,1.415,1.4145,1.4134,1.4132,1.4168
Test loss: 1.7737,1.7095,1.6699,1.643,1.6169,1.6013,1.5986,1.5819,1.5705,1.5547,1.5544,1.5501,1.5512,1.556,1.5525,1.5462,1.5333,1.5234,1.5387,1.5545,1.5441,1.5316,1.5322,1.537,1.5669,1.5421,1.5498,1.5572,1.535,1.5571,1.5455,1.5481,1.538,1.5304,1.52,1.5604,1.5581,1.5553,1.5362,1.551
Train accuracy: 27.8,30.6,32.6,31.8,36.4,38.2,35.6,38.9,38.8,39.3,39.7,39.2,39.4,39.5,39.4,39.4,39.5,39.4,39.8,40.1,39.8,40.0,39.8,40.1,40.3,40.0,40.2,40.3,40.1,40.2,40.2,40.5,39.2,40.4,40.4,40.6,40.5,40.6,40.5,40.5
Test accuracy: 28.3,30.8,32.6,32.0,36.6,38.2,35.8,38.9,38.5,39.0,39.4,38.9,39.0,39.1,39.1,39.0,38.9,38.9,39.2,39.5,39.4,39.3,39.3,39.2,39.6,39.4,39.4,39.4,39.3,39.3,39.4,39.6,38.4,39.4,39.5,39.5,39.6,39.5,39.5,39.4
Rank: 5,5,5,5,5,6,6,6,6,6,6,6,6,6,6,6,6,6,6,6,6,6,6,6,6,6,6,6,6,6,6,6,6,6,6,6,6,6,6,6
Seed 9/10
Train loss: 0.3511,0.2012,0.1568,0.1359,0.1341,0.1055,0.0998,0.0936,0.0934,0.0682,0.0615,0.0567,0.0499,0.0452,0.0417,0.0416,0.0368,0.0731,0.0364,0.0356,0.024,0.0304,0.0306,0.0238,0.0243,0.0221,0.0273,0.0275,0.0213,0.0203,0.0201,0.0252,0.016,0.0202,0.0147,0.0204,0.0124,0.0122,0.0187,0.0155
Test loss: 0.3451,0.2188,0.1849,0.1743,0.186,0.1591,0.171,0.1681,0.1863,0.1591,0.1621,0.156,0.1565,0.1677,0.1681,0.1746,0.1746,0.2158,0.1805,0.2094,0.1865,0.2006,0.2057,0.1862,0.1997,0.1992,0.2342,0.2144,0.2347,0.2186,0.2137,0.2278,0.2281,0.2211,0.234,0.2292,0.2222,0.2397,0.2274,0.233
Train accuracy: 89.9,94.7,95.9,96.2,96.2,97.1,97.2,97.3,97.1,98.1,98.3,98.4,98.6,98.8,98.8,98.8,99.0,97.6,98.9,98.9,99.4,99.1,99.0,99.3,99.3,99.4,99.2,99.2,99.4,99.4,99.4,99.2,99.5,99.4,99.6,99.4,99.7,99.7,99.5,99.6
Test accuracy: 90.2,94.2,95.3,95.4,95.3,95.9,95.4,95.8,95.3,96.4,96.3,96.2,96.3,96.3,96.2,96.3,96.4,95.1,96.2,95.8,96.4,96.2,96.3,96.3,96.1,96.4,96.0,96.1,96.0,96.2,96.3,96.2,96.3,96.4,96.4,96.1,96.5,96.4,96.1,96.3
Rank: 10,10,10,10,10,10,10,10,10,10,10,10,10,10,10,10,10,10,10,10,10,10,10,10,10,10,10,10,10,10,10,10,10,10,10,10,10,10,10,10
Seed 10/10
Train loss: 0.4819,0.3133,0.2143,0.1736,0.1665,0.121,0.1021,0.0992,0.081,0.0789,0.0698,0.0564,0.051,0.0436,0.0421,0.0407,0.0348,0.0362,0.0356,0.0356,0.0278,0.0271,0.0273,0.0275,0.0255,0.0213,0.0188,0.0275,0.0279,0.0224,0.0276,0.0276,0.0141,0.0188,0.0144,0.0185,0.017,0.0244,0.0219,0.0127
Test loss: 0.4909,0.3434,0.2579,0.2283,0.2266,0.1881,0.1872,0.1871,0.1852,0.194,0.1874,0.1848,0.1809,0.1834,0.1886,0.2114,0.2008,0.2019,0.2077,0.2215,0.2273,0.2182,0.2441,0.2392,0.242,0.2387,0.2343,0.2509,0.2681,0.2706,0.2798,0.2586,0.2478,0.2646,0.2626,0.2597,0.2574,0.2973,0.2621,0.2748
Train accuracy: 81.8,93.4,95.3,96.0,95.5,96.8,97.3,97.4,97.8,97.7,98.0,98.4,98.6,98.9,98.8,98.8,99.1,99.0,99.0,99.0,99.3,99.2,99.2,99.2,99.3,99.5,99.5,99.2,99.1,99.4,99.2,99.2,99.7,99.5,99.7,99.5,99.5,99.3,99.4,99.7
Test accuracy: 81.4,92.9,94.4,95.0,94.4,95.2,95.5,95.4,95.8,95.6,95.8,96.0,95.7,95.9,96.1,95.7,96.0,95.8,95.7,95.8,96.0,96.0,95.6,95.9,95.8,95.9,96.2,95.5,95.6,96.0,95.7,95.5,96.3,95.9,96.1,95.8,95.8,95.8,95.9,96.1
Rank: 10,10,10,10,10,10,10,10,10,10,10,10,10,10,10,10,10,10,10,10,10,10,10,10,10,10,10,10,10,10,10,10,10,10,10,10,10,10,10,10
