Seed 1/10
Train loss: 0.1528,0.1229,0.0832,0.0494,0.038,0.03,0.0271,0.0255,0.0286,0.0243,0.0124,0.0118,0.0194,0.0132,0.0131,0.0166,0.0057,0.0048,0.0112,0.0085,0.0032,0.0022,0.0038,0.0024,0.0017,0.0127,0.0036,0.0008,0.0006,0.0118,0.0021,0.0012,0.0006,0.0076,0.0015,0.0008,0.0005,0.0005,0.0004,0.0069
Test loss: 0.17,0.1465,0.1227,0.0806,0.0821,0.0878,0.0937,0.1021,0.1168,0.1161,0.0965,0.1059,0.1278,0.1103,0.1046,0.1199,0.1083,0.1221,0.1766,0.1393,0.1395,0.1328,0.1338,0.136,0.1277,0.1235,0.1267,0.1498,0.1339,0.1852,0.1239,0.1563,0.1575,0.1208,0.1656,0.1363,0.1468,0.1434,0.1353,0.1241
Train accuracy: 95.6,96.4,97.5,98.5,98.8,99.1,99.1,99.2,99.1,99.2,99.6,99.7,99.4,99.6,99.6,99.4,99.9,99.9,99.6,99.8,99.9,100.0,99.9,100.0,100.0,99.6,99.9,100.0,100.0,99.7,100.0,100.0,100.0,99.8,100.0,100.0,100.0,100.0,100.0,99.8
Test accuracy: 95.5,96.3,97.3,98.0,98.0,98.0,97.9,97.8,97.8,98.0,98.1,98.1,98.0,98.0,98.1,97.9,98.2,98.3,98.0,98.2,98.3,98.3,98.4,98.4,98.4,98.0,98.2,98.4,98.5,98.0,98.4,98.5,98.5,98.2,98.4,98.4,98.5,98.6,98.5,98.1
Rank: 10,10,10,10,10,10,10,10,10,10,10,10,10,10,10,10,10,10,10,10,10,10,10,10,10,10,10,10,10,10,10,10,10,10,10,10,10,10,10,10
Seed 2/10
Train loss: 0.1069,0.0528,0.0327,0.0286,0.0215,0.0173,0.0145,0.015,0.0078,0.0281,0.0071,0.0088,0.0098,0.0131,0.0094,0.0049,0.006,0.0051,0.0026,0.0039,0.0032,0.0019,0.0033,0.0069,0.0018,0.0041,0.0003,0.0002,0.0001,0.0001,0.0029,0.0006,0.0002,0.0002,0.0001,0.0001,0.0001,0.0001,0.0001,0.0001
Test loss: 0.1536,0.0857,0.0665,0.0744,0.0743,0.0585,0.0652,0.0688,0.0538,0.0851,0.0629,0.0699,0.0838,0.0731,0.0741,0.0701,0.1073,0.0635,0.0661,0.0863,0.074,0.0676,0.0938,0.0736,0.08,0.0757,0.0741,0.074,0.0815,0.0877,0.0713,0.0733,0.0696,0.0729,0.0747,0.0765,0.0795,0.0819,0.0857,0.0955
Train accuracy: 97.0,98.4,99.0,99.1,99.3,99.5,99.6,99.5,99.8,99.1,99.8,99.7,99.7,99.6,99.7,99.9,99.8,99.9,99.9,99.9,99.9,100.0,99.9,99.8,100.0,99.9,100.0,100.0,100.0,100.0,99.9,100.0,100.0,100.0,100.0,100.0,100.0,100.0,100.0,100.0
Test accuracy: 96.9,98.0,98.4,98.4,98.5,98.5,98.5,98.5,98.7,97.9,98.6,98.5,98.4,98.4,98.5,98.6,98.6,98.5,98.8,98.7,98.7,98.7,98.7,98.5,98.7,98.7,98.9,98.8,98.9,98.9,98.7,98.8,98.9,98.9,98.8,98.8,98.8,98.8,98.7,98.6
Rank: 10,10,10,10,10,10,10,10,10,10,10,10,10,10,10,10,10,10,10,10,10,10,10,10,10,10,10,10,10,10,10,10,10,10,10,10,10,10,10,10
Seed 3/10
Train loss: 0.1723,0.123,0.0915,0.0679,0.056,0.048,0.041,0.0392,0.036,0.0297,0.0337,0.0242,0.0201,0.0209,0.0211,0.0168,0.0269,0.0149,0.0198,0.0185,0.0106,0.0113,0.0125,0.0103,0.0076,0.0136,0.0092,0.0062,0.0067,0.0084,0.0074,0.0071,0.005,0.0056,0.0105,0.0044,0.0061,0.0034,0.0138,0.0062
Test loss: 0.2457,0.1949,0.1947,0.1518,0.1208,0.1238,0.1367,0.1457,0.1756,0.1615,0.2361,0.1628,0.1861,0.2339,0.1864,0.1691,0.2376,0.2043,0.2065,0.4215,0.2309,0.2225,0.2896,0.3628,0.2054,0.1855,0.1493,0.1669,0.2071,0.1839,0.1629,0.1662,0.1832,0.264,0.1577,0.1851,0.1967,0.171,0.2231,0.1832
Train accuracy: 95.3,96.4,97.3,98.0,98.3,98.5,98.8,98.8,98.9,99.1,99.0,99.3,99.4,99.4,99.4,99.5,99.1,99.6,99.5,99.5,99.7,99.7,99.7,99.8,99.8,99.6,99.8,99.9,99.9,99.8,99.8,99.8,99.9,99.9,99.7,99.9,99.8,99.9,99.6,99.9
Test accuracy: 95.2,96.1,96.9,97.3,97.4,97.4,97.6,97.6,97.6,97.6,97.5,97.7,97.9,97.6,97.8,97.6,97.3,98.0,97.7,97.7,97.8,97.8,97.7,97.9,97.9,97.7,97.8,97.8,97.8,97.7,97.8,97.7,97.8,97.8,97.8,97.9,97.8,98.0,97.3,97.6
Rank: 10,10,10,10,10,10,10,10,10,10,10,10,10,10,10,10,10,10,10,10,10,10,10,10,10,10,10,10,10,10,10,10,10,10,10,10,10,10,10,10
Seed 4/10
Train loss: 0.3884,0.2267,0.1936,0.1904,0.1695,0.0834,0.0595,0.0426,0.0379,0.0315,0.0343,0.0354,0.0253,0.0277,0.042,0.0147,0.0132,0.0138,0.0161,0.0152,0.0105,0.0104,0.0114,0.0091,0.0158,0.0151,0.0063,0.0106,0.0107,0.0105,0.0072,0.0064,0.0068,0.0052,0.0125,0.0049,0.0112,0.0054,0.0035,0.0051
Test loss: 0.3927,0.2992,0.3571,0.6885,0.6098,0.2067,0.4321,0.5797,0.5048,0.3104,0.1737,0.2361,0.1359,0.1353,0.493,0.2706,0.3315,0.6108,0.3236,1.8051,1.1261,0.2306,0.4407,0.398,0.9282,0.3415,0.3633,0.4887,0.3168,0.3691,0.4059,0.2736,0.4162,0.2379,0.3072,0.5158,0.3952,0.3965,0.4334,0.2117
Train accuracy: 88.9,93.8,94.6,94.8,95.3,97.6,98.3,98.8,98.9,99.1,99.0,99.0,99.3,99.2,98.8,99.6,99.6,99.7,99.6,99.6,99.7,99.7,99.7,99.8,99.5,99.6,99.9,99.7,99.7,99.7,99.8,99.8,99.8,99.9,99.6,99.9,99.7,99.9,99.9,99.9
Test accuracy: 88.8,93.7,94.4,94.5,94.7,96.9,97.4,97.5,97.5,97.6,97.4,97.3,97.6,97.5,97.1,97.6,97.7,97.4,97.7,97.8,97.8,97.9,97.8,97.9,97.6,97.3,97.8,97.8,97.7,97.8,98.0,97.8,97.6,97.8,97.7,97.7,97.7,97.7,97.9,97.6
Rank: 10,10,10,10,10,10,10,10,10,10,10,10,10,10,10,10,10,10,10,10,10,10,10,10,10,10,10,10,10,10,10,10,10,10,10,10,10,10,10,10
Seed 5/10
Train loss: 0.1773,0.1168,0.0941,0.0774,0.0642,0.0518,0.0432,0.0408,0.0316,0.0292,0.0274,0.0231,0.0253,0.0168,0.0167,0.0155,0.0134,0.0209,0.0172,0.0097,0.0143,0.0067,0.009,0.0071,0.0071,0.0167,0.0086,0.0092,0.0096,0.0102,0.0103,0.004,0.007,0.0052,0.0032,0.0112,0.0059,0.0072,0.0045,0.0053
Test loss: 0.1808,0.1281,0.1165,0.1079,0.1074,0.1033,0.097,0.1267,0.1118,0.1219,0.1477,0.1414,0.155,0.1407,0.1589,0.1758,0.1544,0.189,0.1478,0.1592,0.1666,0.1583,0.1405,0.1516,0.14,0.1894,0.163,0.1752,0.1751,0.1802,0.1956,0.1993,0.2053,0.1688,0.1452,0.1622,0.2198,0.1743,0.1736,0.1926
Train accuracy: 95.0,96.7,97.2,97.7,98.1,98.5,98.7,98.8,99.1,99.2,99.2,99.4,99.3,99.5,99.6,99.6,99.6,99.4,99.5,99.8,99.6,99.9,99.8,99.8,99.9,99.6,99.8,99.7,99.8,99.8,99.7,99.9,99.9,99.9,100.0,99.7,99.9,99.8,99.9,99.9
Test accuracy: 95.0,96.3,96.9,97.2,97.4,97.6,97.6,97.7,97.8,97.9,97.9,97.8,97.7,98.0,98.0,97.9,97.9,97.7,97.8,98.0,97.6,98.0,97.8,97.9,98.0,97.7,97.8,97.8,97.7,97.8,97.7,98.0,97.8,97.9,98.0,97.7,98.0,97.8,97.9,97.9
Rank: 10,10,10,10,10,10,10,10,10,10,10,10,10,10,10,10,10,10,10,10,10,10,10,10,10,10,10,10,10,10,10,10,10,10,10,10,10,10,10,10
Seed 6/10
Train loss: 0.072,0.0454,0.0382,0.0298,0.0204,0.0192,0.012,0.0132,0.0099,0.01,0.0075,0.0061,0.0038,0.0079,0.0046,0.0015,0.0014,0.0009,0.0003,0.0002,0.0002,0.0002,0.0029,0.001,0.0003,0.0001,0.0001,0.0001,0.0001,0.0001,0.0026,0.0008,0.0002,0.0001,0.0001,0.0001,0.0,0.0069,0.0007,0.0002
Test loss: 0.0773,0.0768,0.0721,0.0675,0.0526,0.0668,0.0495,0.0554,0.0652,0.0693,0.0544,0.0593,0.0503,0.0698,0.0646,0.0506,0.0607,0.0626,0.0566,0.0579,0.06,0.0565,0.0654,0.0725,0.0656,0.065,0.0664,0.0666,0.0692,0.0704,0.0596,0.0684,0.0627,0.0658,0.0684,0.0693,0.0685,0.0756,0.0724,0.0789
Train accuracy: 97.8,98.6,98.8,99.1,99.3,99.3,99.6,99.6,99.7,99.7,99.8,99.8,99.9,99.8,99.9,100.0,100.0,100.0,100.0,100.0,100.0,100.0,99.9,100.0,100.0,100.0,100.0,100.0,100.0,100.0,99.9,100.0,100.0,100.0,100.0,100.0,100.0,99.8,100.0,100.0
Test accuracy: 97.9,98.2,98.2,98.4,98.4,98.2,98.6,98.5,98.4,98.6,98.7,98.7,98.8,98.6,98.8,98.8,98.8,98.9,98.9,99.0,99.0,98.9,98.8,98.8,99.0,99.0,99.0,99.0,99.0,99.0,98.9,98.9,98.9,99.0,99.0,99.0,99.0,98.6,98.9,99.0
Rank: 10,10,10,10,10,10,10,10,10,10,10,10,10,10,10,10,10,10,10,10,10,10,10,10,10,10,10,10,10,10,10,10,10,10,10,10,10,10,10,10
Seed 7/10
Train loss: 0.1975,0.1024,0.0719,0.0456,0.0347,0.0322,0.0254,0.0244,0.0205,0.0137,0.0211,0.0071,0.0078,0.013,0.0069,0.0042,0.0087,0.024,0.0027,0.0033,0.0021,0.001,0.0068,0.0042,0.0033,0.0019,0.0005,0.024,0.0036,0.0007,0.0003,0.0003,0.0045,0.001,0.0005,0.0003,0.0002,0.0002,0.0019,0.0004
Test loss: 0.2775,0.1502,0.1406,0.0901,0.086,0.0718,0.1112,0.1174,0.1096,0.0817,0.1082,0.0835,0.0707,0.097,0.0729,0.1056,0.1119,0.1114,0.1037,0.074,0.0755,0.0743,0.075,0.1159,0.0858,0.0712,0.0924,0.0999,0.1649,0.0798,0.1037,0.0953,0.1345,0.0937,0.0971,0.0963,0.0957,0.1041,0.0845,0.0792
Train accuracy: 94.2,96.9,97.8,98.5,98.9,99.0,99.2,99.3,99.4,99.6,99.4,99.8,99.8,99.6,99.8,99.9,99.8,99.3,100.0,99.9,100.0,100.0,99.8,99.9,99.9,100.0,100.0,99.3,99.9,100.0,100.0,100.0,99.9,100.0,100.0,100.0,100.0,100.0,100.0,100.0
Test accuracy: 94.0,96.7,97.5,98.0,98.3,98.1,98.2,98.3,98.2,98.5,97.9,98.4,98.5,98.4,98.5,98.6,98.4,97.8,98.6,98.7,98.7,98.8,98.4,98.5,98.5,98.7,98.8,97.9,98.7,98.7,98.8,98.8,98.6,98.8,98.8,98.8,98.8,98.8,98.7,98.7
Rank: 10,10,10,10,10,10,10,10,10,10,10,10,10,10,10,10,10,10,10,10,10,10,10,10,10,10,10,10,10,10,10,10,10,10,10,10,10,10,10,10
Seed 8/10
Train loss: 0.1333,0.0826,0.0628,0.0487,0.0392,0.0331,0.0293,0.0338,0.0247,0.018,0.0232,0.0156,0.0154,0.0103,0.0121,0.0149,0.0076,0.0113,0.0083,0.0059,0.0178,0.0052,0.009,0.0062,0.008,0.0051,0.0062,0.005,0.0036,0.0032,0.0039,0.0051,0.0028,0.0014,0.0061,0.002,0.0014,0.0009,0.0084,0.0016
Test loss: 0.1646,0.1163,0.1021,0.0909,0.0883,0.0878,0.0937,0.1618,0.1791,0.1045,0.1467,0.3013,0.1427,0.1627,0.1321,0.1312,0.1003,0.1261,0.133,0.1427,0.1187,0.1283,0.1138,0.1473,0.1172,0.1241,0.1379,0.1461,0.1184,0.1158,0.1472,0.134,0.1392,0.1289,0.1684,0.1265,0.1515,0.1541,0.1753,0.1255
Train accuracy: 96.3,97.7,98.2,98.6,98.9,99.0,99.1,99.0,99.3,99.5,99.3,99.6,99.5,99.7,99.7,99.6,99.8,99.7,99.8,99.9,99.5,99.9,99.8,99.9,99.8,99.9,99.9,99.9,99.9,99.9,99.9,99.9,99.9,100.0,99.8,100.0,100.0,100.0,99.8,100.0
Test accuracy: 96.3,97.5,97.8,97.9,98.1,98.0,98.2,97.9,98.1,98.2,97.9,98.1,98.2,98.2,98.3,98.1,98.3,98.3,98.2,98.3,98.0,98.3,98.4,98.4,98.2,98.3,98.3,98.3,98.3,98.5,98.3,98.4,98.6,98.5,98.2,98.5,98.5,98.6,98.3,98.4
Rank: 10,10,10,10,10,10,10,10,10,10,10,10,10,10,10,10,10,10,10,10,10,10,10,10,10,10,10,10,10,10,10,10,10,10,10,10,10,10,10,10
Seed 9/10
Train loss: 0.1432,0.0976,0.0748,0.0554,0.0461,0.0356,0.0386,0.0377,0.0203,0.0238,0.03,0.0136,0.0092,0.0097,0.0182,0.0083,0.0051,0.0326,0.0051,0.004,0.0073,0.0025,0.0018,0.0047,0.0065,0.0028,0.0048,0.0022,0.0065,0.0018,0.0023,0.0009,0.0174,0.0019,0.0013,0.0009,0.0007,0.0024,0.001,0.0007
Test loss: 0.1533,0.1422,0.143,0.109,0.167,0.1111,0.1435,0.1071,0.159,0.1332,0.1289,0.1297,0.1233,0.1065,0.1414,0.0976,0.1196,0.1218,0.0935,0.0875,0.1011,0.0915,0.0947,0.147,0.2112,0.1059,0.0988,0.0893,0.0934,0.1147,0.0956,0.0832,0.1118,0.0876,0.0906,0.0846,0.0887,0.0706,0.0819,0.0795
Train accuracy: 96.1,97.2,97.8,98.4,98.7,99.0,98.9,98.9,99.4,99.3,99.1,99.7,99.8,99.7,99.4,99.8,99.9,99.0,99.9,99.9,99.8,100.0,100.0,99.9,99.8,100.0,99.9,100.0,99.8,100.0,100.0,100.0,99.5,100.0,100.0,100.0,100.0,100.0,100.0,100.0
Test accuracy: 96.2,96.8,97.3,97.5,97.6,97.8,97.8,97.6,98.0,97.9,97.6,98.2,98.3,98.4,98.2,98.5,98.4,97.7,98.6,98.6,98.5,98.6,98.6,98.6,98.4,98.7,98.4,98.4,98.4,98.6,98.6,98.7,97.8,98.6,98.7,98.7,98.8,98.8,98.8,98.8
Rank: 10,10,10,10,10,10,10,10,10,10,10,10,10,10,10,10,10,10,10,10,10,10,10,10,10,10,10,10,10,10,10,10,10,10,10,10,10,10,10,10
Seed 10/10
Train loss: 0.1061,0.0603,0.0451,0.0353,0.0353,0.0242,0.0216,0.0153,0.0142,0.0184,0.0076,0.0106,0.0057,0.0053,0.0087,0.0041,0.0036,0.0033,0.0036,0.0033,0.0019,0.002,0.0016,0.0016,0.0012,0.0005,0.0003,0.0002,0.0002,0.0002,0.0023,0.0012,0.0008,0.0016,0.0047,0.0025,0.0007,0.0002,0.0001,0.0001
Test loss: 0.1106,0.0787,0.0702,0.0691,0.09,0.0721,0.0805,0.0832,0.1954,0.1502,0.1013,0.1035,0.0918,0.1121,0.1337,0.1272,0.0914,0.0837,0.0837,0.1061,0.0993,0.0984,0.1269,0.0985,0.0864,0.1171,0.1226,0.1252,0.1274,0.1425,0.1083,0.1143,0.1027,0.0939,0.0979,0.1101,0.0911,0.1081,0.1061,0.1077
Train accuracy: 96.9,98.2,98.6,99.0,98.9,99.2,99.3,99.5,99.6,99.4,99.8,99.7,99.9,99.9,99.8,99.9,99.9,99.9,99.9,99.9,100.0,100.0,100.0,100.0,100.0,100.0,100.0,100.0,100.0,100.0,100.0,100.0,100.0,100.0,99.9,99.9,100.0,100.0,100.0,100.0
Test accuracy: 96.8,97.7,98.0,98.0,97.8,98.2,98.2,98.4,98.3,98.2,98.5,98.4,98.6,98.5,98.4,98.5,98.5,98.6,98.6,98.5,98.5,98.7,98.7,98.6,98.7,98.8,98.7,98.7,98.7,98.7,98.5,98.5,98.7,98.6,98.5,98.6,98.7,98.7,98.7,98.7
Rank: 10,10,10,10,10,10,10,10,10,10,10,10,10,10,10,10,10,10,10,10,10,10,10,10,10,10,10,10,10,10,10,10,10,10,10,10,10,10,10,10
