Seed 1/10
Train loss: 0.133,0.0882,0.0736,0.0611,0.0535,0.0411,0.0355,0.0244,0.0233,0.021,0.0259,0.0152,0.015,0.0145,0.0138,0.0115,0.0102,0.0074,0.0087,0.0084,0.0069,0.0048,0.0343,0.0061,0.0039,0.0044,0.0051,0.0062,0.0026,0.0032,0.0069,0.002,0.006,0.0039,0.0045,0.004,0.0029,0.002,0.0023,0.0051
Test loss: 0.1513,0.1312,0.1517,0.1287,0.1264,0.1107,0.1094,0.1132,0.1217,0.1088,0.142,0.109,0.115,0.1485,0.1154,0.1315,0.1061,0.1075,0.1064,0.1178,0.1064,0.1172,0.3223,0.1207,0.1074,0.1317,0.1013,0.1214,0.1116,0.1125,0.1331,0.114,0.1505,0.1402,0.1452,0.2163,0.1069,0.1208,0.1298,0.1363
Train accuracy: 96.2,97.6,97.9,98.2,98.4,98.8,99.0,99.4,99.4,99.4,99.3,99.6,99.6,99.6,99.6,99.7,99.7,99.8,99.8,99.8,99.8,99.9,99.1,99.8,99.9,99.9,99.9,99.9,100.0,99.9,99.8,100.0,99.8,99.9,99.9,99.9,100.0,100.0,100.0,99.9
Test accuracy: 96.1,97.1,97.3,97.5,97.6,97.8,97.8,97.9,97.9,97.9,97.7,98.0,97.9,98.0,97.8,97.8,98.0,98.1,98.0,97.9,98.0,97.9,97.2,97.9,98.0,98.0,97.9,98.0,98.1,98.0,97.8,98.1,98.0,98.1,97.7,97.9,98.2,98.1,98.1,97.8
Rank: 10,10,10,10,10,10,10,10,10,10,10,10,10,10,10,10,10,10,10,10,10,10,10,10,10,10,10,10,10,10,10,10,10,10,10,10,10,10,10,10
Seed 2/10
Train loss: 0.3222,0.2011,0.1603,0.1505,0.0971,0.0734,0.0507,0.0434,0.0374,0.0391,0.0323,0.035,0.0235,0.0221,0.0161,0.0146,0.0171,0.0121,0.0159,0.01,0.0105,0.0104,0.0154,0.0081,0.025,0.0119,0.0064,0.0056,0.0057,0.0035,0.0101,0.0075,0.0063,0.0039,0.0067,0.0065,0.006,0.0028,0.0054,0.0053
Test loss: 0.4077,0.2762,0.2403,0.2268,0.2092,0.1891,0.13,0.122,0.1219,0.2013,0.1491,0.1388,0.1333,0.1606,0.1135,0.1095,0.1444,0.141,0.1595,0.1168,0.1778,0.1652,0.1682,0.2437,0.1296,0.1675,0.2081,0.1676,0.1861,0.1188,0.1462,0.2322,0.1535,0.1281,0.1488,0.2245,0.1744,0.1623,0.1327,0.1529
Train accuracy: 90.9,94.4,95.6,95.9,97.2,97.9,98.6,98.8,99.0,99.0,99.1,99.0,99.3,99.3,99.6,99.6,99.5,99.7,99.6,99.8,99.7,99.8,99.6,99.8,99.4,99.7,99.8,99.9,99.9,99.9,99.7,99.8,99.9,99.9,99.8,99.8,99.8,100.0,99.9,99.9
Test accuracy: 91.0,94.0,94.8,95.1,96.2,96.6,97.3,97.4,97.4,97.3,97.2,97.2,97.6,97.4,97.6,97.8,97.5,97.8,97.7,97.8,97.9,97.7,97.3,97.9,97.5,97.6,97.7,97.7,97.8,98.0,97.5,97.8,97.6,97.9,97.7,97.5,97.9,97.9,97.7,97.8
Rank: 10,10,10,10,10,10,10,10,10,10,10,10,10,10,10,10,10,10,10,10,10,10,10,10,10,10,10,10,10,10,10,10,10,10,10,10,10,10,10,10
Seed 3/10
Train loss: 0.4127,0.2276,0.1808,0.1516,0.1382,0.1292,0.1251,0.1073,0.0995,0.0848,0.0778,0.0742,0.0699,0.0685,0.0668,0.0945,0.0603,0.055,0.0531,0.0487,0.0502,0.0533,0.039,0.0439,0.0415,0.0442,0.0518,0.0329,0.0323,0.0393,0.0311,0.0324,0.0292,0.0289,0.0222,0.0365,0.0642,0.0211,0.0198,0.0274
Test loss: 0.4575,0.2553,0.2157,0.2101,0.2146,0.3025,0.265,0.3468,0.3762,0.5046,0.2967,0.6707,0.2926,1.3954,1.6706,2.6368,2.6776,4.3185,2.843,2.3078,1.9334,2.754,0.322,0.7218,1.2268,1.9257,0.4215,0.5942,0.5291,0.4711,0.9533,0.7889,0.8156,0.5412,0.9593,0.7516,0.3481,0.7007,0.3702,0.5175
Train accuracy: 88.5,93.7,95.1,95.7,96.1,96.4,96.4,97.0,97.1,97.4,97.8,97.8,97.9,98.0,98.0,97.1,98.2,98.3,98.5,98.6,98.5,98.5,98.9,98.7,98.8,98.8,98.6,99.1,99.1,98.9,99.1,99.1,99.2,99.2,99.5,99.0,98.2,99.5,99.5,99.3
Test accuracy: 88.2,93.4,94.4,94.9,95.1,95.3,95.2,95.5,95.7,95.8,95.9,95.9,95.7,95.7,95.9,94.9,95.8,95.9,95.9,95.9,95.9,95.9,96.2,96.0,95.8,95.7,95.5,96.0,96.1,96.0,96.2,96.1,96.0,96.2,96.1,95.7,95.2,96.2,96.1,96.2
Rank: 10,10,10,10,10,10,10,10,10,10,10,10,10,10,10,10,10,10,10,10,10,10,10,10,10,10,10,10,10,10,10,10,10,10,10,10,10,10,10,10
Seed 4/10
Train loss: 0.1922,0.1202,0.1014,0.0771,0.0641,0.0559,0.059,0.0427,0.0316,0.035,0.0277,0.0223,0.0212,0.0165,0.0164,0.0154,0.0139,0.0168,0.0113,0.0162,0.0157,0.0145,0.0135,0.0076,0.0111,0.0068,0.0082,0.0078,0.009,0.012,0.0077,0.0053,0.0052,0.007,0.027,0.0069,0.0064,0.004,0.005,0.0031
Test loss: 0.2237,0.1466,0.133,0.1293,0.1307,0.1437,0.1267,0.1208,0.1334,0.1456,0.1275,0.1836,0.1197,0.104,0.1427,0.1466,0.1741,0.1407,0.1523,0.1281,0.1533,0.1668,0.1361,0.1405,0.1337,0.1673,0.1333,0.1494,0.1678,0.2704,0.1578,0.1708,0.16,0.1454,0.268,0.1571,0.5995,0.1365,0.1644,0.1635
Train accuracy: 94.5,96.6,97.2,97.9,98.2,98.4,98.3,98.8,99.1,99.0,99.2,99.4,99.5,99.6,99.6,99.6,99.7,99.5,99.7,99.5,99.6,99.6,99.7,99.8,99.7,99.9,99.8,99.8,99.8,99.7,99.8,99.9,99.9,99.8,99.3,99.8,99.9,99.9,99.9,100.0
Test accuracy: 94.5,96.2,96.6,96.8,97.0,97.2,96.8,97.1,97.5,97.4,97.5,97.5,97.7,97.7,97.5,97.7,97.7,97.6,97.8,97.7,97.5,97.7,97.6,97.6,97.7,97.8,97.6,98.0,97.6,97.6,97.6,97.8,97.8,97.7,97.0,97.6,97.7,97.9,97.9,98.0
Rank: 10,10,10,10,10,10,10,10,10,10,10,10,10,10,10,10,10,10,10,10,10,10,10,10,10,10,10,10,10,10,10,10,10,10,10,10,10,10,10,10
Seed 5/10
Train loss: 0.2346,0.1653,0.1057,0.0793,0.059,0.0459,0.0425,0.0381,0.0423,0.035,0.0274,0.02,0.0186,0.0138,0.0136,0.0134,0.0113,0.0119,0.0089,0.0108,0.0123,0.0081,0.008,0.0064,0.0072,0.0136,0.0093,0.0059,0.0044,0.0115,0.006,0.0084,0.007,0.0062,0.0066,0.0068,0.0052,0.0074,0.0042,0.0061
Test loss: 0.2915,0.2205,0.1902,0.1366,0.1165,0.112,0.1208,0.1267,0.1414,0.1331,0.1642,0.1188,0.1569,0.1299,0.1172,0.1094,0.1432,0.1253,0.1191,0.1287,0.1125,0.1179,0.1472,0.1111,0.1155,0.1283,0.1258,0.1151,0.1332,0.178,0.1416,0.1547,0.123,0.1489,0.1554,0.1568,0.1609,0.1769,0.1394,0.161
Train accuracy: 93.0,95.0,96.9,97.7,98.3,98.7,98.7,98.9,98.7,99.0,99.2,99.4,99.5,99.6,99.6,99.7,99.7,99.7,99.8,99.7,99.7,99.8,99.8,99.9,99.8,99.6,99.8,99.9,99.9,99.7,99.9,99.8,99.8,99.8,99.8,99.9,99.9,99.8,99.9,99.8
Test accuracy: 93.1,94.9,96.4,97.0,97.3,97.5,97.5,97.6,97.2,97.5,97.6,97.7,97.8,97.8,97.8,97.6,97.8,97.8,97.8,97.6,97.8,97.8,97.8,97.8,97.9,97.5,97.7,97.9,98.0,97.7,97.7,97.4,97.8,97.5,97.7,97.7,97.8,97.7,97.9,97.9
Rank: 10,10,10,10,10,10,10,10,10,10,10,10,10,10,10,10,10,10,10,10,10,10,10,10,10,10,10,10,10,10,10,10,10,10,10,10,10,10,10,10
Seed 6/10
Train loss: 0.3728,0.2094,0.1626,0.1311,0.1086,0.0953,0.088,0.0923,0.0865,0.0714,0.0681,0.0644,0.0541,0.0577,0.0695,0.0559,0.044,0.0417,0.047,0.0324,0.0332,0.0231,0.0238,0.0205,0.0156,0.0178,0.0131,0.0151,0.0143,0.0182,0.0132,0.0098,0.0067,0.0092,0.0101,0.0098,0.0064,0.0157,0.0147,0.0241
Test loss: 0.5079,0.2448,0.2357,0.2168,0.2112,0.2438,0.2926,0.2911,0.2892,0.2545,0.3327,0.3532,0.272,0.2623,0.2837,0.2266,0.2158,0.2361,0.2851,0.1957,0.3564,0.1789,0.1336,0.1537,0.1458,0.1593,0.1392,0.1402,0.1378,0.1388,0.1392,0.1348,0.1304,0.1594,0.148,0.154,0.1394,0.1399,0.1481,0.1799
Train accuracy: 90.3,94.2,95.4,96.4,97.1,97.4,97.7,97.4,97.6,98.0,98.2,98.3,98.5,98.4,98.0,98.4,98.8,98.9,98.7,99.2,99.1,99.4,99.3,99.4,99.6,99.5,99.6,99.6,99.6,99.5,99.6,99.8,99.9,99.8,99.7,99.7,99.8,99.6,99.6,99.4
Test accuracy: 90.6,94.0,94.7,95.7,96.2,96.1,96.3,95.9,96.0,96.2,96.3,96.4,96.5,96.3,96.0,96.3,96.5,96.5,96.3,96.8,96.9,97.4,97.3,97.4,97.5,97.5,97.6,97.6,97.5,97.5,97.6,97.9,97.8,97.7,97.6,97.7,97.6,97.5,97.3,97.3
Rank: 10,10,10,10,10,10,10,10,10,10,10,10,10,10,10,10,10,10,10,10,10,10,10,10,10,10,10,10,10,10,10,10,10,10,10,10,10,10,10,10
Seed 7/10
Train loss: 0.4028,0.2573,0.2012,0.1518,0.1286,0.12,0.1113,0.1086,0.1137,0.0913,0.0854,0.0721,0.0633,0.0628,0.0561,0.0623,0.0591,0.0489,0.0509,0.0616,0.0441,0.0436,0.0432,0.0366,0.0422,0.038,0.0446,0.0354,0.0364,0.0302,0.0263,0.0381,0.0259,0.0301,0.0285,0.0382,0.028,0.0268,0.0245,0.0212
Test loss: 0.5852,1.3964,0.7056,0.3255,0.2596,0.3334,0.2876,0.2764,0.3973,0.2047,0.2286,0.1664,0.188,0.2004,0.1716,0.1618,0.1902,0.1766,0.1965,0.282,0.192,0.1604,0.1792,0.1786,0.3878,0.1972,0.3251,0.1996,0.2308,0.2037,0.1984,0.9525,0.1875,0.1799,0.2685,0.2586,0.2973,0.3297,0.2227,0.2592
Train accuracy: 89.6,93.0,94.2,95.8,96.3,96.5,96.8,96.8,96.7,97.2,97.4,97.9,98.2,98.2,98.4,98.2,98.4,98.6,98.6,98.2,98.7,98.8,98.9,99.0,98.8,98.9,98.7,99.1,99.0,99.2,99.3,99.0,99.4,99.2,99.2,98.9,99.3,99.3,99.3,99.5
Test accuracy: 89.3,92.6,93.8,95.0,95.4,95.5,95.5,95.6,95.4,95.7,95.8,96.1,96.3,96.2,96.2,96.3,96.2,96.2,96.2,95.9,96.2,96.3,96.4,96.4,96.2,96.4,96.1,96.2,96.4,96.5,96.4,95.9,96.5,96.4,96.3,96.0,96.0,96.1,96.3,96.2
Rank: 10,10,10,10,10,10,10,10,10,10,10,10,10,10,10,10,10,10,10,10,10,10,10,10,10,10,10,10,10,10,10,10,10,10,10,10,10,10,10,10
Seed 8/10
Train loss: 0.091,0.0547,0.0409,0.0311,0.024,0.0178,0.0171,0.0175,0.0136,0.0116,0.0089,0.0113,0.0066,0.0038,0.0057,0.0059,0.0036,0.0036,0.0035,0.0048,0.0042,0.0033,0.0049,0.0021,0.0009,0.0003,0.0099,0.0014,0.001,0.0004,0.0001,0.0001,0.0001,0.0024,0.0006,0.0004,0.0001,0.0001,0.0001,0.0001
Test loss: 0.1192,0.1019,0.0724,0.0702,0.0736,0.0605,0.0652,0.1574,0.1166,0.0763,0.0969,0.0916,0.0706,0.0587,0.1146,0.0789,0.0785,0.0789,0.0788,0.0875,0.0733,0.0719,0.0877,0.071,0.0821,0.0713,0.1436,0.0868,0.0754,0.0813,0.0809,0.0871,0.0826,0.0855,0.0746,0.0818,0.0819,0.084,0.0869,0.0923
Train accuracy: 97.4,98.5,98.8,99.1,99.3,99.5,99.5,99.5,99.6,99.6,99.8,99.7,99.8,99.9,99.8,99.8,99.9,99.9,99.9,99.9,99.9,99.9,99.9,100.0,100.0,100.0,99.7,100.0,100.0,100.0,100.0,100.0,100.0,99.9,100.0,100.0,100.0,100.0,100.0,100.0
Test accuracy: 97.5,98.3,98.4,98.4,98.6,98.5,98.6,98.5,98.5,98.6,98.5,98.3,98.5,98.5,98.3,98.5,98.7,98.6,98.4,98.5,98.5,98.5,98.4,98.6,98.6,98.6,98.2,98.5,98.5,98.6,98.6,98.6,98.7,98.5,98.6,98.7,98.7,98.7,98.6,98.7
Rank: 10,10,10,10,10,10,10,10,10,10,10,10,10,10,10,10,10,10,10,10,10,10,10,10,10,10,10,10,10,10,10,10,10,10,10,10,10,10,10,10
Seed 9/10
Train loss: 0.9474,0.7313,0.5121,0.3999,0.3547,0.3139,0.2893,0.2636,0.265,0.2359,0.2221,0.2163,0.2059,0.2006,0.1993,0.187,0.1873,0.1901,0.1699,0.13,0.0948,0.0824,0.0717,0.0656,0.0571,0.0539,0.0545,0.0479,0.0447,0.0471,0.0455,0.0453,0.0398,0.0377,0.0405,0.0338,0.0299,0.0304,0.056,0.0389
Test loss: 0.9891,0.7995,0.5833,0.5504,0.7172,0.9877,0.9968,1.1606,0.825,1.3185,1.4522,1.3484,1.2744,1.3252,1.3694,1.3601,1.4035,0.7826,1.1392,0.7362,0.5726,0.734,0.7534,0.5299,0.42,0.4867,0.5282,0.4571,0.2198,0.427,0.3769,0.3424,0.5724,0.3061,0.3283,0.369,0.7187,0.4202,0.2714,0.5973
Train accuracy: 71.2,85.4,89.0,90.9,91.5,92.4,92.7,93.4,93.2,94.1,94.3,94.4,94.7,94.8,94.8,95.1,95.1,94.8,95.6,96.6,97.5,97.9,98.2,98.3,98.5,98.6,98.5,98.7,98.8,98.7,98.8,98.7,98.9,99.0,98.9,99.1,99.3,99.2,98.4,99.0
Test accuracy: 70.8,85.4,89.0,90.9,91.1,91.7,92.0,92.5,92.1,92.6,92.8,92.7,92.9,92.8,92.7,93.0,92.8,92.7,93.3,94.3,95.1,95.5,95.8,95.8,95.9,96.0,95.9,96.0,95.9,95.9,95.8,95.8,96.2,96.2,96.0,96.3,96.1,96.4,95.6,95.8
Rank: 10,10,10,10,10,10,10,10,10,10,10,10,10,10,10,10,10,10,10,10,10,10,10,10,10,10,10,10,10,10,10,10,10,10,10,10,10,10,10,10
Seed 10/10
Train loss: 0.2445,0.1482,0.1195,0.0874,0.0694,0.0614,0.0421,0.0335,0.0338,0.0425,0.0299,0.027,0.0238,0.0175,0.0184,0.0223,0.0193,0.0173,0.0132,0.0116,0.0173,0.0132,0.0088,0.0063,0.0093,0.0126,0.0072,0.016,0.007,0.0069,0.0063,0.006,0.0047,0.0082,0.0058,0.0037,0.0033,0.0036,0.0069,0.0042
Test loss: 0.2862,0.2646,0.1783,0.1544,0.1404,0.1214,0.1036,0.099,0.1134,0.2038,0.1303,0.1906,0.1503,0.1241,0.1383,0.2082,0.1711,0.2107,0.173,0.116,0.8284,0.2713,0.2785,0.1577,0.3275,0.1647,0.1863,0.2262,0.2453,0.198,0.1612,0.147,0.1946,0.1573,0.2041,0.1436,0.1317,0.1396,0.2188,0.1314
Train accuracy: 92.9,95.7,96.4,97.5,98.1,98.3,98.8,99.1,99.0,98.7,99.1,99.2,99.3,99.5,99.5,99.4,99.4,99.5,99.6,99.7,99.5,99.6,99.8,99.8,99.7,99.7,99.8,99.5,99.8,99.8,99.8,99.9,99.9,99.8,99.9,99.9,99.9,99.9,99.8,99.9
Test accuracy: 93.3,95.8,96.5,97.2,97.5,97.4,97.6,97.8,97.7,97.4,97.7,97.6,97.5,97.8,97.7,97.5,97.3,97.5,97.7,97.7,97.4,97.6,97.6,97.8,97.7,97.4,97.6,97.3,97.6,97.7,97.7,97.6,97.7,97.5,97.6,97.7,97.8,97.8,97.6,97.8
Rank: 10,10,10,10,10,10,10,10,10,10,10,10,10,10,10,10,10,10,10,10,10,10,10,10,10,10,10,10,10,10,10,10,10,10,10,10,10,10,10,10
