Seed 1/10
Train loss: 2.3014,2.3013,2.3013,2.3013,2.3013,2.3013,2.3013,2.3013,2.3013,2.3013,2.3013,2.3013,2.3013,2.3013,2.3013,2.3013,2.3013,2.3013,2.3013,2.3013,2.3013,2.3013,2.3013,2.3013,2.3013,2.3013,2.3013,2.3013,2.3013,2.3013,2.3013,2.3013,2.3013,2.3013,2.3013,2.3013,2.3013,2.3013,2.3013,2.3013
Test loss: 2.3012,2.3012,2.3012,2.3012,2.3012,2.3012,2.3012,2.3012,2.3012,2.3012,2.3012,2.3012,2.3012,2.3012,2.3012,2.3012,2.3012,2.3012,2.3012,2.3012,2.3012,2.3012,2.3012,2.3012,2.3012,2.3012,2.3012,2.3012,2.3012,2.3012,2.3012,2.3012,2.3012,2.3012,2.3012,2.3012,2.3012,2.3012,2.3012,2.3012
Train accuracy: 11.2,11.2,11.2,11.2,11.2,11.2,11.2,11.2,11.2,11.2,11.2,11.2,11.2,11.2,11.2,11.2,11.2,11.2,11.2,11.2,11.2,11.2,11.2,11.2,11.2,11.2,11.2,11.2,11.2,11.2,11.2,11.2,11.2,11.2,11.2,11.2,11.2,11.2,11.2,11.2
Test accuracy: 11.3,11.3,11.3,11.3,11.3,11.3,11.3,11.3,11.3,11.3,11.3,11.3,11.3,11.3,11.3,11.3,11.3,11.3,11.3,11.3,11.3,11.3,11.3,11.3,11.3,11.3,11.3,11.3,11.3,11.3,11.3,11.3,11.3,11.3,11.3,11.3,11.3,11.3,11.3,11.3
Rank: 1,1,1,1,1,1,1,1,1,1,1,1,1,1,1,1,1,1,1,1,1,1,1,1,1,1,1,1,1,1,1,1,1,1,1,1,1,1,1,1
Seed 2/10
Train loss: 2.3013,2.3013,2.3013,2.3013,2.3013,2.3013,2.3013,2.3013,2.3013,2.3013,2.3013,2.3013,2.3013,2.3013,2.3013,2.3013,2.3013,2.3013,2.3013,2.3013,2.3013,2.3013,2.3013,2.3013,2.3013,2.3013,2.3013,2.3013,2.3013,2.3013,2.3013,2.3013,2.3013,2.3013,2.3013,2.3013,2.3013,2.3013,2.3013,2.3013
Test loss: 2.3012,2.3012,2.3012,2.3012,2.3012,2.3012,2.3012,2.3012,2.3012,2.3012,2.3012,2.3012,2.3012,2.3012,2.3012,2.3012,2.3012,2.3012,2.3012,2.3012,2.3012,2.3012,2.3012,2.3012,2.3012,2.3012,2.3012,2.3012,2.3012,2.3012,2.3012,2.3012,2.3012,2.3012,2.3012,2.3012,2.3012,2.3012,2.3012,2.3012
Train accuracy: 11.2,11.2,11.2,11.2,11.2,11.2,11.2,11.2,11.2,11.2,11.2,11.2,11.2,11.2,11.2,11.2,11.2,11.2,11.2,11.2,11.2,11.2,11.2,11.2,11.2,11.2,11.2,11.2,11.2,11.2,11.2,11.2,11.2,11.2,11.2,11.2,11.2,11.2,11.2,11.2
Test accuracy: 11.3,11.3,11.3,11.3,11.3,11.3,11.3,11.3,11.3,11.3,11.3,11.3,11.3,11.3,11.3,11.3,11.3,11.3,11.3,11.3,11.3,11.3,11.3,11.3,11.3,11.3,11.3,11.3,11.3,11.3,11.3,11.3,11.3,11.3,11.3,11.3,11.3,11.3,11.3,11.3
Rank: 1,1,1,1,1,1,1,1,1,1,1,1,1,1,1,1,1,1,1,1,1,1,1,1,1,1,1,1,1,1,1,1,1,1,1,1,1,1,1,1
Seed 3/10
Train loss: 2.3013,2.3013,2.3013,2.3013,2.3013,2.3013,2.3013,2.3013,2.3013,2.3013,2.3013,2.3013,2.3013,2.3013,2.3013,2.3013,2.3013,2.3013,2.3013,2.3013,2.3013,2.3013,2.3013,2.3013,2.3013,2.3013,2.3013,2.3013,2.3013,2.3013,2.3013,2.3013,2.3013,2.3013,2.3013,2.3013,2.3013,2.3013,2.3013,2.3013
Test loss: 2.3012,2.3012,2.3012,2.3012,2.3012,2.3012,2.3012,2.3012,2.3012,2.3012,2.3012,2.3012,2.3012,2.3012,2.3012,2.3012,2.3012,2.3012,2.3012,2.3012,2.3012,2.3012,2.3012,2.3012,2.3012,2.3012,2.3012,2.3012,2.3012,2.3012,2.3012,2.3012,2.3012,2.3012,2.3012,2.3012,2.3012,2.3012,2.3012,2.3012
Train accuracy: 11.2,11.2,11.2,11.2,11.2,11.2,11.2,11.2,11.2,11.2,11.2,11.2,11.2,11.2,11.2,11.2,11.2,11.2,11.2,11.2,11.2,11.2,11.2,11.2,11.2,11.2,11.2,11.2,11.2,11.2,11.2,11.2,11.2,11.2,11.2,11.2,11.2,11.2,11.2,11.2
Test accuracy: 11.3,11.3,11.3,11.3,11.3,11.3,11.3,11.3,11.3,11.3,11.3,11.3,11.3,11.3,11.3,11.3,11.3,11.3,11.3,11.3,11.3,11.3,11.3,11.3,11.3,11.3,11.3,11.3,11.3,11.3,11.3,11.3,11.3,11.3,11.3,11.3,11.3,11.3,11.3,11.3
Rank: 1,1,1,1,1,1,1,1,1,1,1,1,1,1,1,1,1,1,1,1,1,1,1,1,1,1,1,1,1,1,1,1,1,1,1,1,1,1,1,1
Seed 4/10
Train loss: 1.6989,1.5079,1.4451,1.4331,1.3727,1.3516,1.3193,1.2985,1.26,1.237,1.225,1.2058,1.1917,1.1631,1.1494,1.1426,1.1165,1.1047,1.0889,1.0764,1.0625,1.0507,1.0406,1.0496,1.0303,1.0128,1.0079,0.9985,0.9955,0.9843,0.9869,0.9834,0.978,0.9786,0.9638,0.9608,0.974,0.9749,0.9592,0.9574
Test loss: 2.7058,2.0708,2.4502,3.0809,2.9845,2.0936,1.607,1.7523,1.7594,1.7,1.526,1.8225,1.3921,1.2912,1.3621,1.2464,1.196,1.2016,1.1756,1.1624,1.138,1.1438,1.1247,1.1374,1.122,1.1122,1.1009,1.0983,1.091,1.0921,1.0913,1.0854,1.0832,1.0866,1.0732,1.0737,1.0747,1.0925,1.0785,1.0726
Train accuracy: 31.7,37.3,37.6,38.5,41.7,42.1,42.2,42.6,44.8,46.2,46.5,47.5,48.6,50.9,50.9,51.4,53.3,51.7,53.5,54.2,55.8,56.7,56.9,55.5,57.0,57.7,57.9,58.5,58.2,58.9,58.4,58.9,59.0,58.9,59.3,59.5,58.9,58.2,59.2,59.5
Test accuracy: 31.1,36.9,37.8,38.0,41.5,41.5,42.2,41.8,44.0,45.2,46.0,46.8,48.2,50.3,50.4,50.1,52.4,50.3,51.9,52.0,54.4,54.8,54.7,53.4,55.1,55.0,55.6,55.8,55.9,56.0,56.0,56.5,56.2,56.2,56.5,56.6,56.2,55.1,55.9,56.7
Rank: 6,6,6,6,6,7,8,8,8,8,8,8,8,8,7,8,9,9,9,9,9,9,9,9,9,9,9,9,9,9,9,9,9,9,9,9,9,9,9,9
Seed 5/10
Train loss: 1.7119,1.5459,1.4917,1.4629,1.4231,1.4094,1.3741,1.3591,1.3417,1.3128,1.2951,1.2799,1.3008,1.2807,1.2548,1.2459,1.2489,1.2274,1.2249,1.1947,1.197,1.2,1.1892,1.1783,1.1659,1.1879,1.1775,1.1776,1.158,1.213,1.1537,1.1621,1.1641,1.1435,1.1373,1.1409,1.1097,1.1275,1.1263,1.1525
Test loss: 1.7266,1.5633,1.5597,1.6612,1.4868,1.4496,1.4076,1.4136,1.4051,1.367,1.3485,1.4009,1.6087,1.3961,1.3295,1.3557,1.3631,1.4279,1.3041,1.3373,1.3496,1.3019,1.2721,1.271,1.2588,1.2753,1.2717,1.2791,1.2625,1.3098,1.261,1.2731,1.2755,1.2672,1.2563,1.2667,1.2446,1.2686,1.2637,1.2897
Train accuracy: 25.2,34.6,34.3,35.4,39.0,39.5,45.4,43.6,44.1,45.3,45.6,45.5,43.8,46.0,47.1,47.7,48.2,49.4,49.2,50.5,50.1,50.7,50.3,50.7,51.9,50.7,51.4,50.8,51.6,49.0,51.8,51.6,50.8,51.9,51.7,52.4,53.6,53.2,52.9,51.1
Test accuracy: 25.4,35.5,34.8,36.3,39.5,39.5,45.3,44.0,44.4,45.2,45.3,45.1,43.5,45.7,46.4,47.1,47.7,48.4,48.2,48.9,48.5,49.2,49.1,49.0,50.2,49.1,50.0,48.6,49.6,47.6,49.9,49.7,49.1,49.5,49.4,50.4,51.0,50.5,50.4,49.0
Rank: 6,7,7,7,8,8,8,8,8,8,8,8,8,8,8,8,9,9,9,9,9,9,9,9,9,9,9,9,9,9,9,9,9,9,9,9,9,9,9,9
Seed 6/10
Train loss: 1.6766,1.5488,1.4952,1.4684,1.4424,1.4136,1.3907,1.3745,1.3682,1.3325,1.3201,1.3126,1.2875,1.2847,1.265,1.2509,1.243,1.2397,1.214,1.2046,1.1984,1.1888,1.1782,1.1712,1.1587,1.1601,1.1494,1.1482,1.1426,1.1393,1.1323,1.137,1.1307,1.1309,1.1164,1.1193,1.1055,1.1319,1.1007,1.1211
Test loss: 1.718,1.5934,1.528,1.5014,1.48,1.458,1.4606,1.428,1.4278,1.397,1.3968,1.4014,1.376,1.3555,1.3462,1.3458,1.3522,1.4574,1.365,1.3112,1.3056,1.297,1.2969,1.2865,1.2747,1.2681,1.2741,1.26,1.2588,1.2581,1.2658,1.2681,1.2615,1.2599,1.2547,1.2795,1.2634,1.272,1.2623,1.2801
Train accuracy: 29.7,33.7,36.2,37.2,39.9,42.2,43.3,44.0,44.1,45.3,45.0,45.1,45.7,45.7,46.3,47.6,47.2,47.8,48.8,50.1,50.6,51.1,51.5,51.9,52.5,52.1,52.8,52.6,52.9,52.6,53.0,52.7,52.8,52.7,53.4,53.7,54.1,52.5,53.9,52.3
Test accuracy: 29.1,32.7,35.6,36.7,38.9,41.4,42.4,43.1,43.4,44.6,44.4,44.4,44.8,44.9,45.4,46.5,46.0,46.3,46.9,48.0,48.5,48.7,49.2,49.5,49.4,49.3,49.9,50.2,50.0,50.0,49.8,49.6,49.7,49.8,50.4,50.4,50.8,49.3,50.3,49.0
Rank: 6,7,7,7,7,7,8,8,8,8,8,8,8,8,8,8,8,8,8,8,8,8,8,8,8,8,8,8,8,8,8,9,9,9,9,9,9,9,9,9
Seed 7/10
Train loss: 2.3013,2.3013,2.3013,2.3013,2.3013,2.3013,2.3013,2.3013,2.3013,2.3013,2.3013,2.3013,2.3013,2.3013,2.3013,2.3013,2.3013,2.3013,2.3013,2.3013,2.3013,2.3013,2.3013,2.3013,2.3013,2.3013,2.3013,2.3013,2.3013,2.3013,2.3013,2.3013,2.3013,2.3013,2.3013,2.3013,2.3013,2.3013,2.3013,2.3013
Test loss: 2.3011,2.3012,2.3012,2.3012,2.3012,2.3012,2.3012,2.3012,2.3012,2.3012,2.3012,2.3012,2.3012,2.3012,2.3012,2.3012,2.3012,2.3012,2.3012,2.3012,2.3012,2.3012,2.3012,2.3012,2.3012,2.3012,2.3012,2.3012,2.3012,2.3012,2.3012,2.3012,2.3012,2.3012,2.3012,2.3012,2.3012,2.3012,2.3012,2.3012
Train accuracy: 11.2,11.2,11.2,11.2,11.2,11.2,11.2,11.2,11.2,11.2,11.2,11.2,11.2,11.2,11.2,11.2,11.2,11.2,11.2,11.2,11.2,11.2,11.2,11.2,11.2,11.2,11.2,11.2,11.2,11.2,11.2,11.2,11.2,11.2,11.2,11.2,11.2,11.2,11.2,11.2
Test accuracy: 11.3,11.3,11.3,11.3,11.3,11.3,11.3,11.3,11.3,11.3,11.3,11.3,11.3,11.3,11.3,11.3,11.3,11.3,11.3,11.3,11.3,11.3,11.3,11.3,11.3,11.3,11.3,11.3,11.3,11.3,11.3,11.3,11.3,11.3,11.3,11.3,11.3,11.3,11.3,11.3
Rank: 1,1,1,1,1,1,1,1,1,1,1,1,1,1,1,1,1,1,1,1,1,1,1,1,1,1,1,1,1,1,1,1,1,1,1,1,1,1,1,1
Seed 8/10
Train loss: 2.3013,2.3013,2.3013,2.3013,2.3013,2.3013,2.3013,2.3013,2.3013,2.3013,2.3013,2.3013,2.3013,2.3013,2.3013,2.3013,2.3013,2.3013,2.3013,2.3013,2.3013,2.3013,2.3013,2.3013,2.3013,2.3013,2.3013,2.3013,2.3013,2.3013,2.3013,2.3013,2.3013,2.3013,2.3013,2.3013,2.3013,2.3013,2.3013,2.3013
Test loss: 2.3013,2.3012,2.3012,2.3012,2.3012,2.3012,2.3012,2.3012,2.3012,2.3012,2.3012,2.3012,2.3012,2.3012,2.3012,2.3012,2.3012,2.3012,2.3012,2.3012,2.3012,2.3012,2.3012,2.3012,2.3012,2.3012,2.3012,2.3012,2.3012,2.3012,2.3012,2.3012,2.3012,2.3012,2.3012,2.3012,2.3012,2.3012,2.3012,2.3012
Train accuracy: 11.2,11.2,11.2,11.2,11.2,11.2,11.2,11.2,11.2,11.2,11.2,11.2,11.2,11.2,11.2,11.2,11.2,11.2,11.2,11.2,11.2,11.2,11.2,11.2,11.2,11.2,11.2,11.2,11.2,11.2,11.2,11.2,11.2,11.2,11.2,11.2,11.2,11.2,11.2,11.2
Test accuracy: 11.3,11.3,11.3,11.3,11.3,11.3,11.3,11.3,11.3,11.3,11.3,11.3,11.3,11.3,11.3,11.3,11.3,11.3,11.3,11.3,11.3,11.3,11.3,11.3,11.3,11.3,11.3,11.3,11.3,11.3,11.3,11.3,11.3,11.3,11.3,11.3,11.3,11.3,11.3,11.3
Rank: 1,1,1,1,1,1,1,1,1,1,1,1,1,1,1,1,1,1,1,1,1,1,1,1,1,1,1,1,1,1,1,1,1,1,1,1,1,1,1,1
Seed 9/10
Train loss: 2.3014,2.3013,2.3013,2.3013,2.3013,2.3013,2.3013,2.3013,2.3013,2.3013,2.3013,2.3013,2.3013,2.3013,2.3013,2.3013,2.3013,2.3013,2.3013,2.3013,2.3013,2.3013,2.3013,2.3013,2.3013,2.3013,2.3013,2.3013,2.3013,2.3013,2.3013,2.3013,2.3013,2.3013,2.3013,2.3013,2.3013,2.3013,2.3013,2.3013
Test loss: 2.3012,2.3012,2.3012,2.3012,2.3012,2.3012,2.3012,2.3012,2.3012,2.3012,2.3012,2.3012,2.3012,2.3012,2.3012,2.3012,2.3012,2.3012,2.3012,2.3012,2.3012,2.3012,2.3012,2.3012,2.3012,2.3012,2.3012,2.3012,2.3012,2.3012,2.3012,2.3012,2.3012,2.3012,2.3012,2.3012,2.3012,2.3012,2.3012,2.3012
Train accuracy: 11.2,11.2,11.2,11.2,11.2,11.2,11.2,11.2,11.2,11.2,11.2,11.2,11.2,11.2,11.2,11.2,11.2,11.2,11.2,11.2,11.2,11.2,11.2,11.2,11.2,11.2,11.2,11.2,11.2,11.2,11.2,11.2,11.2,11.2,11.2,11.2,11.2,11.2,11.2,11.2
Test accuracy: 11.3,11.3,11.3,11.3,11.3,11.3,11.3,11.3,11.3,11.3,11.3,11.3,11.3,11.3,11.3,11.3,11.3,11.3,11.3,11.3,11.3,11.3,11.3,11.3,11.3,11.3,11.3,11.3,11.3,11.3,11.3,11.3,11.3,11.3,11.3,11.3,11.3,11.3,11.3,11.3
Rank: 1,1,1,1,1,1,1,1,1,1,1,1,1,1,1,1,1,1,1,1,1,1,1,1,1,1,1,1,1,1,1,1,1,1,1,1,1,1,1,1
Seed 10/10
Train loss: 2.3017,2.3013,2.3013,2.3013,2.3013,2.3013,2.3013,2.3013,2.3013,2.3013,2.3013,2.3013,2.3013,2.3013,2.3013,2.3013,2.3013,2.3013,2.3013,2.3013,2.3013,2.3013,2.3013,2.3013,2.3013,2.3013,2.3013,2.3013,2.3013,2.3013,2.3013,2.3013,2.3013,2.3013,2.3013,2.3013,2.3013,2.3013,2.3013,2.3013
Test loss: 2.3016,2.3012,2.3012,2.3012,2.3012,2.3012,2.3012,2.3012,2.3012,2.3012,2.3012,2.3012,2.3012,2.3012,2.3012,2.3012,2.3012,2.3012,2.3012,2.3012,2.3012,2.3012,2.3012,2.3012,2.3012,2.3012,2.3012,2.3012,2.3012,2.3012,2.3012,2.3012,2.3012,2.3012,2.3012,2.3012,2.3012,2.3012,2.3012,2.3012
Train accuracy: 10.4,11.2,11.2,11.2,11.2,11.2,11.2,11.2,11.2,11.2,11.2,11.2,11.2,11.2,11.2,11.2,11.2,11.2,11.2,11.2,11.2,11.2,11.2,11.2,11.2,11.2,11.2,11.2,11.2,11.2,11.2,11.2,11.2,11.2,11.2,11.2,11.2,11.2,11.2,11.2
Test accuracy: 10.3,11.3,11.3,11.3,11.3,11.3,11.3,11.3,11.3,11.3,11.3,11.3,11.3,11.3,11.3,11.3,11.3,11.3,11.3,11.3,11.3,11.3,11.3,11.3,11.3,11.3,11.3,11.3,11.3,11.3,11.3,11.3,11.3,11.3,11.3,11.3,11.3,11.3,11.3,11.3
Rank: 1,1,1,1,1,1,1,1,1,1,1,1,1,1,1,1,1,1,1,1,1,1,1,1,1,1,1,1,1,1,1,1,1,1,1,1,1,1,1,1
