Seed 1/10
Train loss: 0.2098,0.1379,0.109,0.0876,0.0747,0.0653,0.0625,0.0579,0.0666,0.0436,0.0436,0.0379,0.0339,0.0314,0.0339,0.0648,0.0246,0.0243,0.0217,0.0261,0.0284,0.0331,0.0187,0.0139,0.018,0.0272,0.0277,0.0166,0.0196,0.019,0.0168,0.0234,0.0176,0.0133,0.0201,0.0178,0.0164,0.0207,0.0084,0.0118
Test loss: 0.2005,0.1347,0.1185,0.1085,0.1059,0.1057,0.1159,0.1141,0.1307,0.1078,0.1183,0.1172,0.1228,0.1244,0.1336,0.1805,0.1324,0.13,0.1355,0.1407,0.1438,0.1706,0.1394,0.1354,0.1413,0.1537,0.1568,0.1455,0.1438,0.1607,0.1597,0.1716,0.1557,0.1359,0.1649,0.1643,0.1696,0.1652,0.1529,0.1679
Train accuracy: 93.9,96.0,96.7,97.4,97.8,98.0,98.1,98.2,98.0,98.7,98.7,98.9,99.0,99.1,99.0,98.1,99.3,99.3,99.4,99.2,99.1,99.0,99.4,99.6,99.5,99.2,99.2,99.5,99.4,99.4,99.5,99.3,99.5,99.6,99.4,99.5,99.5,99.4,99.7,99.6
Test accuracy: 94.1,96.1,96.4,96.7,97.0,97.0,96.8,97.0,96.7,97.3,97.1,97.2,97.1,97.2,97.0,96.4,97.3,97.4,97.4,97.3,97.2,96.9,97.3,97.5,97.3,97.2,97.0,97.4,97.2,97.3,97.2,97.2,97.3,97.7,97.2,97.2,97.4,97.3,97.5,97.5
Rank: 10,10,10,10,10,10,10,10,10,10,10,10,10,10,10,10,10,10,10,10,10,10,10,10,10,10,10,10,10,10,10,10,10,10,10,10,10,10,10,10
Seed 2/10
Train loss: 0.2109,0.1352,0.1065,0.0929,0.0714,0.07,0.063,0.0521,0.0459,0.0443,0.0412,0.0426,0.0333,0.0308,0.0325,0.0375,0.0332,0.0244,0.0248,0.0187,0.0163,0.0124,0.0161,0.0159,0.0172,0.0115,0.0207,0.0121,0.0127,0.0117,0.0115,0.0132,0.014,0.0175,0.0183,0.0087,0.0296,0.0075,0.0107,0.0143
Test loss: 0.2114,0.1451,0.1265,0.1224,0.1166,0.123,0.1224,0.117,0.1196,0.1279,0.1316,0.1485,0.1303,0.1456,0.1532,0.1654,0.1616,0.1589,0.1686,0.157,0.1597,0.1527,0.1668,0.1627,0.1797,0.1707,0.1837,0.1706,0.1793,0.1689,0.1775,0.168,0.1886,0.1944,0.1919,0.176,0.2276,0.1692,0.1893,0.2041
Train accuracy: 93.9,95.9,96.7,97.1,97.8,97.8,98.0,98.4,98.6,98.6,98.7,98.7,99.0,99.0,99.0,98.8,99.0,99.2,99.2,99.5,99.5,99.6,99.5,99.5,99.5,99.7,99.4,99.6,99.6,99.7,99.7,99.6,99.6,99.5,99.4,99.7,99.2,99.8,99.7,99.6
Test accuracy: 94.0,95.5,96.1,96.3,96.8,96.6,96.6,97.0,97.1,97.0,96.8,97.0,97.0,97.0,97.0,96.7,97.0,97.1,97.1,97.3,97.5,97.4,97.2,97.3,97.2,97.4,97.3,97.3,97.2,97.5,97.4,97.5,97.2,97.3,97.1,97.3,96.8,97.5,97.4,97.2
Rank: 10,10,10,10,10,10,10,10,10,10,10,10,10,10,10,10,10,10,10,10,10,10,10,10,10,10,10,10,10,10,10,10,10,10,10,10,10,10,10,10
Seed 3/10
Train loss: 0.3456,0.2358,0.1917,0.1661,0.1442,0.1243,0.1161,0.1129,0.0892,0.0898,0.0764,0.0732,0.073,0.0694,0.0624,0.0826,0.0686,0.0635,0.0793,0.0563,0.0548,0.0449,0.0542,0.0484,0.0545,0.0446,0.0654,0.051,0.0499,0.0434,0.0431,0.0335,0.0377,0.0316,0.035,0.044,0.0428,0.0386,0.0268,0.0346
Test loss: 0.3302,0.2382,0.2043,0.1889,0.1726,0.1578,0.1563,0.1539,0.1426,0.1408,0.133,0.1386,0.1443,0.1479,0.1342,0.1696,0.1617,0.1583,0.1754,0.1671,0.1634,0.1598,0.1706,0.1752,0.1706,0.1801,0.2052,0.1732,0.1846,0.1861,0.1906,0.1805,0.1962,0.1848,0.2006,0.2066,0.1972,0.1992,0.1684,0.1914
Train accuracy: 90.0,92.9,94.3,95.1,95.7,96.4,96.6,96.7,97.4,97.3,97.7,97.7,97.8,97.9,98.2,97.5,98.0,98.1,97.6,98.3,98.3,98.7,98.4,98.5,98.3,98.7,98.1,98.5,98.5,98.8,98.8,99.0,98.9,99.1,99.0,98.7,98.8,98.9,99.2,99.0
Test accuracy: 90.5,92.8,93.7,94.4,95.1,95.6,95.9,95.8,96.2,96.5,96.6,96.4,96.3,96.5,96.9,96.1,96.2,96.3,95.9,96.3,96.3,96.7,96.5,96.4,96.4,96.4,95.9,96.5,96.3,96.5,96.3,96.5,96.4,96.6,96.4,96.3,96.5,96.4,96.8,96.6
Rank: 10,10,10,10,10,10,10,10,10,10,10,10,10,10,10,10,10,10,10,10,10,10,10,10,10,10,10,10,10,10,10,10,10,10,10,10,10,10,10,10
Seed 4/10
Train loss: 1.0733,0.6572,0.5512,0.4754,0.4103,0.4043,0.375,0.3354,0.3195,0.3028,0.2791,0.3067,0.2887,0.2609,0.2623,0.2452,0.2289,0.2374,0.2542,0.2377,0.2524,0.2287,0.219,0.2007,0.2042,0.2143,0.1962,0.1924,0.2027,0.1907,0.1857,0.1804,0.1954,0.1999,0.1798,0.1761,0.1784,0.1832,0.1637,0.1604
Test loss: 1.0668,0.6728,0.5766,0.5079,0.4428,0.4443,0.4204,0.3777,0.3674,0.3607,0.337,0.3674,0.3573,0.3318,0.3358,0.3212,0.3185,0.326,0.3489,0.328,0.3571,0.3265,0.3196,0.3092,0.3184,0.3296,0.3194,0.3193,0.3241,0.3097,0.3185,0.3172,0.3261,0.3305,0.3194,0.3253,0.3288,0.3423,0.3147,0.3138
Train accuracy: 63.4,83.8,86.3,88.4,89.9,89.4,89.9,91.0,91.3,91.7,92.3,91.1,91.7,92.5,92.5,93.0,93.6,93.3,92.7,93.0,92.7,93.2,93.7,94.3,94.2,93.9,94.3,94.6,94.0,94.4,94.7,94.8,94.2,94.1,94.8,94.9,94.8,94.7,95.3,95.4
Test accuracy: 63.8,83.5,85.7,87.2,88.7,88.2,88.7,89.7,89.8,89.8,90.3,89.0,89.6,90.5,90.5,90.8,90.9,90.8,90.3,90.8,90.3,90.8,91.0,91.6,91.1,90.9,91.4,91.5,90.9,91.5,91.4,91.4,91.2,90.9,91.4,91.2,91.2,91.2,91.8,91.8
Rank: 10,10,10,10,10,10,10,10,10,10,10,10,10,10,10,10,10,10,10,10,10,10,10,10,10,10,10,10,10,10,10,10,10,10,10,10,10,10,10,10
Seed 5/10
Train loss: 2.3013,2.3012,2.3012,2.3012,2.3012,2.3012,2.3012,2.3012,2.3012,2.3012,2.3012,2.3012,2.3012,2.3012,2.3012,2.3012,2.3012,2.3012,2.3012,2.3012,2.3012,2.3012,2.3012,2.3012,2.3012,2.3012,2.3012,2.3012,2.3012,2.3012,2.3012,2.3012,2.3012,2.3012,2.3012,2.3012,2.3012,2.3012,2.3012,2.3012
Test loss: 2.3012,2.3011,2.3011,2.3011,2.3011,2.3011,2.3011,2.3011,2.3011,2.3011,2.3011,2.3011,2.3011,2.3011,2.3011,2.3011,2.3011,2.3011,2.3011,2.3011,2.3011,2.3011,2.3011,2.3011,2.3011,2.3011,2.3011,2.3011,2.3011,2.3011,2.3011,2.3011,2.3011,2.3011,2.3011,2.3011,2.3011,2.3011,2.3011,2.3011
Train accuracy: 11.2,11.2,11.2,11.2,11.2,11.2,11.2,11.2,11.2,11.2,11.2,11.2,11.2,11.2,11.2,11.2,11.2,11.2,11.2,11.2,11.2,11.2,11.2,11.2,11.2,11.2,11.2,11.2,11.2,11.2,11.2,11.2,11.2,11.2,11.2,11.2,11.2,11.2,11.2,11.2
Test accuracy: 11.3,11.3,11.3,11.3,11.3,11.3,11.3,11.3,11.3,11.3,11.3,11.3,11.3,11.3,11.3,11.3,11.3,11.3,11.3,11.3,11.3,11.3,11.3,11.3,11.3,11.3,11.3,11.3,11.3,11.3,11.3,11.3,11.3,11.3,11.3,11.3,11.3,11.3,11.3,11.3
Rank: 1,1,1,1,1,1,1,1,1,1,1,1,1,1,1,1,1,1,1,1,1,1,1,1,1,1,1,1,1,1,1,1,1,1,1,1,1,1,1,1
Seed 6/10
Train loss: 0.2134,0.129,0.0999,0.0757,0.0683,0.0663,0.0497,0.0542,0.0438,0.038,0.0518,0.0345,0.0441,0.0328,0.0266,0.0537,0.0185,0.024,0.0159,0.0161,0.0139,0.0155,0.0236,0.0135,0.0091,0.0119,0.0197,0.0117,0.0076,0.0086,0.0167,0.0105,0.0065,0.0103,0.0092,0.0106,0.0081,0.0097,0.007,0.0065
Test loss: 0.2101,0.1384,0.1204,0.1046,0.1053,0.1089,0.101,0.1112,0.1071,0.1124,0.1257,0.1214,0.133,0.1303,0.1187,0.1586,0.1177,0.1313,0.1231,0.1247,0.1281,0.1458,0.1447,0.128,0.1309,0.1307,0.15,0.1342,0.1335,0.1449,0.1559,0.1529,0.1492,0.1561,0.1576,0.1656,0.1633,0.1711,0.1508,0.1538
Train accuracy: 94.0,96.3,97.1,97.8,97.9,98.0,98.4,98.3,98.6,98.8,98.4,98.9,98.7,99.0,99.2,98.4,99.4,99.2,99.5,99.5,99.6,99.5,99.3,99.6,99.7,99.6,99.3,99.6,99.8,99.7,99.5,99.7,99.8,99.7,99.7,99.6,99.7,99.7,99.8,99.8
Test accuracy: 94.2,96.2,96.6,97.2,97.3,97.3,97.4,97.2,97.5,97.3,97.2,97.3,96.9,97.3,97.5,96.7,97.5,97.4,97.5,97.7,97.6,97.3,97.3,97.6,97.6,97.4,97.3,97.5,97.6,97.7,97.4,97.4,97.7,97.6,97.7,97.5,97.6,97.5,97.7,97.8
Rank: 10,10,10,10,10,10,10,10,10,10,10,10,10,10,10,10,10,10,10,10,10,10,10,10,10,10,10,10,10,10,10,10,10,10,10,10,10,10,10,10
Seed 7/10
Train loss: 1.0066,0.8384,0.6424,0.5151,0.4338,0.3661,0.3147,0.282,0.2713,0.2588,0.2476,0.2497,0.2331,0.2189,0.2051,0.2228,0.1904,0.2002,0.1872,0.1898,0.1891,0.179,0.1701,0.1643,0.1704,0.1683,0.1687,0.1736,0.1613,0.1544,0.1532,0.1586,0.1591,0.1535,0.172,0.1421,0.1464,0.1332,0.1382,0.152
Test loss: 1.0038,0.8525,0.6523,0.5306,0.4526,0.3925,0.3423,0.3198,0.3121,0.3082,0.2971,0.2951,0.2923,0.2914,0.2848,0.3097,0.279,0.2963,0.2908,0.29,0.3018,0.2935,0.2811,0.2815,0.2939,0.3013,0.2905,0.3012,0.3046,0.2938,0.3162,0.3095,0.3215,0.3,0.3309,0.3034,0.3062,0.2993,0.3029,0.3127
Train accuracy: 64.9,70.5,78.8,81.9,89.9,91.0,92.1,92.9,92.9,93.1,93.3,93.3,93.7,94.1,94.4,94.1,94.9,94.5,95.0,94.8,94.9,95.2,95.4,95.6,95.5,95.4,95.5,95.3,95.6,95.9,95.9,95.7,95.8,95.9,95.3,96.3,96.0,96.4,96.3,96.0
Test accuracy: 65.2,70.6,78.8,81.6,89.6,90.1,91.3,91.7,91.7,91.8,92.0,91.9,92.2,92.2,92.3,92.2,92.5,92.3,92.7,92.4,92.3,92.5,92.8,92.8,92.7,92.7,92.9,92.7,92.8,92.8,92.7,92.4,92.6,92.9,92.3,92.8,92.6,92.9,92.7,93.0
Rank: 10,10,10,10,10,10,10,10,10,10,10,10,10,10,10,10,10,10,10,10,10,10,10,10,10,10,10,10,10,10,10,10,10,10,10,10,10,10,10,10
Seed 8/10
Train loss: 1.7514,1.6776,1.6441,1.6261,1.6025,1.5881,1.1686,0.8005,0.6569,0.6003,0.5726,0.5368,0.5203,0.4779,0.4288,0.3701,0.291,0.2556,0.2212,0.2109,0.1918,0.1853,0.1787,0.1816,0.1653,0.165,0.1612,0.147,0.153,0.1452,0.1328,0.1405,0.133,0.1287,0.1249,0.1302,0.119,0.1252,0.1262,0.1196
Test loss: 1.7646,1.6909,1.6555,1.6389,1.6136,1.6012,1.1842,0.8083,0.6627,0.6118,0.5879,0.5588,0.5464,0.5018,0.4485,0.3997,0.3205,0.2886,0.2678,0.2581,0.246,0.2489,0.2461,0.2503,0.2479,0.2497,0.2421,0.239,0.2335,0.2459,0.2385,0.2456,0.2442,0.2428,0.2376,0.2436,0.2389,0.244,0.2487,0.2551
Train accuracy: 29.6,33.0,34.5,34.3,36.8,37.0,53.1,71.8,78.3,78.0,78.5,79.8,79.9,81.5,84.4,85.9,92.7,93.8,94.7,94.8,95.3,95.5,95.5,95.4,95.8,95.9,95.9,96.3,96.1,96.3,96.7,96.4,96.6,96.7,96.8,96.6,97.0,96.7,96.6,96.9
Test accuracy: 29.2,32.8,34.6,34.4,37.0,37.2,53.1,71.5,77.5,76.9,76.9,78.5,78.4,80.6,83.7,84.8,91.9,92.4,93.2,93.3,93.8,93.8,93.7,93.8,93.8,93.8,93.7,94.0,94.1,94.0,94.0,93.9,94.0,93.7,94.2,93.9,94.2,94.0,94.0,93.9
Rank: 7,7,7,7,7,7,10,10,10,10,10,10,10,10,10,10,10,10,10,10,10,10,10,10,10,10,10,10,10,10,10,10,10,10,10,10,10,10,10,10
Seed 9/10
Train loss: 0.1898,0.11,0.0879,0.0795,0.085,0.0609,0.0579,0.0458,0.0316,0.0342,0.0279,0.0288,0.0257,0.0241,0.0173,0.0209,0.0148,0.0182,0.0123,0.0128,0.0199,0.0177,0.0138,0.0128,0.0123,0.0183,0.0207,0.0094,0.0137,0.0085,0.0053,0.0082,0.0059,0.0096,0.007,0.0046,0.0083,0.0098,0.0055,0.0097
Test loss: 0.182,0.126,0.1182,0.1169,0.1328,0.11,0.1124,0.1082,0.0945,0.1051,0.1006,0.1026,0.1078,0.1119,0.1131,0.1189,0.1126,0.1234,0.1158,0.1192,0.1223,0.1312,0.1292,0.1343,0.1292,0.1396,0.1522,0.1297,0.1361,0.1273,0.1322,0.1461,0.1314,0.1461,0.1402,0.1354,0.1527,0.1595,0.1607,0.1554
Train accuracy: 94.3,96.7,97.3,97.6,97.3,98.2,98.3,98.6,99.0,98.9,99.2,99.1,99.2,99.3,99.5,99.3,99.5,99.4,99.7,99.6,99.4,99.5,99.6,99.6,99.6,99.5,99.4,99.7,99.6,99.7,99.8,99.8,99.8,99.7,99.8,99.9,99.8,99.7,99.8,99.7
Test accuracy: 94.6,96.3,96.5,96.5,96.4,96.9,97.0,97.2,97.6,97.4,97.6,97.5,97.6,97.7,97.9,97.6,97.8,97.5,97.7,97.8,97.7,97.6,97.7,97.7,97.9,97.7,97.4,97.8,97.7,98.0,97.8,97.9,98.0,97.6,97.9,98.1,97.8,97.8,97.9,97.9
Rank: 10,10,10,10,10,10,10,10,10,10,10,10,10,10,10,10,10,10,10,10,10,10,10,10,10,10,10,10,10,10,10,10,10,10,10,10,10,10,10,10
Seed 10/10
Train loss: 0.5748,0.2117,0.1398,0.1103,0.0918,0.0828,0.0718,0.0773,0.0723,0.0785,0.0566,0.0667,0.0522,0.042,0.0428,0.0418,0.048,0.0356,0.0338,0.0387,0.0346,0.0253,0.0279,0.0278,0.0303,0.0263,0.0236,0.0191,0.0197,0.0201,0.0207,0.0253,0.0228,0.0204,0.0214,0.0281,0.0198,0.0192,0.0292,0.0181
Test loss: 0.5709,0.2101,0.1502,0.1283,0.1167,0.1182,0.1124,0.1254,0.129,0.1492,0.1317,0.1513,0.1399,0.1396,0.1403,0.1445,0.1506,0.1516,0.1483,0.17,0.148,0.1392,0.1587,0.1506,0.1678,0.158,0.1514,0.1554,0.1539,0.1667,0.1646,0.1715,0.1726,0.1819,0.1754,0.1674,0.164,0.1713,0.1937,0.185
Train accuracy: 84.2,94.4,95.9,96.8,97.4,97.6,97.8,97.6,97.7,97.5,98.2,97.9,98.3,98.6,98.6,98.6,98.5,98.8,98.9,98.7,98.9,99.2,99.1,99.1,99.1,99.2,99.3,99.4,99.4,99.4,99.4,99.3,99.3,99.4,99.3,99.1,99.4,99.4,99.2,99.5
Test accuracy: 84.7,94.3,95.6,96.3,96.6,96.7,96.8,96.4,96.3,95.9,96.5,96.2,96.6,96.8,96.6,96.8,96.6,96.7,96.8,96.3,96.8,97.0,96.8,96.8,97.0,97.0,96.9,97.1,96.9,96.8,96.9,96.9,96.8,96.8,97.0,97.0,97.0,97.0,96.6,96.8
Rank: 10,10,10,10,10,10,10,10,10,10,10,10,10,10,10,10,10,10,10,10,10,10,10,10,10,10,10,10,10,10,10,10,10,10,10,10,10,10,10,10
