Seed 1/10
Train loss: 0.1898,0.1132,0.0824,0.0597,0.0441,0.0435,0.0326,0.0248,0.0235,0.0218,0.019,0.0186,0.0185,0.0137,0.0116,0.0115,0.0143,0.0093,0.0149,0.0089,0.0093,0.0086,0.0068,0.0086,0.0063,0.0081,0.006,0.0066,0.0062,0.0062,0.0053,0.007,0.0058,0.0055,0.0056,0.007,0.0047,0.0079,0.0064,0.0041
Test loss: 0.1911,0.1197,0.0894,0.0777,0.0632,0.0584,0.0545,0.0482,0.0488,0.0502,0.0463,0.0451,0.0459,0.0454,0.0448,0.0435,0.0509,0.0473,0.0503,0.0456,0.0472,0.0439,0.045,0.0487,0.046,0.0496,0.0476,0.0529,0.0522,0.0504,0.0538,0.0502,0.0501,0.0494,0.0487,0.0541,0.0548,0.0578,0.0629,0.0544
Train accuracy: 97.0,97.9,98.1,98.6,98.9,98.9,99.1,99.3,99.3,99.4,99.5,99.5,99.6,99.7,99.7,99.7,99.7,99.8,99.7,99.8,99.7,99.8,99.8,99.8,99.8,99.8,99.8,99.8,99.8,99.8,99.8,99.8,99.8,99.9,99.8,99.8,99.9,99.7,99.8,99.9
Test accuracy: 96.9,97.7,97.9,98.2,98.4,98.5,98.6,98.7,98.6,98.8,98.8,98.8,98.8,98.9,98.9,98.9,98.8,99.0,98.7,99.0,99.0,99.0,99.0,98.8,99.1,99.0,99.0,98.8,98.9,99.0,98.9,99.0,98.8,99.0,98.9,99.0,98.9,98.8,98.7,99.0
Rank: 10,10,10,10,10,10,10,10,10,10,10,10,10,10,10,10,10,10,10,10,10,10,10,10,10,10,10,10,10,10,10,10,10,10,10,10,10,10,10,10
Seed 2/10
Train loss: 0.2156,0.1181,0.079,0.0566,0.0477,0.0382,0.0267,0.024,0.0236,0.0194,0.0142,0.0137,0.0137,0.0111,0.0108,0.0096,0.0085,0.0107,0.0097,0.008,0.0078,0.0061,0.0079,0.0063,0.0068,0.0055,0.0057,0.0092,0.0044,0.0051,0.0049,0.0054,0.0037,0.0056,0.0052,0.0039,0.0049,0.004,0.0031,0.0039
Test loss: 0.2161,0.1231,0.0938,0.0727,0.0666,0.0682,0.0536,0.0535,0.0589,0.0555,0.0551,0.0585,0.0524,0.058,0.0532,0.0555,0.0573,0.0565,0.0548,0.0554,0.0481,0.0514,0.0531,0.0541,0.0534,0.0493,0.0532,0.0578,0.0531,0.0492,0.0508,0.0586,0.0465,0.056,0.0552,0.0497,0.0531,0.0527,0.0481,0.0451
Train accuracy: 96.0,97.6,98.1,98.6,98.7,99.0,99.3,99.4,99.4,99.5,99.7,99.7,99.6,99.7,99.7,99.8,99.8,99.7,99.7,99.8,99.8,99.8,99.8,99.8,99.8,99.8,99.8,99.7,99.9,99.8,99.9,99.8,99.9,99.8,99.8,99.9,99.8,99.9,99.9,99.9
Test accuracy: 96.0,97.5,97.6,98.1,98.2,98.1,98.5,98.5,98.3,98.4,98.5,98.4,98.6,98.5,98.6,98.5,98.4,98.5,98.6,98.5,98.8,98.7,98.7,98.6,98.6,98.8,98.6,98.5,98.6,98.7,98.5,98.4,98.8,98.5,98.5,98.7,98.5,98.5,98.8,98.8
Rank: 10,10,10,10,10,10,10,10,10,10,10,10,10,10,10,10,10,10,10,10,10,10,10,10,10,10,10,10,10,10,10,10,10,10,10,10,10,10,10,10
Seed 3/10
Train loss: 0.1793,0.1148,0.0774,0.0564,0.0478,0.0416,0.0326,0.0312,0.0234,0.0202,0.0181,0.02,0.0162,0.0155,0.0124,0.0136,0.0136,0.0149,0.0121,0.0107,0.0091,0.0102,0.0092,0.0087,0.0078,0.006,0.0068,0.0066,0.0059,0.0059,0.0081,0.0061,0.0048,0.0065,0.0094,0.0052,0.0051,0.0055,0.0081,0.0069
Test loss: 0.1783,0.1193,0.0861,0.0687,0.0663,0.0575,0.053,0.0521,0.0488,0.0494,0.0508,0.0551,0.0509,0.0543,0.0475,0.057,0.0519,0.0541,0.0563,0.0476,0.053,0.0522,0.0504,0.0486,0.0496,0.05,0.0455,0.0466,0.0463,0.0511,0.0518,0.0481,0.0463,0.0533,0.0504,0.0475,0.0501,0.05,0.0579,0.0509
Train accuracy: 97.0,97.7,98.2,98.6,98.5,98.8,99.1,99.0,99.2,99.4,99.4,99.3,99.5,99.5,99.6,99.6,99.6,99.5,99.6,99.6,99.7,99.7,99.7,99.7,99.7,99.8,99.8,99.8,99.8,99.8,99.7,99.8,99.9,99.8,99.7,99.9,99.9,99.9,99.8,99.9
Test accuracy: 97.1,97.5,98.0,98.2,97.8,98.3,98.5,98.5,98.6,98.7,98.6,98.4,98.5,98.6,98.8,98.6,98.5,98.5,98.4,98.6,98.5,98.7,98.7,98.7,98.7,98.8,98.8,98.8,98.8,98.8,98.7,98.8,99.0,98.7,98.7,98.9,98.8,98.8,98.8,98.8
Rank: 10,10,10,10,10,10,10,10,10,10,10,10,10,10,10,10,10,10,10,10,10,10,10,10,10,10,10,10,10,10,10,10,10,10,10,10,10,10,10,10
Seed 4/10
Train loss: 0.1253,0.0713,0.0552,0.043,0.0305,0.0286,0.0224,0.0193,0.0188,0.0169,0.0145,0.0108,0.0138,0.0099,0.0136,0.008,0.0095,0.0077,0.0071,0.0061,0.0099,0.0078,0.0083,0.0063,0.0053,0.0115,0.0063,0.0059,0.0058,0.0054,0.0069,0.0043,0.0046,0.0049,0.0053,0.0053,0.0041,0.0038,0.0041,0.0076
Test loss: 0.1301,0.0843,0.0688,0.0581,0.0487,0.0524,0.0496,0.0533,0.0529,0.0523,0.0526,0.0461,0.0504,0.0495,0.0518,0.0477,0.0525,0.044,0.0451,0.0451,0.0497,0.0446,0.0505,0.0475,0.0474,0.064,0.0508,0.0468,0.0501,0.0509,0.0527,0.0489,0.045,0.0504,0.0494,0.0491,0.048,0.0479,0.0489,0.05
Train accuracy: 97.0,98.2,98.4,98.8,99.2,99.1,99.4,99.5,99.5,99.5,99.6,99.7,99.6,99.7,99.6,99.8,99.7,99.8,99.8,99.9,99.7,99.7,99.7,99.8,99.9,99.7,99.8,99.8,99.8,99.9,99.8,99.9,99.9,99.8,99.8,99.8,99.9,99.9,99.9,99.6
Test accuracy: 96.8,97.8,97.9,98.3,98.6,98.4,98.6,98.4,98.4,98.5,98.7,98.7,98.7,98.7,98.5,98.7,98.6,98.9,98.8,98.7,98.6,98.7,98.6,98.8,98.8,98.4,98.6,98.7,98.6,98.8,98.7,98.8,98.9,98.7,98.8,98.6,98.8,98.8,98.7,98.5
Rank: 10,10,10,10,10,10,10,10,10,10,10,10,10,10,10,10,10,10,10,10,10,10,10,10,10,10,10,10,10,10,10,10,10,10,10,10,10,10,10,10
Seed 5/10
Train loss: 0.2231,0.1444,0.0924,0.0736,0.0537,0.0409,0.0324,0.0316,0.0297,0.022,0.0227,0.0231,0.016,0.018,0.0142,0.0141,0.0128,0.0106,0.0116,0.0087,0.012,0.0099,0.0119,0.0081,0.009,0.0082,0.0081,0.0079,0.0059,0.0083,0.0065,0.0068,0.0072,0.0051,0.0057,0.0081,0.0049,0.0054,0.005,0.0082
Test loss: 0.2247,0.1528,0.1066,0.0938,0.0765,0.0698,0.0648,0.0599,0.0656,0.0618,0.0575,0.0538,0.0495,0.0595,0.0567,0.0594,0.0589,0.0567,0.0579,0.0558,0.058,0.057,0.0591,0.0503,0.0568,0.0566,0.0656,0.0601,0.0584,0.0575,0.0579,0.0596,0.0556,0.0541,0.0532,0.0653,0.0589,0.0607,0.0553,0.0589
Train accuracy: 96.7,96.5,97.8,98.1,98.6,99.0,99.2,99.2,99.2,99.5,99.4,99.4,99.6,99.5,99.6,99.6,99.7,99.7,99.7,99.8,99.7,99.7,99.6,99.8,99.7,99.8,99.8,99.7,99.8,99.8,99.8,99.7,99.8,99.8,99.8,99.7,99.9,99.8,99.8,99.7
Test accuracy: 96.8,96.2,97.5,97.7,98.1,98.2,98.3,98.3,98.2,98.5,98.5,98.5,98.7,98.4,98.5,98.5,98.5,98.5,98.5,98.7,98.5,98.6,98.5,98.7,98.5,98.7,98.4,98.5,98.5,98.5,98.6,98.4,98.7,98.7,98.6,98.4,98.6,98.6,98.6,98.5
Rank: 10,10,10,10,10,10,10,10,10,10,10,10,10,10,10,10,10,10,10,10,10,10,10,10,10,10,10,10,10,10,10,10,10,10,10,10,10,10,10,10
Seed 6/10
Train loss: 0.2729,0.1582,0.1006,0.0718,0.0465,0.0363,0.0333,0.0262,0.02,0.0188,0.0154,0.0196,0.0131,0.0145,0.0129,0.0164,0.01,0.0092,0.0097,0.0073,0.0085,0.0082,0.0086,0.006,0.0057,0.0068,0.0045,0.0094,0.0096,0.0048,0.0042,0.0043,0.0051,0.0031,0.0042,0.0037,0.0076,0.0066,0.0036,0.005
Test loss: 0.276,0.1685,0.1114,0.0868,0.0649,0.0615,0.0639,0.0589,0.0545,0.052,0.0493,0.0621,0.0568,0.0581,0.0557,0.0608,0.0512,0.0502,0.0515,0.0481,0.058,0.055,0.0554,0.053,0.0541,0.0569,0.0495,0.0624,0.0656,0.0532,0.0522,0.0527,0.0585,0.0484,0.0572,0.0543,0.0627,0.0558,0.0529,0.0514
Train accuracy: 89.4,97.4,97.7,98.3,98.7,99.0,99.2,99.2,99.5,99.5,99.6,99.4,99.6,99.6,99.6,99.4,99.7,99.7,99.7,99.8,99.7,99.7,99.7,99.8,99.8,99.7,99.8,99.6,99.7,99.8,99.8,99.8,99.8,99.9,99.8,99.9,99.7,99.7,99.9,99.8
Test accuracy: 89.0,97.3,97.4,97.8,98.2,98.2,98.4,98.4,98.6,98.7,98.6,98.4,98.5,98.5,98.5,98.4,98.7,98.5,98.7,98.8,98.7,98.5,98.7,98.7,98.7,98.5,98.8,98.6,98.4,98.8,98.9,98.7,98.7,99.0,98.8,98.9,98.7,98.7,98.9,98.7
Rank: 10,10,10,10,10,10,10,10,10,10,10,10,10,10,10,10,10,10,10,10,10,10,10,10,10,10,10,10,10,10,10,10,10,10,10,10,10,10,10,10
Seed 7/10
Train loss: 0.4576,0.2757,0.1404,0.0974,0.0722,0.0648,0.0528,0.0505,0.0365,0.0338,0.0322,0.0232,0.0237,0.0193,0.0199,0.0162,0.0157,0.0154,0.0156,0.0133,0.0157,0.0159,0.0105,0.0191,0.0101,0.0114,0.0101,0.0094,0.0109,0.0075,0.0082,0.0081,0.0083,0.0067,0.0072,0.0062,0.0102,0.0071,0.0065,0.0089
Test loss: 0.4532,0.2765,0.1433,0.1085,0.0842,0.0809,0.0741,0.0717,0.0652,0.0656,0.0658,0.055,0.052,0.0531,0.056,0.055,0.0571,0.0573,0.0624,0.0524,0.0639,0.0574,0.0483,0.0656,0.055,0.0574,0.0534,0.0554,0.0581,0.0473,0.0481,0.0503,0.0515,0.0505,0.0506,0.052,0.0635,0.0479,0.0498,0.0566
Train accuracy: 96.0,96.8,96.7,97.5,98.3,98.3,98.7,98.6,99.0,99.1,99.1,99.4,99.4,99.5,99.4,99.6,99.6,99.6,99.6,99.6,99.5,99.6,99.7,99.4,99.7,99.7,99.7,99.7,99.7,99.8,99.7,99.8,99.7,99.8,99.8,99.8,99.6,99.8,99.8,99.7
Test accuracy: 96.0,96.9,96.8,97.3,97.9,97.9,98.3,98.1,98.2,98.2,98.1,98.7,98.6,98.6,98.6,98.6,98.5,98.7,98.4,98.7,98.3,98.5,98.8,98.3,98.5,98.6,98.5,98.6,98.6,98.8,98.8,98.7,98.7,98.7,98.8,98.8,98.4,98.7,98.8,98.7
Rank: 10,10,10,10,10,10,10,10,10,10,10,10,10,10,10,10,10,10,10,10,10,10,10,10,10,10,10,10,10,10,10,10,10,10,10,10,10,10,10,10
Seed 8/10
Train loss: 0.3239,0.2041,0.1502,0.1032,0.0824,0.0669,0.056,0.0506,0.0463,0.0398,0.0312,0.0294,0.0294,0.0277,0.0223,0.0221,0.0197,0.0216,0.0172,0.0162,0.0156,0.0184,0.0131,0.0134,0.0138,0.0119,0.0127,0.0104,0.0096,0.0101,0.0086,0.008,0.0088,0.0091,0.0075,0.0077,0.0064,0.0089,0.007,0.0056
Test loss: 0.3302,0.2072,0.1604,0.1229,0.1057,0.0928,0.083,0.0814,0.0776,0.0735,0.0695,0.0711,0.0729,0.0679,0.0615,0.0651,0.0633,0.0636,0.0568,0.0596,0.0598,0.059,0.058,0.0582,0.0566,0.0625,0.0624,0.0623,0.0599,0.0598,0.0583,0.0547,0.0581,0.0609,0.0549,0.0613,0.0575,0.0593,0.0553,0.0528
Train accuracy: 92.6,95.4,96.1,97.2,97.6,98.0,98.6,98.4,98.5,98.8,99.0,99.0,99.0,99.0,99.2,99.3,99.4,99.3,99.4,99.4,99.5,99.4,99.6,99.5,99.5,99.5,99.7,99.7,99.7,99.7,99.7,99.8,99.8,99.8,99.8,99.8,99.8,99.8,99.8,99.8
Test accuracy: 92.8,95.7,96.0,96.5,96.7,97.2,97.9,97.8,97.8,97.9,98.1,98.1,98.1,98.0,98.3,98.2,98.1,98.2,98.3,98.4,98.3,98.3,98.3,98.3,98.5,98.3,98.5,98.4,98.4,98.5,98.4,98.5,98.5,98.5,98.7,98.6,98.7,98.7,98.6,98.7
Rank: 10,10,10,10,10,10,10,10,10,10,10,10,10,10,10,10,10,10,10,10,10,10,10,10,10,10,10,10,10,10,10,10,10,10,10,10,10,10,10,10
Seed 9/10
Train loss: 0.1846,0.0952,0.0678,0.0644,0.0364,0.0288,0.0255,0.0214,0.0205,0.017,0.0139,0.0157,0.0123,0.01,0.0131,0.0098,0.0102,0.0108,0.0084,0.0062,0.0111,0.0059,0.0058,0.0056,0.0063,0.0055,0.0043,0.005,0.0068,0.0044,0.0052,0.0047,0.0057,0.0045,0.0037,0.004,0.0047,0.0052,0.0033,0.0031
Test loss: 0.1861,0.1059,0.0866,0.0869,0.0584,0.0533,0.0556,0.0495,0.054,0.0479,0.0451,0.0445,0.047,0.0491,0.0512,0.0464,0.0546,0.0532,0.0443,0.0428,0.052,0.0457,0.0441,0.0457,0.0488,0.0471,0.0417,0.0382,0.0449,0.0418,0.0462,0.0435,0.048,0.0434,0.042,0.0454,0.0471,0.0467,0.0407,0.0438
Train accuracy: 96.1,97.7,98.2,97.9,99.1,99.2,99.3,99.4,99.4,99.5,99.6,99.5,99.7,99.7,99.6,99.7,99.7,99.6,99.8,99.8,99.6,99.8,99.8,99.9,99.8,99.8,99.9,99.9,99.8,99.9,99.8,99.9,99.8,99.8,99.9,99.9,99.9,99.9,99.9,99.9
Test accuracy: 96.4,97.3,97.6,97.3,98.4,98.7,98.4,98.7,98.5,98.7,98.9,98.7,98.8,98.8,98.7,98.8,98.6,98.6,98.9,98.8,98.6,98.9,98.9,98.9,98.7,98.8,98.9,99.0,98.9,99.0,98.9,99.0,98.7,98.8,98.9,98.9,98.9,98.8,99.1,99.0
Rank: 10,10,10,10,10,10,10,10,10,10,10,10,10,10,10,10,10,10,10,10,10,10,10,10,10,10,10,10,10,10,10,10,10,10,10,10,10,10,10,10
Seed 10/10
Train loss: 0.2962,0.1536,0.1016,0.0749,0.061,0.0397,0.0348,0.031,0.0254,0.0245,0.0199,0.0258,0.017,0.0158,0.0146,0.0127,0.0122,0.0156,0.0097,0.0109,0.0118,0.0091,0.0105,0.0074,0.0088,0.0063,0.0071,0.0079,0.0078,0.0057,0.0059,0.0099,0.0053,0.0044,0.0047,0.0061,0.0044,0.0107,0.0048,0.0042
Test loss: 0.2926,0.1635,0.1129,0.092,0.086,0.0642,0.0635,0.0599,0.0572,0.0551,0.0556,0.0611,0.0529,0.0524,0.0589,0.0533,0.0534,0.0597,0.0569,0.0544,0.0594,0.0521,0.06,0.0586,0.0564,0.0568,0.0572,0.0527,0.0567,0.0541,0.0553,0.0621,0.0573,0.0518,0.0557,0.0524,0.0519,0.0601,0.0539,0.0544
Train accuracy: 91.2,97.2,97.8,97.8,98.1,98.9,99.0,99.1,99.3,99.3,99.4,99.1,99.5,99.5,99.5,99.6,99.6,99.5,99.7,99.6,99.6,99.7,99.6,99.7,99.7,99.8,99.8,99.7,99.7,99.8,99.8,99.6,99.8,99.9,99.8,99.8,99.9,99.7,99.8,99.9
Test accuracy: 91.4,97.0,97.6,97.5,97.5,98.2,98.1,98.3,98.3,98.5,98.5,98.3,98.7,98.6,98.4,98.6,98.6,98.5,98.6,98.6,98.4,98.7,98.5,98.6,98.6,98.7,98.7,98.7,98.6,98.6,98.7,98.3,98.7,98.8,98.8,98.7,98.8,98.6,98.8,98.8
Rank: 10,10,10,10,10,10,10,10,10,10,10,10,10,10,10,10,10,10,10,10,10,10,10,10,10,10,10,10,10,10,10,10,10,10,10,10,10,10,10,10
