Seed 1/10
Train loss: 0.2937,0.1647,0.1159,0.0948,0.0671,0.0605,0.0485,0.0405,0.0352,0.0395,0.0285,0.0258,0.0231,0.019,0.0208,0.0153,0.0184,0.0134,0.0119,0.0156,0.013,0.0125,0.0148,0.0133,0.0095,0.0083,0.0099,0.0072,0.0111,0.0087,0.0077,0.0065,0.0077,0.0067,0.0057,0.0092,0.0082,0.0062,0.0055,0.0063
Test loss: 0.2943,0.171,0.1327,0.1121,0.0902,0.0857,0.0793,0.0711,0.07,0.073,0.0657,0.0639,0.0647,0.0626,0.0616,0.0594,0.0629,0.0627,0.0553,0.0587,0.0562,0.0602,0.0685,0.0562,0.0577,0.0567,0.0603,0.0607,0.0681,0.0595,0.0627,0.0599,0.054,0.0585,0.0538,0.067,0.0726,0.0659,0.0572,0.0582
Train accuracy: 95.2,96.5,97.2,97.6,98.3,98.3,98.7,99.0,99.0,98.9,99.2,99.3,99.4,99.5,99.4,99.6,99.5,99.6,99.6,99.5,99.6,99.7,99.6,99.7,99.7,99.8,99.7,99.8,99.7,99.8,99.8,99.8,99.8,99.8,99.8,99.8,99.8,99.8,99.8,99.8
Test accuracy: 95.0,96.4,96.5,97.1,97.5,97.7,97.9,98.1,98.0,98.1,98.2,98.2,98.2,98.3,98.2,98.5,98.3,98.5,98.5,98.5,98.5,98.4,98.4,98.6,98.6,98.7,98.6,98.7,98.4,98.6,98.4,98.7,98.7,98.7,98.7,98.5,98.5,98.6,98.7,98.5
Rank: 10,10,10,10,10,10,10,10,10,10,10,10,10,10,10,10,10,10,10,10,10,10,10,10,10,10,10,10,10,10,10,10,10,10,10,10,10,10,10,10
Seed 2/10
Train loss: 0.3796,0.183,0.1097,0.0793,0.0641,0.0531,0.0373,0.0285,0.03,0.0214,0.0226,0.02,0.0179,0.0156,0.0161,0.0112,0.0128,0.0128,0.0138,0.0089,0.009,0.0091,0.0068,0.0109,0.0109,0.0071,0.0062,0.0098,0.0063,0.0068,0.0069,0.008,0.005,0.0047,0.0049,0.0056,0.0052,0.0041,0.0039,0.0053
Test loss: 0.3807,0.1877,0.1146,0.0925,0.0748,0.0722,0.0613,0.0508,0.058,0.048,0.052,0.0555,0.0491,0.0561,0.0503,0.0463,0.0511,0.0536,0.056,0.0466,0.0504,0.0472,0.0479,0.0569,0.0519,0.0534,0.0503,0.0574,0.0461,0.0519,0.0547,0.0479,0.0493,0.0459,0.0508,0.0545,0.0457,0.0465,0.0462,0.0467
Train accuracy: 95.5,97.2,97.7,98.2,98.4,98.5,99.0,99.2,99.1,99.4,99.3,99.4,99.4,99.5,99.5,99.6,99.6,99.6,99.4,99.7,99.7,99.7,99.8,99.7,99.5,99.8,99.8,99.7,99.8,99.8,99.8,99.8,99.9,99.9,99.9,99.9,99.9,99.9,99.9,99.9
Test accuracy: 95.6,97.0,97.7,97.9,98.0,97.9,98.1,98.5,98.4,98.7,98.5,98.5,98.7,98.5,98.6,98.7,98.7,98.7,98.4,98.8,98.7,98.7,98.7,98.6,98.3,98.6,98.8,98.5,98.9,98.7,98.7,98.8,98.8,98.9,99.0,98.8,99.0,98.9,98.8,98.9
Rank: 10,10,10,10,10,10,10,10,10,10,10,10,10,10,10,10,10,10,10,10,10,10,10,10,10,10,10,10,10,10,10,10,10,10,10,10,10,10,10,10
Seed 3/10
Train loss: 0.1948,0.0983,0.0631,0.0508,0.0393,0.0388,0.031,0.0272,0.0239,0.0194,0.0181,0.0172,0.0175,0.0166,0.0185,0.0138,0.0135,0.012,0.0092,0.0097,0.0103,0.0077,0.0078,0.0079,0.007,0.0105,0.0077,0.0088,0.0067,0.0063,0.0058,0.0068,0.0056,0.0055,0.0054,0.0057,0.0072,0.0047,0.0049,0.0068
Test loss: 0.1958,0.1047,0.0793,0.0741,0.0628,0.062,0.0574,0.0612,0.0551,0.0532,0.0482,0.0508,0.0541,0.0562,0.0565,0.0521,0.0486,0.0482,0.0435,0.0504,0.0461,0.0474,0.0495,0.0448,0.0473,0.0469,0.046,0.0522,0.0462,0.0546,0.0435,0.0483,0.0471,0.0435,0.0506,0.0467,0.0506,0.0448,0.0462,0.0479
Train accuracy: 97.0,97.7,98.3,98.6,98.8,98.7,99.0,99.2,99.2,99.4,99.4,99.5,99.5,99.5,99.2,99.5,99.6,99.7,99.8,99.7,99.7,99.8,99.8,99.8,99.8,99.8,99.8,99.8,99.8,99.8,99.8,99.8,99.8,99.9,99.8,99.9,99.9,99.9,99.9,99.8
Test accuracy: 97.0,97.5,97.8,97.9,98.1,98.1,98.3,98.1,98.3,98.4,98.5,98.4,98.5,98.5,98.3,98.5,98.7,98.5,98.8,98.8,98.8,98.9,98.8,98.8,98.8,98.9,98.9,98.8,98.8,98.7,98.9,98.9,99.0,98.9,98.9,98.9,98.9,99.1,99.0,99.0
Rank: 10,10,10,10,10,10,10,10,10,10,10,10,10,10,10,10,10,10,10,10,10,10,10,10,10,10,10,10,10,10,10,10,10,10,10,10,10,10,10,10
Seed 4/10
Train loss: 0.2762,0.1634,0.1145,0.0761,0.0667,0.0479,0.0392,0.0361,0.0276,0.026,0.024,0.0216,0.0211,0.0194,0.0171,0.016,0.0154,0.0151,0.0111,0.0101,0.0088,0.0123,0.0097,0.0104,0.017,0.0085,0.0089,0.0073,0.0067,0.013,0.0066,0.0063,0.0066,0.0078,0.0081,0.0056,0.0061,0.0051,0.0079,0.0054
Test loss: 0.2755,0.1672,0.13,0.092,0.0885,0.0606,0.0625,0.0566,0.0527,0.0535,0.0591,0.0487,0.0548,0.053,0.0516,0.0502,0.0542,0.0492,0.052,0.051,0.0455,0.0515,0.0521,0.0507,0.056,0.0519,0.0521,0.0531,0.0524,0.0518,0.0517,0.0488,0.0527,0.0538,0.0575,0.0439,0.0484,0.0479,0.0567,0.0465
Train accuracy: 96.3,97.0,97.4,98.1,98.1,98.7,98.9,98.9,99.2,99.3,99.3,99.4,99.4,99.4,99.5,99.5,99.5,99.5,99.7,99.7,99.8,99.6,99.7,99.7,99.3,99.8,99.7,99.8,99.8,99.4,99.8,99.8,99.8,99.7,99.7,99.8,99.8,99.8,99.7,99.8
Test accuracy: 96.3,96.9,97.0,97.7,97.5,98.2,98.3,98.4,98.5,98.5,98.4,98.7,98.5,98.6,98.7,98.5,98.5,98.6,98.6,98.6,98.8,98.5,98.5,98.6,98.2,98.7,98.6,98.6,98.7,98.4,98.6,98.8,98.6,98.5,98.5,98.8,98.7,98.8,98.5,98.7
Rank: 10,10,10,10,10,10,10,10,10,10,10,10,10,10,10,10,10,10,10,10,10,10,10,10,10,10,10,10,10,10,10,10,10,10,10,10,10,10,10,10
Seed 5/10
Train loss: 0.203,0.0976,0.0675,0.0481,0.0407,0.0333,0.0256,0.0262,0.022,0.0193,0.0176,0.0224,0.0168,0.0111,0.0141,0.012,0.0107,0.0101,0.0076,0.0086,0.0082,0.0074,0.0061,0.0054,0.0077,0.0074,0.0052,0.0052,0.0068,0.0057,0.0054,0.0049,0.0078,0.0045,0.0057,0.0046,0.0049,0.0047,0.0061,0.0038
Test loss: 0.2071,0.1055,0.0794,0.067,0.0631,0.0603,0.053,0.0556,0.0532,0.0518,0.0599,0.0611,0.0556,0.048,0.0491,0.0544,0.0487,0.0494,0.0458,0.0524,0.0529,0.0548,0.0485,0.049,0.0567,0.0535,0.0522,0.0502,0.0544,0.0504,0.0519,0.0556,0.0632,0.0487,0.0489,0.055,0.0533,0.0496,0.0542,0.0473
Train accuracy: 96.9,97.8,98.4,98.7,98.9,99.0,99.3,99.3,99.3,99.4,99.5,99.3,99.5,99.7,99.6,99.6,99.7,99.7,99.8,99.8,99.7,99.8,99.8,99.9,99.8,99.8,99.8,99.8,99.8,99.8,99.8,99.8,99.7,99.9,99.8,99.8,99.8,99.8,99.8,99.9
Test accuracy: 96.8,97.6,98.1,98.2,98.3,98.2,98.5,98.5,98.6,98.6,98.5,98.3,98.5,98.7,98.6,98.6,98.7,98.7,98.8,98.7,98.4,98.6,98.8,98.8,98.6,98.7,98.8,98.7,98.6,98.7,98.7,98.7,98.4,98.9,98.8,98.5,98.7,98.7,98.5,98.8
Rank: 10,10,10,10,10,10,10,10,10,10,10,10,10,10,10,10,10,10,10,10,10,10,10,10,10,10,10,10,10,10,10,10,10,10,10,10,10,10,10,10
Seed 6/10
Train loss: 0.2785,0.1404,0.0916,0.0608,0.0486,0.0419,0.0353,0.0246,0.0236,0.0187,0.0148,0.0199,0.0136,0.0124,0.0115,0.0105,0.0089,0.0151,0.0081,0.0069,0.0087,0.0098,0.0069,0.0061,0.0089,0.0063,0.0063,0.0052,0.0155,0.0054,0.0042,0.0049,0.0048,0.0042,0.0047,0.0044,0.005,0.0072,0.0041,0.0037
Test loss: 0.2727,0.147,0.1032,0.0796,0.0631,0.0609,0.0569,0.0453,0.05,0.0447,0.0443,0.0496,0.0443,0.0431,0.0401,0.0405,0.039,0.0538,0.0407,0.0455,0.0412,0.0436,0.0426,0.0394,0.0469,0.0405,0.044,0.0414,0.0539,0.0416,0.0399,0.044,0.0436,0.039,0.0418,0.0455,0.0373,0.0442,0.0388,0.0424
Train accuracy: 96.2,96.7,97.3,98.2,98.5,98.8,99.1,99.3,99.3,99.5,99.6,99.4,99.6,99.6,99.7,99.7,99.7,99.6,99.8,99.8,99.8,99.8,99.8,99.8,99.8,99.8,99.8,99.9,99.5,99.9,99.9,99.9,99.9,99.9,99.9,99.9,99.9,99.8,99.9,99.9
Test accuracy: 96.4,96.3,96.8,97.6,98.0,98.3,98.4,98.5,98.6,98.7,98.8,98.6,98.9,98.8,98.9,98.8,99.0,98.8,98.9,98.9,98.9,99.0,99.0,98.9,98.8,99.0,98.9,98.9,98.5,98.9,98.9,98.8,98.9,99.0,99.0,98.9,99.0,98.9,99.1,98.9
Rank: 10,10,10,10,10,10,10,10,10,10,10,10,10,10,10,10,10,10,10,10,10,10,10,10,10,10,10,10,10,10,10,10,10,10,10,10,10,10,10,10
Seed 7/10
Train loss: 0.5436,0.3732,0.2686,0.1675,0.1242,0.0839,0.0641,0.0541,0.0411,0.0454,0.0336,0.0283,0.0252,0.0234,0.021,0.0201,0.0224,0.0164,0.0172,0.0217,0.0155,0.0128,0.013,0.0118,0.0149,0.0142,0.0099,0.0111,0.0109,0.0107,0.0098,0.0142,0.0093,0.0134,0.0121,0.0092,0.0092,0.0085,0.0094,0.0105
Test loss: 0.5441,0.3806,0.2819,0.183,0.1428,0.1112,0.0902,0.0875,0.0726,0.0969,0.0678,0.0753,0.0695,0.0691,0.0645,0.0715,0.0794,0.0673,0.0635,0.0787,0.0677,0.0625,0.0638,0.0648,0.07,0.0742,0.0623,0.0697,0.0707,0.0648,0.0628,0.0777,0.0649,0.0813,0.0747,0.0686,0.0688,0.0639,0.0706,0.0678
Train accuracy: 92.5,96.0,90.7,96.7,97.0,98.1,98.6,98.7,99.1,98.9,99.2,99.3,99.4,99.5,99.5,99.5,99.4,99.6,99.6,99.4,99.6,99.7,99.7,99.7,99.6,99.7,99.8,99.8,99.8,99.8,99.8,99.6,99.8,99.6,99.7,99.8,99.8,99.8,99.8,99.7
Test accuracy: 92.9,95.8,90.6,96.2,96.5,97.5,97.8,97.7,98.2,97.7,98.4,98.2,98.3,98.1,98.4,98.4,98.1,98.4,98.4,97.8,98.2,98.5,98.5,98.5,98.3,98.2,98.6,98.3,98.2,98.5,98.5,98.2,98.5,98.2,98.2,98.3,98.3,98.5,98.3,98.4
Rank: 10,10,10,10,10,10,10,10,10,10,10,10,10,10,10,10,10,10,10,10,10,10,10,10,10,10,10,10,10,10,10,10,10,10,10,10,10,10,10,10
Seed 8/10
Train loss: 0.1447,0.0875,0.0567,0.0392,0.0332,0.0267,0.0276,0.0245,0.0177,0.0154,0.0112,0.0107,0.0124,0.0092,0.0104,0.0141,0.0073,0.0081,0.0069,0.0067,0.0063,0.0051,0.0118,0.0054,0.0054,0.0072,0.0043,0.0071,0.0064,0.0034,0.0068,0.006,0.004,0.0034,0.0032,0.0052,0.0029,0.005,0.0029,0.0066
Test loss: 0.1412,0.1027,0.069,0.0548,0.0592,0.0601,0.061,0.0602,0.0593,0.0552,0.0527,0.0551,0.0592,0.0593,0.055,0.06,0.0549,0.0584,0.0621,0.0579,0.059,0.0591,0.0712,0.0598,0.0568,0.0584,0.0556,0.0566,0.0563,0.0526,0.0579,0.0641,0.0578,0.0534,0.0572,0.065,0.0534,0.0593,0.0559,0.0656
Train accuracy: 96.4,97.7,98.5,99.1,99.2,99.3,99.2,99.3,99.5,99.6,99.7,99.7,99.7,99.8,99.7,99.5,99.8,99.8,99.8,99.8,99.8,99.9,99.6,99.8,99.8,99.8,99.9,99.8,99.8,99.9,99.8,99.8,99.9,99.9,99.9,99.8,99.9,99.8,99.9,99.7
Test accuracy: 96.5,97.4,98.1,98.5,98.3,98.2,98.2,98.3,98.5,98.7,98.6,98.5,98.5,98.5,98.5,98.4,98.6,98.5,98.5,98.6,98.5,98.7,98.4,98.6,98.5,98.7,98.7,98.5,98.6,98.8,98.6,98.5,98.7,98.8,98.7,98.5,98.8,98.6,98.8,98.5
Rank: 10,10,10,10,10,10,10,10,10,10,10,10,10,10,10,10,10,10,10,10,10,10,10,10,10,10,10,10,10,10,10,10,10,10,10,10,10,10,10,10
Seed 9/10
Train loss: 0.157,0.101,0.0671,0.0503,0.0395,0.0327,0.0343,0.0251,0.0223,0.024,0.0208,0.0173,0.0153,0.0178,0.013,0.0113,0.013,0.0119,0.01,0.0106,0.0112,0.0102,0.0082,0.0087,0.0082,0.0087,0.0094,0.0108,0.0058,0.0067,0.0062,0.0053,0.0056,0.0051,0.0106,0.0047,0.0049,0.0074,0.0041,0.0042
Test loss: 0.1568,0.1075,0.0823,0.064,0.0597,0.054,0.0587,0.054,0.0502,0.051,0.0536,0.0532,0.0499,0.0556,0.0471,0.0434,0.0463,0.0473,0.0479,0.046,0.0543,0.0529,0.0489,0.0541,0.0537,0.0503,0.0517,0.0521,0.048,0.0498,0.0426,0.0476,0.0438,0.0497,0.0545,0.0469,0.0437,0.0518,0.0454,0.0452
Train accuracy: 97.0,97.7,98.2,98.6,98.8,99.0,99.0,99.2,99.3,99.2,99.3,99.5,99.5,99.5,99.6,99.7,99.6,99.7,99.7,99.7,99.7,99.7,99.8,99.8,99.8,99.8,99.8,99.7,99.8,99.8,99.8,99.8,99.8,99.9,99.7,99.9,99.9,99.8,99.9,99.9
Test accuracy: 96.9,97.6,97.8,98.2,98.3,98.5,98.3,98.5,98.6,98.5,98.6,98.6,98.6,98.4,98.8,98.9,98.9,98.8,98.8,98.8,98.8,98.8,98.8,98.7,98.7,98.8,98.8,98.6,98.9,98.8,98.9,98.9,98.8,99.0,98.6,98.9,98.9,98.8,98.9,98.9
Rank: 10,10,10,10,10,10,10,10,10,10,10,10,10,10,10,10,10,10,10,10,10,10,10,10,10,10,10,10,10,10,10,10,10,10,10,10,10,10,10,10
Seed 10/10
Train loss: 0.2969,0.1779,0.1394,0.1076,0.0877,0.0795,0.0694,0.0551,0.0519,0.0505,0.046,0.0399,0.0363,0.0327,0.0339,0.0308,0.0276,0.0245,0.0274,0.0251,0.0219,0.027,0.0226,0.0216,0.0211,0.0199,0.0201,0.0173,0.0165,0.0185,0.0243,0.0168,0.0139,0.02,0.0206,0.021,0.0136,0.014,0.0128,0.0212
Test loss: 0.2879,0.1767,0.1521,0.1274,0.1089,0.1056,0.1022,0.0847,0.0905,0.0881,0.091,0.0813,0.0772,0.0818,0.0861,0.0791,0.077,0.0771,0.0781,0.0775,0.0786,0.0799,0.0757,0.0808,0.0757,0.0789,0.085,0.08,0.0774,0.0787,0.0883,0.0779,0.0761,0.0801,0.0846,0.0837,0.0723,0.078,0.0779,0.0935
Train accuracy: 93.4,95.8,96.3,97.0,97.6,97.7,98.0,98.4,98.4,98.3,98.5,98.8,98.8,99.0,98.9,99.0,99.1,99.2,99.1,99.2,99.2,99.0,99.3,99.3,99.3,99.4,99.3,99.4,99.4,99.4,99.2,99.4,99.5,99.3,99.3,99.4,99.5,99.5,99.6,99.1
Test accuracy: 94.1,96.0,96.0,96.4,97.0,96.9,97.1,97.5,97.3,97.3,97.2,97.6,97.8,97.6,97.5,97.6,97.9,97.8,97.8,97.8,97.8,97.7,97.8,97.7,97.9,97.9,97.7,97.9,97.9,97.8,97.7,97.8,97.9,97.9,97.7,97.9,98.0,98.0,97.9,97.4
Rank: 10,10,10,10,10,10,10,10,10,10,10,10,10,10,10,10,10,10,10,10,10,10,10,10,10,10,10,10,10,10,10,10,10,10,10,10,10,10,10,10
