Seed 1/10
Train loss: 0.3137,0.2146,0.1911,0.1794,0.1727,0.079,0.0467,0.0466,0.0352,0.0262,0.019,0.0181,0.0147,0.0118,0.0134,0.0102,0.009,0.0084,0.0091,0.0103,0.007,0.0095,0.0101,0.0102,0.0089,0.0063,0.0078,0.0087,0.0059,0.0056,0.014,0.0064,0.0061,0.0056,0.0056,0.0051,0.0059,0.0062,0.0056,0.0044
Test loss: 0.3206,0.2209,0.2011,0.1931,0.1932,0.1014,0.0714,0.077,0.0675,0.0566,0.0513,0.0528,0.0508,0.048,0.0548,0.0471,0.0506,0.0536,0.054,0.058,0.0577,0.0619,0.058,0.0665,0.0655,0.0611,0.0644,0.0721,0.0615,0.0603,0.0783,0.0646,0.0589,0.0568,0.056,0.061,0.0591,0.0586,0.0633,0.0582
Train accuracy: 90.4,95.8,96.8,97.2,98.3,98.0,98.9,98.7,99.1,99.4,99.6,99.6,99.7,99.7,99.7,99.8,99.8,99.8,99.8,99.7,99.9,99.8,99.7,99.7,99.8,99.9,99.8,99.8,99.9,99.9,99.6,99.9,99.9,99.9,99.9,99.9,99.9,99.8,99.9,99.9
Test accuracy: 90.3,95.6,96.7,96.8,97.8,97.2,98.3,98.0,98.3,98.5,98.6,98.7,98.7,98.8,98.6,98.9,98.8,98.7,98.7,98.6,98.7,98.7,98.8,98.6,98.8,98.8,98.8,98.7,98.7,98.8,98.5,98.8,98.8,98.9,98.9,98.8,98.9,98.8,98.8,98.9
Rank: 10,10,10,10,10,10,10,10,10,10,10,10,10,10,10,10,10,10,10,10,10,10,10,10,10,10,10,10,10,10,10,10,10,10,10,10,10,10,10,10
Seed 2/10
Train loss: 0.1785,0.0958,0.0758,0.0605,0.037,0.0331,0.0296,0.0251,0.0192,0.0171,0.0171,0.0132,0.0145,0.0123,0.0101,0.0093,0.0099,0.0099,0.01,0.0086,0.0083,0.0067,0.0072,0.0061,0.0057,0.0062,0.0078,0.0053,0.0065,0.0062,0.0047,0.0048,0.0055,0.007,0.0046,0.0052,0.0043,0.0046,0.0042,0.004
Test loss: 0.1801,0.1027,0.0875,0.0732,0.0512,0.0519,0.049,0.0474,0.042,0.0408,0.0459,0.0447,0.047,0.0441,0.0441,0.0432,0.0442,0.0456,0.0473,0.051,0.0427,0.0448,0.0441,0.0457,0.0432,0.0428,0.0473,0.0457,0.0419,0.0499,0.0458,0.044,0.045,0.0461,0.046,0.0483,0.0454,0.0473,0.0454,0.0436
Train accuracy: 97.0,98.3,98.3,98.5,99.1,99.2,99.2,99.4,99.5,99.5,99.6,99.6,99.6,99.7,99.7,99.7,99.7,99.7,99.7,99.7,99.8,99.8,99.8,99.8,99.8,99.8,99.8,99.8,99.8,99.9,99.9,99.9,99.9,99.8,99.9,99.9,99.9,99.9,99.9,99.9
Test accuracy: 97.1,98.0,98.0,98.2,98.7,98.5,98.6,98.9,98.8,98.8,98.7,98.8,98.8,98.9,99.0,99.0,99.0,98.9,99.0,98.9,98.9,99.0,99.0,99.0,99.1,99.1,98.8,99.0,98.9,98.8,98.9,99.0,99.0,98.9,99.0,98.9,99.0,98.9,99.0,99.1
Rank: 10,10,10,10,10,10,10,10,10,10,10,10,10,10,10,10,10,10,10,10,10,10,10,10,10,10,10,10,10,10,10,10,10,10,10,10,10,10,10,10
Seed 3/10
Train loss: 0.1568,0.0908,0.0596,0.049,0.0382,0.033,0.024,0.0278,0.0204,0.0251,0.0173,0.0187,0.0161,0.0123,0.016,0.0107,0.0118,0.01,0.0118,0.0116,0.0082,0.0072,0.0077,0.0064,0.0066,0.0081,0.006,0.0056,0.0062,0.0067,0.0054,0.0047,0.0055,0.0042,0.0049,0.0046,0.0046,0.0047,0.0066,0.0076
Test loss: 0.1606,0.1051,0.0771,0.0694,0.0562,0.0504,0.0466,0.0537,0.0467,0.0493,0.0436,0.0444,0.0457,0.0408,0.0426,0.04,0.046,0.041,0.0501,0.0448,0.044,0.039,0.0409,0.0456,0.0445,0.042,0.0469,0.0413,0.0439,0.0407,0.0398,0.038,0.0423,0.0386,0.0383,0.0375,0.0404,0.039,0.037,0.0461
Train accuracy: 96.8,97.4,98.4,98.4,98.9,99.0,99.2,99.0,99.3,99.3,99.4,99.3,99.5,99.6,99.5,99.6,99.5,99.6,99.5,99.6,99.7,99.7,99.7,99.8,99.7,99.7,99.8,99.8,99.8,99.8,99.9,99.8,99.8,99.9,99.8,99.9,99.9,99.9,99.8,99.8
Test accuracy: 96.7,97.0,97.8,97.9,98.3,98.5,98.7,98.4,98.5,98.7,98.7,98.5,98.6,98.9,98.7,98.8,98.6,98.7,98.5,98.9,98.6,98.9,98.8,98.7,98.8,98.7,98.6,98.8,98.8,98.9,99.0,98.9,98.9,99.0,99.0,99.0,99.1,99.1,99.1,98.9
Rank: 10,10,10,10,10,10,10,10,10,10,10,10,10,10,10,10,10,10,10,10,10,10,10,10,10,10,10,10,10,10,10,10,10,10,10,10,10,10,10,10
Seed 4/10
Train loss: 0.1496,0.0885,0.0613,0.0459,0.037,0.0317,0.0259,0.0225,0.0166,0.0163,0.02,0.0136,0.0116,0.0102,0.0104,0.0087,0.0114,0.009,0.0071,0.0099,0.0063,0.0069,0.0058,0.0083,0.0074,0.0053,0.0057,0.0054,0.0037,0.0044,0.005,0.0065,0.0033,0.0038,0.0037,0.0031,0.0033,0.0039,0.0031,0.004
Test loss: 0.147,0.0948,0.0764,0.0618,0.0576,0.0546,0.0574,0.0542,0.0492,0.0511,0.0646,0.0516,0.0515,0.0512,0.0531,0.0497,0.0492,0.0459,0.0462,0.0505,0.0512,0.0554,0.0466,0.0582,0.0496,0.0459,0.046,0.0524,0.0495,0.046,0.0513,0.0497,0.0471,0.0463,0.0481,0.0463,0.0473,0.0478,0.0499,0.0511
Train accuracy: 96.8,97.8,98.5,98.8,99.0,99.1,99.3,99.4,99.6,99.6,99.4,99.7,99.7,99.7,99.7,99.8,99.7,99.8,99.8,99.7,99.8,99.8,99.8,99.7,99.7,99.9,99.8,99.8,99.9,99.8,99.8,99.7,99.9,99.9,99.9,99.9,99.9,99.9,99.9,99.9
Test accuracy: 96.9,97.6,97.9,98.3,98.3,98.5,98.4,98.5,98.6,98.6,98.2,98.7,98.7,98.6,98.6,98.7,98.6,98.8,98.8,98.6,98.7,98.5,98.8,98.5,98.5,98.7,98.6,98.8,98.9,98.7,98.6,98.6,98.9,98.7,98.8,99.0,99.0,98.8,99.0,98.9
Rank: 10,10,10,10,10,10,10,10,10,10,10,10,10,10,10,10,10,10,10,10,10,10,10,10,10,10,10,10,10,10,10,10,10,10,10,10,10,10,10,10
Seed 5/10
Train loss: 0.2894,0.2267,0.169,0.0826,0.0566,0.0437,0.0346,0.0323,0.0241,0.0183,0.0179,0.0142,0.0127,0.0167,0.0144,0.0089,0.0123,0.0104,0.0092,0.0072,0.0081,0.0075,0.0054,0.007,0.0057,0.0044,0.0059,0.0041,0.0038,0.004,0.0042,0.0059,0.0039,0.004,0.0034,0.0057,0.0055,0.0039,0.0055,0.003
Test loss: 0.2864,0.2262,0.1758,0.0918,0.0723,0.0675,0.0559,0.0614,0.0569,0.0493,0.0586,0.0475,0.0504,0.0536,0.0481,0.0464,0.0497,0.0457,0.0528,0.0433,0.0469,0.0493,0.0435,0.0536,0.0478,0.0416,0.046,0.0429,0.0465,0.0463,0.0481,0.0466,0.0488,0.0468,0.0429,0.0495,0.0521,0.0485,0.0478,0.0451
Train accuracy: 96.7,96.5,98.2,98.3,98.7,98.9,99.1,99.1,99.3,99.6,99.5,99.6,99.7,99.5,99.5,99.8,99.6,99.7,99.7,99.8,99.8,99.8,99.9,99.8,99.8,99.9,99.8,99.9,99.9,99.9,99.9,99.8,99.9,99.9,99.9,99.8,99.9,99.9,99.9,99.9
Test accuracy: 96.8,96.8,97.9,98.0,98.1,98.2,98.5,98.2,98.4,98.6,98.3,98.6,98.5,98.5,98.7,98.7,98.6,98.8,98.6,98.8,98.8,98.7,98.9,98.7,98.8,98.9,98.7,98.9,98.8,98.8,98.8,98.7,98.7,98.8,98.9,98.6,98.8,98.7,98.8,99.0
Rank: 10,10,10,10,10,10,10,10,10,10,10,10,10,10,10,10,10,10,10,10,10,10,10,10,10,10,10,10,10,10,10,10,10,10,10,10,10,10,10,10
Seed 6/10
Train loss: 0.289,0.2482,0.2251,0.2169,0.2125,0.2115,0.2054,0.1992,0.1675,0.1553,0.1382,0.0489,0.0338,0.0207,0.018,0.015,0.0129,0.0109,0.0084,0.0108,0.0078,0.0084,0.0074,0.0056,0.0146,0.0078,0.0069,0.0068,0.0041,0.0045,0.0052,0.0043,0.0036,0.0044,0.0037,0.0031,0.0035,0.0035,0.0036,0.0031
Test loss: 0.2967,0.2536,0.2349,0.2286,0.2252,0.2265,0.221,0.2158,0.1834,0.1752,0.1597,0.074,0.0583,0.0461,0.0444,0.0399,0.0399,0.0391,0.0363,0.0464,0.0425,0.0381,0.0431,0.0392,0.0478,0.0449,0.0399,0.0406,0.0384,0.0421,0.045,0.0389,0.0393,0.0403,0.0428,0.0399,0.0397,0.0417,0.0446,0.0414
Train accuracy: 92.0,90.0,90.3,90.3,90.1,90.1,90.3,90.4,91.7,96.8,99.3,99.2,99.2,99.5,99.5,99.5,99.5,99.6,99.7,99.7,99.8,99.7,99.8,99.8,99.6,99.8,99.8,99.8,99.9,99.9,99.9,99.9,99.9,99.9,99.9,99.9,99.9,99.9,99.9,99.9
Test accuracy: 91.5,89.6,89.9,89.9,89.9,89.6,89.9,90.0,91.1,96.1,98.7,98.5,98.5,98.8,98.8,99.0,98.8,98.9,99.0,98.9,98.8,99.0,98.9,98.9,98.8,99.0,99.0,99.0,99.1,99.0,99.0,99.0,98.9,99.0,99.0,99.1,99.0,98.9,98.9,99.1
Rank: 10,10,10,10,10,10,10,10,10,10,10,10,10,10,10,10,10,10,10,10,10,10,10,10,10,10,10,10,10,10,10,10,10,10,10,10,10,10,10,10
Seed 7/10
Train loss: 0.1857,0.1281,0.0894,0.0639,0.0503,0.0431,0.0326,0.0306,0.0274,0.0273,0.021,0.0182,0.0173,0.0287,0.0189,0.012,0.0116,0.0097,0.0113,0.01,0.0087,0.0091,0.0089,0.0128,0.0081,0.0063,0.0067,0.0071,0.0064,0.0061,0.0061,0.0051,0.0058,0.0048,0.006,0.007,0.0049,0.0071,0.004,0.0041
Test loss: 0.1872,0.1313,0.1013,0.0789,0.0714,0.0693,0.0593,0.061,0.0572,0.058,0.0529,0.055,0.0558,0.0647,0.0529,0.0519,0.0488,0.047,0.053,0.0488,0.0443,0.0455,0.0523,0.0477,0.0431,0.0448,0.0452,0.0469,0.0427,0.0402,0.0439,0.043,0.0424,0.0441,0.047,0.0462,0.0418,0.0488,0.0344,0.0405
Train accuracy: 95.4,96.4,97.6,98.2,98.6,98.7,99.1,99.1,99.2,99.1,99.3,99.4,99.4,98.8,99.2,99.6,99.6,99.7,99.6,99.6,99.7,99.7,99.7,99.7,99.8,99.8,99.8,99.8,99.8,99.8,99.8,99.9,99.8,99.9,99.8,99.8,99.9,99.8,99.9,99.9
Test accuracy: 95.3,96.3,97.1,97.7,97.9,97.9,98.2,98.1,98.2,98.1,98.3,98.2,98.2,97.7,98.2,98.3,98.5,98.5,98.4,98.4,98.8,98.7,98.7,98.7,98.8,98.9,98.9,98.9,99.0,99.0,99.0,99.0,99.0,98.9,98.9,98.9,99.0,99.0,99.0,99.1
Rank: 10,10,10,10,10,10,10,10,10,10,10,10,10,10,10,10,10,10,10,10,10,10,10,10,10,10,10,10,10,10,10,10,10,10,10,10,10,10,10,10
Seed 8/10
Train loss: 0.1108,0.0783,0.0471,0.0344,0.0314,0.0276,0.0212,0.0168,0.0178,0.0152,0.0111,0.0115,0.0104,0.0089,0.0083,0.0107,0.0138,0.0071,0.0106,0.0081,0.0072,0.0064,0.005,0.005,0.0065,0.0054,0.0053,0.0056,0.0044,0.0041,0.0052,0.0044,0.0048,0.0042,0.0036,0.0039,0.0039,0.0041,0.0038,0.0039
Test loss: 0.1116,0.0862,0.059,0.0541,0.0494,0.0508,0.0468,0.0402,0.0455,0.0404,0.0383,0.0421,0.0405,0.0408,0.0383,0.0479,0.0475,0.0465,0.0498,0.0472,0.0497,0.0431,0.0425,0.041,0.0513,0.046,0.0528,0.0446,0.0454,0.0434,0.0464,0.0474,0.0461,0.0422,0.0436,0.0482,0.0447,0.0442,0.0409,0.046
Train accuracy: 97.1,97.9,98.6,98.9,99.0,99.1,99.3,99.5,99.4,99.5,99.6,99.7,99.7,99.7,99.7,99.7,99.6,99.8,99.8,99.8,99.8,99.8,99.8,99.9,99.8,99.9,99.9,99.9,99.9,99.9,99.9,99.9,99.9,99.9,99.9,99.9,99.9,99.9,99.9,99.9
Test accuracy: 97.0,97.7,98.2,98.3,98.4,98.3,98.6,98.8,98.8,98.7,98.8,99.0,98.8,98.8,99.0,98.6,98.7,98.8,98.8,98.7,98.8,99.1,99.1,98.9,98.8,98.9,98.9,99.0,99.0,99.0,99.0,99.0,99.0,99.0,99.0,99.0,99.0,99.1,99.1,99.0
Rank: 10,10,10,10,10,10,10,10,10,10,10,10,10,10,10,10,10,10,10,10,10,10,10,10,10,10,10,10,10,10,10,10,10,10,10,10,10,10,10,10
Seed 9/10
Train loss: 0.2619,0.1266,0.097,0.0654,0.0519,0.0402,0.037,0.0387,0.0331,0.0216,0.0182,0.0196,0.0173,0.0143,0.0142,0.0162,0.0126,0.0111,0.012,0.0103,0.0083,0.0141,0.0084,0.0093,0.0094,0.0133,0.0099,0.0068,0.0077,0.0088,0.0068,0.0086,0.0064,0.0073,0.0076,0.0056,0.0052,0.0067,0.0065,0.0052
Test loss: 0.2634,0.1319,0.1042,0.0809,0.0703,0.0653,0.0624,0.0652,0.0586,0.0543,0.0525,0.0559,0.052,0.0513,0.0495,0.0537,0.0474,0.0499,0.0509,0.0489,0.046,0.0545,0.0481,0.0518,0.052,0.0597,0.0549,0.0494,0.0492,0.0562,0.0506,0.0546,0.05,0.054,0.0504,0.05,0.0485,0.0519,0.0519,0.0464
Train accuracy: 94.1,97.0,97.3,98.2,98.7,98.9,99.0,98.7,99.0,99.4,99.5,99.4,99.4,99.6,99.6,99.4,99.6,99.7,99.7,99.7,99.8,99.5,99.8,99.7,99.7,99.7,99.7,99.8,99.8,99.8,99.8,99.8,99.8,99.8,99.8,99.8,99.8,99.8,99.8,99.8
Test accuracy: 94.1,97.0,97.2,97.7,98.2,98.1,98.2,98.0,98.2,98.5,98.5,98.4,98.4,98.5,98.6,98.5,98.8,98.6,98.7,98.6,98.7,98.2,98.7,98.5,98.5,98.5,98.5,98.7,98.8,98.7,98.8,98.9,99.0,99.0,98.8,98.9,98.9,98.8,98.8,98.9
Rank: 10,10,10,10,10,10,10,10,10,10,10,10,10,10,10,10,10,10,10,10,10,10,10,10,10,10,10,10,10,10,10,10,10,10,10,10,10,10,10,10
Seed 10/10
Train loss: 0.2512,0.1958,0.1268,0.074,0.0548,0.0395,0.032,0.0314,0.0234,0.021,0.0181,0.0157,0.013,0.0113,0.0119,0.011,0.0153,0.0097,0.0189,0.0133,0.0122,0.0069,0.0058,0.0061,0.0056,0.0075,0.0065,0.0056,0.0062,0.0053,0.0047,0.0066,0.0067,0.0051,0.0047,0.0043,0.0041,0.0052,0.0039,0.0042
Test loss: 0.2555,0.2032,0.1371,0.0824,0.0684,0.0539,0.0487,0.0536,0.047,0.0455,0.0425,0.0416,0.0423,0.0423,0.0452,0.0468,0.0494,0.0437,0.0605,0.0521,0.0515,0.0459,0.041,0.0438,0.0404,0.0441,0.0455,0.0482,0.0434,0.0442,0.0456,0.0482,0.0512,0.0444,0.0402,0.044,0.0421,0.0469,0.0474,0.0459
Train accuracy: 97.3,98.3,98.6,98.6,98.4,98.9,99.1,99.2,99.4,99.5,99.5,99.5,99.6,99.6,99.6,99.7,99.6,99.7,99.2,99.6,99.5,99.8,99.8,99.8,99.8,99.7,99.8,99.8,99.8,99.8,99.9,99.8,99.8,99.8,99.9,99.9,99.9,99.9,99.9,99.9
Test accuracy: 97.3,98.1,98.3,98.3,98.2,98.4,98.5,98.4,98.7,98.7,98.7,98.6,98.8,98.7,98.7,98.8,98.7,98.7,98.0,98.5,98.5,98.7,98.8,98.8,98.8,98.7,98.7,98.9,98.8,98.9,98.9,98.9,98.8,98.9,99.0,99.1,99.0,98.9,98.8,98.9
Rank: 10,10,10,10,10,10,10,10,10,10,10,10,10,10,10,10,10,10,10,10,10,10,10,10,10,10,10,10,10,10,10,10,10,10,10,10,10,10,10,10
