Seed 1/10
Train loss: 0.4425,0.2592,0.2217,0.1623,0.131,0.1186,0.0967,0.0849,0.0673,0.0579,0.0535,0.0574,0.0514,0.0471,0.0445,0.0459,0.0439,0.0397,0.0418,0.0341,0.0409,0.0261,0.0247,0.0265,0.0243,0.0254,0.0276,0.0256,0.0324,0.0204,0.0237,0.0212,0.0274,0.0293,0.0192,0.0156,0.0204,0.0177,0.0266,0.0137
Test loss: 0.9467,0.3031,0.3502,0.249,0.2437,0.2306,0.2197,0.1985,0.1956,0.1871,0.204,0.2614,0.2603,0.4109,0.2197,0.3135,0.2818,0.2171,0.3011,0.3282,0.3055,0.285,0.2709,0.3776,0.947,0.2555,0.2739,0.246,3.0859,0.2127,0.6575,0.2357,0.5371,0.3709,0.903,0.4031,0.2576,0.7454,0.2741,0.4019
Train accuracy: 88.9,93.0,93.7,95.6,96.5,96.8,97.4,97.7,98.3,98.5,98.7,98.6,98.7,98.8,98.9,98.8,98.9,99.0,98.9,99.2,99.0,99.4,99.4,99.4,99.5,99.4,99.3,99.4,99.2,99.6,99.5,99.6,99.3,99.3,99.6,99.7,99.5,99.7,99.3,99.7
Test accuracy: 89.0,92.6,93.1,94.9,95.7,95.8,96.2,96.3,96.7,96.7,97.0,96.8,96.7,96.7,96.7,96.7,96.6,96.8,96.7,97.0,96.7,97.0,96.9,96.9,97.1,97.1,96.7,97.0,96.8,97.0,96.8,97.0,96.9,96.9,96.8,97.2,97.0,97.1,96.9,97.2
Rank: 10,10,10,10,10,10,10,10,10,10,10,10,10,10,10,10,10,10,10,10,10,10,10,10,10,10,10,10,10,10,10,10,10,10,10,10,10,10,10,10
Seed 2/10
Train loss: 0.0855,0.0459,0.0344,0.0238,0.0214,0.0147,0.0164,0.0115,0.01,0.0129,0.0141,0.0113,0.007,0.0046,0.0056,0.0031,0.0056,0.0046,0.0025,0.0029,0.0069,0.003,0.0037,0.0041,0.0011,0.0053,0.0024,0.0013,0.0013,0.0005,0.0076,0.0008,0.0034,0.0021,0.0006,0.0004,0.0001,0.0,0.0,0.0
Test loss: 0.087,0.0609,0.0574,0.0543,0.0622,0.0587,0.0689,0.0657,0.0889,0.0774,0.0962,0.0817,0.0805,0.0759,0.078,0.0825,0.0849,0.0898,0.0834,0.0927,0.0923,0.0831,0.084,0.0998,0.0803,0.098,0.093,0.076,0.0832,0.0711,0.103,0.0814,0.0974,0.0797,0.0892,0.0903,0.0814,0.08,0.081,0.0815
Train accuracy: 97.4,98.7,99.0,99.3,99.3,99.5,99.5,99.6,99.7,99.6,99.6,99.6,99.8,99.9,99.8,99.9,99.8,99.8,99.9,99.9,99.8,99.9,99.9,99.9,100.0,99.8,99.9,100.0,100.0,100.0,99.8,100.0,99.9,99.9,100.0,100.0,100.0,100.0,100.0,100.0
Test accuracy: 97.3,98.2,98.4,98.6,98.5,98.6,98.4,98.5,98.5,98.5,98.5,98.5,98.6,98.7,98.4,98.6,98.5,98.6,98.6,98.6,98.5,98.9,98.7,98.6,98.8,98.5,98.7,98.9,98.8,98.8,98.3,98.7,98.4,98.6,98.7,98.7,98.8,98.9,98.9,98.9
Rank: 10,10,10,10,10,10,10,10,10,10,10,10,10,10,10,10,10,10,10,10,10,10,10,10,10,10,10,10,10,10,10,10,10,10,10,10,10,10,10,10
Seed 3/10
Train loss: 0.1537,0.0795,0.0577,0.05,0.0401,0.0335,0.0318,0.0275,0.0224,0.0241,0.018,0.0161,0.0176,0.0142,0.0098,0.0164,0.0114,0.0075,0.0097,0.0097,0.0063,0.0061,0.006,0.0045,0.0052,0.0023,0.0024,0.005,0.0045,0.0033,0.0155,0.0044,0.0054,0.0032,0.0018,0.0017,0.0091,0.0036,0.0012,0.001
Test loss: 0.1606,0.0955,0.0887,0.0819,0.0936,0.122,0.0843,0.0968,0.0896,0.0975,0.0876,0.133,0.4291,0.1071,0.1048,0.1042,0.2965,0.1682,0.1366,0.2172,0.1307,0.1556,0.1073,0.1147,0.1061,0.1019,0.1365,0.1127,0.1116,0.1274,0.1955,0.1271,0.1565,0.2049,0.1305,0.1913,0.1452,0.1619,0.1358,0.1198
Train accuracy: 95.6,97.7,98.3,98.4,98.7,98.9,99.0,99.1,99.3,99.3,99.4,99.5,99.5,99.6,99.7,99.5,99.7,99.8,99.7,99.7,99.9,99.8,99.9,99.9,99.9,100.0,100.0,99.9,99.9,99.9,99.6,99.9,99.9,99.9,100.0,100.0,99.7,99.9,100.0,100.0
Test accuracy: 95.5,97.2,97.6,97.7,97.9,97.8,97.7,97.9,98.2,98.0,98.1,98.0,98.0,98.2,98.2,98.2,98.3,98.2,98.1,98.4,98.3,98.3,98.4,98.3,98.5,98.5,98.4,98.2,98.3,98.3,98.0,98.3,98.2,98.5,98.5,98.6,98.1,98.4,98.5,98.5
Rank: 10,10,10,10,10,10,10,10,10,10,10,10,10,10,10,10,10,10,10,10,10,10,10,10,10,10,10,10,10,10,10,10,10,10,10,10,10,10,10,10
Seed 4/10
Train loss: 0.115,0.0644,0.0461,0.0287,0.0246,0.0211,0.0162,0.0158,0.0141,0.0129,0.0086,0.0077,0.0057,0.0066,0.0071,0.0061,0.0021,0.0055,0.0022,0.0061,0.0021,0.0039,0.0034,0.0022,0.004,0.0033,0.0028,0.0006,0.0144,0.0011,0.0042,0.0018,0.0007,0.0002,0.0001,0.0001,0.0,0.0,0.0001,0.0061
Test loss: 0.1228,0.0812,0.0748,0.0614,0.0647,0.0725,0.1235,0.1504,0.1128,0.1067,0.0712,0.0737,0.0837,0.0815,0.081,0.1176,0.0903,0.0815,0.0762,0.0903,0.0887,0.0957,0.0959,0.0955,0.1115,0.1078,0.1029,0.0905,0.1463,0.0971,0.1243,0.1031,0.1005,0.1013,0.1025,0.104,0.1057,0.1079,0.111,0.0933
Train accuracy: 96.7,98.0,98.6,99.1,99.2,99.3,99.5,99.5,99.6,99.6,99.8,99.8,99.9,99.8,99.8,99.8,100.0,99.9,100.0,99.8,100.0,99.9,99.9,100.0,99.9,99.9,99.9,100.0,99.6,100.0,99.9,100.0,100.0,100.0,100.0,100.0,100.0,100.0,100.0,99.8
Test accuracy: 96.5,97.7,98.0,98.3,98.3,98.2,98.4,98.3,98.3,98.4,98.4,98.4,98.5,98.5,98.4,98.2,98.7,98.6,98.7,98.5,98.6,98.4,98.5,98.6,98.4,98.4,98.5,98.5,98.1,98.8,98.5,98.6,98.7,98.8,98.8,98.8,98.8,98.7,98.7,98.5
Rank: 10,10,10,10,10,10,10,10,10,10,10,10,10,10,10,10,10,10,10,10,10,10,10,10,10,10,10,10,10,10,10,10,10,10,10,10,10,10,10,10
Seed 5/10
Train loss: 0.095,0.0639,0.047,0.0352,0.0251,0.0273,0.0226,0.0169,0.0197,0.0127,0.0113,0.0078,0.0114,0.0069,0.0067,0.0066,0.0051,0.0036,0.0055,0.0026,0.002,0.0058,0.0028,0.003,0.001,0.0011,0.0035,0.003,0.0017,0.0018,0.0007,0.0023,0.0008,0.0003,0.0002,0.0002,0.0063,0.0012,0.0003,0.0002
Test loss: 0.105,0.0749,0.0663,0.0654,0.0625,0.0791,0.0976,0.0708,0.0969,0.1036,0.1118,0.0827,0.0936,0.0768,0.0879,0.1089,0.0857,0.1005,0.1054,0.0957,0.0878,0.1035,0.0842,0.0913,0.0934,0.0961,0.1051,0.1054,0.1192,0.0963,0.1015,0.0977,0.098,0.1026,0.1092,0.111,0.1144,0.1037,0.1039,0.1047
Train accuracy: 97.2,98.1,98.5,98.9,99.3,99.1,99.3,99.5,99.4,99.6,99.7,99.8,99.7,99.8,99.8,99.8,99.9,99.9,99.8,100.0,100.0,99.8,99.9,99.9,100.0,100.0,99.9,99.9,100.0,100.0,100.0,99.9,100.0,100.0,100.0,100.0,99.8,100.0,100.0,100.0
Test accuracy: 97.0,97.8,98.0,98.1,98.3,98.1,98.2,98.2,98.1,98.3,98.4,98.4,98.4,98.5,98.3,98.4,98.4,98.6,98.2,98.5,98.7,98.4,98.7,98.5,98.8,98.7,98.4,98.3,98.7,98.6,98.7,98.5,98.6,98.8,98.8,98.8,98.4,98.6,98.7,98.7
Rank: 10,10,10,10,10,10,10,10,10,10,10,10,10,10,10,10,10,10,10,10,10,10,10,10,10,10,10,10,10,10,10,10,10,10,10,10,10,10,10,10
Seed 6/10
Train loss: 0.1181,0.0671,0.0493,0.0417,0.0356,0.0273,0.03,0.0216,0.0208,0.0142,0.0203,0.0125,0.0078,0.0075,0.0063,0.0072,0.0053,0.0077,0.0055,0.0151,0.0097,0.0035,0.002,0.0078,0.0038,0.0015,0.0012,0.001,0.0083,0.0019,0.001,0.0007,0.009,0.002,0.0011,0.0008,0.0007,0.0068,0.0013,0.0006
Test loss: 0.128,0.0908,0.079,0.0713,0.0765,0.0715,0.1058,0.0921,0.079,0.117,0.1063,0.1021,0.0886,0.1701,0.1927,0.3277,0.1388,0.1209,0.0928,0.1506,0.1475,0.0826,0.0843,0.0899,0.1808,0.1449,0.1099,0.1065,0.0986,0.1133,0.1056,0.123,0.1125,0.0923,0.0954,0.0967,0.1056,0.1034,0.0871,0.0949
Train accuracy: 96.5,98.0,98.5,98.7,98.9,99.2,99.1,99.3,99.3,99.6,99.3,99.7,99.8,99.8,99.8,99.8,99.9,99.8,99.9,99.5,99.7,99.9,100.0,99.7,99.9,100.0,100.0,100.0,99.8,100.0,100.0,100.0,99.7,100.0,100.0,100.0,100.0,99.8,100.0,100.0
Test accuracy: 96.7,97.7,98.0,98.1,98.1,98.3,98.1,98.4,98.2,98.5,98.3,98.4,98.5,98.6,98.5,98.6,98.5,98.2,98.5,98.2,98.3,98.6,98.6,98.4,98.6,98.5,98.6,98.6,98.4,98.7,98.7,98.7,98.3,98.5,98.7,98.7,98.7,98.3,98.5,98.7
Rank: 10,10,10,10,10,10,10,10,10,10,10,10,10,10,10,10,10,10,10,10,10,10,10,10,10,10,10,10,10,10,10,10,10,10,10,10,10,10,10,10
Seed 7/10
Train loss: 0.0816,0.0492,0.0357,0.0257,0.0206,0.0156,0.0133,0.0123,0.0098,0.0099,0.007,0.0051,0.0037,0.0052,0.0061,0.0038,0.0108,0.0017,0.0026,0.0006,0.0047,0.0015,0.0006,0.0003,0.0002,0.0001,0.0001,0.0001,0.026,0.0029,0.0004,0.0001,0.0001,0.0001,0.0001,0.0,0.0,0.0,0.0,0.0
Test loss: 0.0945,0.0602,0.0547,0.0498,0.0548,0.059,0.0538,0.0521,0.0563,0.0708,0.0635,0.06,0.0584,0.1016,0.063,0.0602,0.0861,0.0612,0.071,0.0773,0.0755,0.0729,0.0659,0.0625,0.0665,0.0689,0.0728,0.0759,0.109,0.0823,0.0776,0.0806,0.0798,0.0815,0.0835,0.0856,0.09,0.092,0.0978,0.099
Train accuracy: 97.5,98.5,98.9,99.2,99.4,99.5,99.6,99.6,99.7,99.7,99.8,99.9,99.9,99.9,99.8,99.9,99.7,100.0,99.9,100.0,99.9,100.0,100.0,100.0,100.0,100.0,100.0,100.0,99.2,99.9,100.0,100.0,100.0,100.0,100.0,100.0,100.0,100.0,100.0,100.0
Test accuracy: 97.4,98.1,98.2,98.4,98.5,98.5,98.6,98.6,98.6,98.5,98.6,98.8,98.8,98.8,98.6,98.7,98.6,98.7,98.7,98.8,98.5,98.7,98.9,99.0,99.0,98.9,98.9,98.9,98.2,98.6,98.8,98.9,98.9,98.9,98.9,98.9,98.9,98.9,98.8,98.9
Rank: 10,10,10,10,10,10,10,10,10,10,10,10,10,10,10,10,10,10,10,10,10,10,10,10,10,10,10,10,10,10,10,10,10,10,10,10,10,10,10,10
Seed 8/10
Train loss: 0.0693,0.0409,0.0288,0.0242,0.0154,0.0124,0.0124,0.0146,0.0109,0.0068,0.012,0.0151,0.0049,0.007,0.0045,0.0041,0.0028,0.0008,0.0005,0.0062,0.0023,0.0026,0.0023,0.0009,0.0003,0.0029,0.001,0.0003,0.0002,0.0001,0.0001,0.0001,0.0008,0.0005,0.0002,0.0001,0.0001,0.0001,0.0001,0.0001
Test loss: 0.0921,0.0627,0.0584,0.1171,0.0662,0.0682,0.081,0.1663,0.1141,0.0737,0.0787,0.059,0.0587,0.1055,0.0623,0.0521,0.0618,0.0668,0.0591,0.092,0.0637,0.1061,0.0747,0.0624,0.0958,0.27,0.0693,0.0881,0.0892,0.1239,0.129,0.1709,0.1912,0.1309,0.2623,0.244,0.3023,0.2903,0.2462,0.3895
Train accuracy: 98.0,98.8,99.1,99.3,99.6,99.6,99.6,99.5,99.7,99.8,99.6,99.6,99.9,99.8,99.9,99.9,99.9,100.0,100.0,99.8,99.9,99.9,100.0,100.0,100.0,99.9,100.0,100.0,100.0,100.0,100.0,100.0,100.0,100.0,100.0,100.0,100.0,100.0,100.0,100.0
Test accuracy: 97.5,98.3,98.6,98.5,98.7,98.6,98.6,98.5,98.4,98.7,98.5,98.4,98.7,98.7,98.7,98.8,98.8,98.9,98.9,98.6,98.8,98.7,98.6,98.9,99.0,98.8,99.0,98.9,99.0,99.0,99.0,99.0,98.9,99.0,98.9,99.0,99.0,99.0,98.9,98.9
Rank: 10,10,10,10,10,10,10,10,10,10,10,10,10,10,10,10,10,10,10,10,10,10,10,10,10,10,10,10,10,10,10,10,10,10,10,10,10,10,10,10
Seed 9/10
Train loss: 0.1445,0.0745,0.0463,0.0354,0.0279,0.0224,0.018,0.0153,0.016,0.0121,0.0081,0.0094,0.0074,0.008,0.0059,0.005,0.0026,0.0022,0.0098,0.0042,0.0017,0.0007,0.0008,0.0077,0.0012,0.0009,0.0005,0.0667,0.002,0.0009,0.0003,0.0004,0.0029,0.0008,0.0004,0.0003,0.0002,0.0002,0.0051,0.0008
Test loss: 0.1727,0.0926,0.0706,0.0678,0.0705,0.0763,0.0874,0.0673,0.0948,0.0816,0.0857,0.0854,0.0896,0.0905,0.0932,0.0818,0.0728,0.0788,0.0926,0.0859,0.0808,0.0887,0.1259,0.0875,0.0839,0.0747,0.083,0.2566,0.0916,0.0826,0.0849,0.1083,0.0889,0.0769,0.0817,0.0837,0.0876,0.0878,0.1123,0.1092
Train accuracy: 95.8,97.8,98.6,99.0,99.3,99.4,99.5,99.6,99.5,99.6,99.8,99.7,99.8,99.8,99.9,99.9,100.0,100.0,99.7,99.9,100.0,100.0,100.0,99.8,100.0,100.0,100.0,98.2,100.0,100.0,100.0,100.0,99.9,100.0,100.0,100.0,100.0,100.0,99.9,100.0
Test accuracy: 95.7,97.2,98.1,98.3,98.3,98.5,98.5,98.5,98.4,98.3,98.6,98.4,98.5,98.5,98.6,98.5,98.7,98.7,98.3,98.6,98.7,98.8,98.7,98.5,98.8,98.8,98.7,96.7,98.5,98.7,98.7,98.6,98.6,98.8,98.7,98.8,98.8,98.7,98.4,98.6
Rank: 10,10,10,10,10,10,10,10,10,10,10,10,10,10,10,10,10,10,10,10,10,10,10,10,10,10,10,10,10,10,10,10,10,10,10,10,10,10,10,10
Seed 10/10
Train loss: 0.1244,0.0814,0.0533,0.0433,0.0297,0.0264,0.0252,0.0259,0.0167,0.0107,0.0155,0.0159,0.0117,0.0107,0.0098,0.0095,0.0125,0.0037,0.0032,0.0095,0.0039,0.0031,0.0028,0.0026,0.009,0.0016,0.0017,0.0069,0.0046,0.0011,0.005,0.0012,0.0005,0.0003,0.0005,0.0187,0.0018,0.0006,0.0003,0.0002
Test loss: 0.1593,0.1187,0.0838,0.0843,0.0737,0.0833,0.0826,0.1123,0.1596,0.1421,0.1629,0.1619,0.1566,0.1092,0.1242,0.1496,0.1335,0.1118,0.1271,0.1555,0.1264,0.1222,0.1135,0.1254,0.1204,0.104,0.1199,0.1165,0.1442,0.1225,0.114,0.1021,0.1113,0.119,0.1224,0.1989,0.1021,0.1079,0.1192,0.1247
Train accuracy: 96.3,97.6,98.4,98.7,99.1,99.2,99.2,99.2,99.5,99.7,99.5,99.6,99.7,99.7,99.7,99.7,99.6,99.9,99.9,99.7,99.9,99.9,100.0,100.0,99.8,100.0,100.0,99.8,99.9,100.0,99.9,100.0,100.0,100.0,100.0,99.5,100.0,100.0,100.0,100.0
Test accuracy: 96.3,97.1,97.7,97.7,97.9,98.0,97.9,97.8,98.0,98.2,98.0,98.0,98.1,98.0,98.0,98.1,97.7,98.3,98.4,97.9,98.2,98.4,98.5,98.3,98.3,98.5,98.4,98.2,98.2,98.5,98.3,98.6,98.6,98.5,98.5,97.8,98.3,98.4,98.4,98.4
Rank: 10,10,10,10,10,10,10,10,10,10,10,10,10,10,10,10,10,10,10,10,10,10,10,10,10,10,10,10,10,10,10,10,10,10,10,10,10,10,10,10
