Seed 1/10
Train loss: 1.7263,1.5983,1.5144,1.4684,1.42,1.3907,1.3589,1.3098,1.2497,1.2108,1.1812,1.1489,1.1385,1.1202,1.1235,1.0877,1.0837,1.0658,1.0589,1.0513,1.0493,1.058,1.0394,1.0304,1.0308,1.044,1.0172,1.0135,1.0066,1.0091,1.0062,0.9795,0.9804,1.0033,0.986,0.9853,0.9727,1.0049,0.9766,0.9706
Test loss: 1.7366,1.6167,1.5328,1.4978,1.4875,1.4268,1.4087,1.3459,1.2999,1.2751,1.2515,1.2404,1.2299,1.2298,1.2446,1.2136,1.2266,1.2042,1.2184,1.2068,1.2303,1.2382,1.2166,1.2142,1.2157,1.25,1.213,1.2209,1.2272,1.2056,1.2387,1.2269,1.2324,1.2525,1.2412,1.2334,1.2329,1.2809,1.2649,1.2823
Train accuracy: 22.6,26.9,31.1,33.3,36.3,38.4,40.9,46.6,50.8,51.3,51.1,51.0,50.1,49.7,50.1,51.9,52.9,53.3,54.2,55.2,55.5,54.8,54.9,55.6,55.1,56.1,56.6,56.2,56.8,56.2,57.5,58.2,58.2,57.5,57.0,57.2,58.4,57.3,57.7,59.0
Test accuracy: 22.4,26.4,30.9,33.0,36.2,38.2,40.0,45.5,49.0,49.5,49.5,49.0,48.3,47.9,48.5,50.1,50.7,51.3,52.1,52.8,52.7,52.4,52.0,52.6,52.0,53.0,53.5,52.8,53.5,52.8,53.8,54.2,54.1,53.7,53.4,53.1,54.1,54.0,53.6,54.4
Rank: 6,6,7,7,8,8,8,8,8,8,8,8,8,8,8,8,8,8,8,8,8,8,8,8,8,8,8,8,8,8,8,8,8,8,8,8,8,8,8,8
Seed 2/10
Train loss: 2.3024,2.3013,2.3013,2.3013,2.3013,2.3013,2.3013,2.3013,2.3013,2.3013,2.3013,2.3013,2.3013,2.3013,2.3013,2.3013,2.3013,2.3013,2.3013,2.3013,2.3013,2.3013,2.3013,2.3013,2.3013,2.3013,2.3013,2.3013,2.3013,2.3013,2.3013,2.3013,2.3013,2.3013,2.3013,2.3013,2.3013,2.3013,2.3013,2.3013
Test loss: 2.3021,2.3012,2.3012,2.3012,2.3012,2.3012,2.3012,2.3012,2.3012,2.3012,2.3012,2.3012,2.3012,2.3012,2.3012,2.3012,2.3012,2.3012,2.3012,2.3012,2.3012,2.3012,2.3012,2.3012,2.3012,2.3012,2.3012,2.3012,2.3012,2.3012,2.3012,2.3012,2.3012,2.3012,2.3012,2.3012,2.3012,2.3012,2.3012,2.3012
Train accuracy: 11.2,11.2,11.2,11.2,11.2,11.2,11.2,11.2,11.2,11.2,11.2,11.2,11.2,11.2,11.2,11.2,11.2,11.2,11.2,11.2,11.2,11.2,11.2,11.2,11.2,11.2,11.2,11.2,11.2,11.2,11.2,11.2,11.2,11.2,11.2,11.2,11.2,11.2,11.2,11.2
Test accuracy: 11.3,11.3,11.3,11.3,11.3,11.3,11.3,11.3,11.3,11.3,11.3,11.3,11.3,11.3,11.3,11.3,11.3,11.3,11.3,11.3,11.3,11.3,11.3,11.3,11.3,11.3,11.3,11.3,11.3,11.3,11.3,11.3,11.3,11.3,11.3,11.3,11.3,11.3,11.3,11.3
Rank: 1,1,1,1,1,1,1,1,1,1,1,1,1,1,1,1,1,1,1,1,1,1,1,1,1,1,1,1,1,1,1,1,1,1,1,1,1,1,1,1
Seed 3/10
Train loss: 1.8326,1.7695,1.5631,1.5067,1.4677,1.4407,1.4218,1.4104,1.3946,1.387,1.3716,1.3608,1.3601,1.3459,1.3358,1.3226,1.317,1.3085,1.3009,1.296,1.2835,1.29,1.2739,1.2749,1.2653,1.2605,1.2575,1.2624,1.247,1.2604,1.2484,1.2515,1.2367,1.232,1.2309,1.2303,1.2333,1.2278,1.2202,1.2311
Test loss: 1.8367,1.7754,1.5687,1.5162,1.482,1.4576,1.446,1.4396,1.433,1.4276,1.4145,1.4123,1.4104,1.4069,1.4005,1.4069,1.4049,1.4054,1.4069,1.413,1.4118,1.4073,1.4037,1.4206,1.4138,1.4175,1.4116,1.4554,1.4151,1.4682,1.4351,1.4495,1.4441,1.4374,1.4525,1.4646,1.4737,1.4381,1.4631,1.4504
Train accuracy: 28.2,30.9,35.2,38.0,38.6,38.8,38.9,39.0,39.1,39.3,39.3,39.5,39.7,41.4,42.9,44.6,45.2,46.0,46.1,46.3,46.6,46.3,46.9,46.7,46.8,47.4,47.2,47.8,47.5,47.1,47.5,47.3,47.8,47.7,47.8,47.9,47.6,47.7,48.3,47.6
Test accuracy: 28.6,30.9,34.8,37.7,38.5,38.6,38.9,38.9,38.9,39.0,38.9,39.2,39.0,40.9,42.3,43.8,44.2,44.8,44.8,44.9,45.2,45.3,45.6,45.3,45.3,45.7,45.7,46.2,46.0,45.5,45.6,45.7,45.9,45.5,45.7,46.0,45.9,45.9,46.2,45.6
Rank: 5,6,6,7,7,7,7,7,8,8,8,8,8,8,8,8,8,8,8,8,8,8,8,8,8,8,8,8,8,8,8,8,8,8,8,8,8,8,8,8
Seed 4/10
Train loss: 2.3015,2.3013,2.3013,2.3013,2.3013,2.3013,2.3013,2.3013,2.3013,2.3013,2.3013,2.3013,2.3013,2.3013,2.3013,2.3013,2.3013,2.3013,2.3013,2.3013,2.3013,2.3013,2.3013,2.3013,2.3013,2.3013,2.3013,2.3013,2.3013,2.3013,2.3013,2.3013,2.3013,2.3013,2.3013,2.3013,2.3013,2.3013,2.3013,2.3013
Test loss: 2.3015,2.3012,2.3012,2.3012,2.3012,2.3012,2.3012,2.3012,2.3012,2.3012,2.3012,2.3012,2.3012,2.3012,2.3012,2.3012,2.3012,2.3012,2.3012,2.3012,2.3012,2.3012,2.3012,2.3012,2.3012,2.3012,2.3012,2.3012,2.3012,2.3012,2.3012,2.3012,2.3012,2.3012,2.3012,2.3012,2.3012,2.3012,2.3012,2.3012
Train accuracy: 11.2,11.2,11.2,11.2,11.2,11.2,11.2,11.2,11.2,11.2,11.2,11.2,11.2,11.2,11.2,11.2,11.2,11.2,11.2,11.2,11.2,11.2,11.2,11.2,11.2,11.2,11.2,11.2,11.2,11.2,11.2,11.2,11.2,11.2,11.2,11.2,11.2,11.2,11.2,11.2
Test accuracy: 11.3,11.3,11.3,11.3,11.3,11.3,11.3,11.3,11.3,11.3,11.3,11.3,11.3,11.3,11.3,11.3,11.3,11.3,11.3,11.3,11.3,11.3,11.3,11.3,11.3,11.3,11.3,11.3,11.3,11.3,11.3,11.3,11.3,11.3,11.3,11.3,11.3,11.3,11.3,11.3
Rank: 1,1,1,1,1,1,1,1,1,1,1,1,1,1,1,1,1,1,1,1,1,1,1,1,1,1,1,1,1,1,1,1,1,1,1,1,1,1,1,1
Seed 5/10
Train loss: 1.0195,0.739,0.6317,0.5602,0.5117,0.4467,0.4098,0.3877,0.3536,0.3196,0.2947,0.2828,0.2612,0.2448,0.2335,0.2248,0.2221,0.2157,0.2378,0.2052,0.1814,0.2041,0.1883,0.2041,0.1834,0.1801,0.1766,0.1689,0.1972,0.1653,0.1701,0.1918,0.1724,0.1732,0.1618,0.1695,0.1645,0.1541,0.1446,0.158
Test loss: 1.0241,1.5289,0.8165,0.81,0.8481,0.584,0.5548,0.5367,0.4904,0.4514,0.4394,0.4317,0.4172,0.4089,0.4103,0.4098,0.4525,0.4545,0.4406,0.4478,0.4457,0.4888,0.468,0.5562,0.4992,0.4949,0.5411,0.5312,0.5743,0.531,0.5155,0.5993,0.5427,0.571,0.6157,0.6346,0.6323,0.5861,0.5589,0.5925
Train accuracy: 61.9,76.1,80.5,82.8,83.8,85.4,86.8,88.4,90.8,92.1,92.7,93.0,93.8,94.1,94.5,94.7,95.0,95.2,94.1,95.4,96.0,95.5,95.9,95.4,95.9,95.9,96.2,96.0,95.9,96.4,96.4,96.1,96.4,96.4,96.5,96.4,96.6,96.8,96.9,96.7
Test accuracy: 62.1,75.3,79.4,81.5,82.2,84.1,85.2,86.5,89.1,89.9,90.7,90.8,91.3,91.6,91.7,91.8,92.1,92.0,91.6,92.5,92.6,92.4,92.6,92.4,92.3,92.4,92.5,92.2,92.2,92.3,92.5,92.3,92.4,92.5,92.2,92.2,92.5,92.5,92.3,92.4
Rank: 10,10,10,10,10,10,10,10,10,10,10,10,10,10,10,10,10,10,10,10,10,10,10,10,10,10,10,10,10,10,10,10,10,10,10,10,10,10,10,10
Seed 6/10
Train loss: 1.5398,1.0633,0.8138,0.717,0.6088,0.5485,0.504,0.471,0.4498,0.4384,0.4136,0.4052,0.3957,0.389,0.3813,0.3796,0.3966,0.3628,0.363,0.3587,0.3572,0.344,0.3499,0.3498,0.3463,0.3172,0.3336,0.3313,0.3235,0.3372,0.3396,0.3089,0.3173,0.3157,0.302,0.3205,0.3089,0.3019,0.2945,0.2844
Test loss: 1.5582,1.0807,0.8828,0.7687,0.644,0.5908,0.5633,0.5466,0.5458,0.553,0.5323,0.5434,0.5413,0.5518,0.5512,0.5733,0.5879,0.5673,0.5888,0.5817,0.6089,0.5817,0.6263,0.6366,0.6318,0.5944,0.6458,0.6425,0.686,0.7151,0.6937,0.6367,0.6871,0.7192,0.6789,0.7116,0.7451,0.7,0.7,0.661
Train accuracy: 45.7,62.6,71.7,75.5,81.3,83.0,83.9,84.5,84.8,84.8,85.1,85.3,85.3,85.5,85.5,85.7,85.2,85.9,86.1,86.0,86.3,86.1,86.5,86.1,86.3,86.7,86.6,86.8,86.8,86.6,86.2,86.8,86.8,86.9,86.9,87.0,87.3,87.3,87.3,87.4
Test accuracy: 45.7,62.5,71.6,75.1,80.9,82.4,83.2,83.3,83.5,83.1,83.3,83.3,83.3,83.5,83.3,83.6,83.3,83.8,83.9,83.6,83.8,83.8,83.9,83.6,83.9,83.9,83.9,83.8,83.7,83.8,83.2,83.5,83.5,83.5,83.3,83.4,83.5,83.5,83.5,83.3
Rank: 9,10,10,10,10,10,10,10,10,10,10,10,10,10,10,10,10,10,10,10,10,10,10,10,10,10,10,10,10,10,10,10,10,10,10,10,10,10,10,10
Seed 7/10
Train loss: 0.9635,0.6874,0.5675,0.4879,0.3951,0.341,0.31,0.285,0.2996,0.2487,0.2326,0.2247,0.2205,0.2179,0.2025,0.2069,0.1939,0.1837,0.1761,0.192,0.2021,0.1632,0.2216,0.1464,0.1495,0.1796,0.1344,0.1416,0.16,0.123,0.147,0.1244,0.1132,0.1287,0.1404,0.1255,0.1139,0.1139,0.1305,0.1667
Test loss: 0.9667,0.8688,1.0195,0.6166,0.8291,0.9301,0.7463,0.691,1.0304,0.6319,0.5977,0.5875,0.6171,0.7264,0.5875,0.5754,0.9574,0.8152,0.6313,0.7592,0.7585,0.6659,1.3567,1.4028,0.6602,0.5286,1.1222,0.7772,0.6493,0.8175,1.7911,0.9972,0.9114,1.026,0.6811,0.7808,0.7915,0.578,0.5457,0.7066
Train accuracy: 69.2,79.9,82.1,86.7,91.7,92.8,93.3,93.8,92.4,94.5,94.9,95.0,95.0,95.1,95.4,95.2,95.6,95.7,95.9,95.4,95.2,96.3,93.7,96.6,96.5,95.8,96.9,96.7,96.3,97.1,96.4,97.2,97.3,97.0,96.7,97.0,97.4,97.2,96.8,96.2
Test accuracy: 70.2,79.9,81.3,86.7,91.3,92.3,92.5,92.8,91.1,93.0,93.3,93.1,93.1,93.2,93.1,92.8,93.2,93.1,93.3,92.7,92.5,93.3,91.1,93.1,93.2,92.7,93.3,93.3,92.8,93.3,93.0,93.4,93.2,93.2,92.8,93.2,92.9,92.6,93.0,92.5
Rank: 10,10,10,10,10,10,10,10,10,10,10,10,10,10,10,10,10,10,10,10,10,10,10,10,10,10,10,10,10,10,10,10,10,10,10,10,10,10,10,10
Seed 8/10
Train loss: 1.1435,0.9457,0.7641,0.6212,0.5232,0.4593,0.4158,0.3774,0.3472,0.3287,0.3074,0.3112,0.2909,0.2948,0.2685,0.2807,0.2615,0.254,0.2453,0.2594,0.2454,0.2486,0.227,0.2307,0.2344,0.2235,0.208,0.2004,0.2415,0.2287,0.2017,0.187,0.205,0.1871,0.186,0.1991,0.207,0.2094,0.1973,0.1951
Test loss: 1.161,1.0041,0.8365,0.6883,0.6433,0.6597,0.5999,0.5299,0.4926,0.4771,0.4977,0.4937,0.4731,0.5527,0.4588,0.5405,0.5819,0.4762,0.4644,0.5691,0.7046,0.6447,0.6006,0.6478,0.6307,0.636,0.6388,0.5713,0.7671,0.651,0.6757,0.6263,0.5404,0.6028,0.5661,0.6596,0.6414,0.6702,0.5343,0.6573
Train accuracy: 56.1,67.1,74.5,85.3,87.8,88.8,89.9,90.8,91.6,91.9,92.4,92.0,92.6,92.0,92.7,92.4,93.0,93.0,93.1,92.9,93.3,93.3,93.9,93.7,93.8,94.0,94.6,94.8,93.5,94.0,94.7,95.2,94.6,95.2,95.1,95.0,94.6,94.5,94.7,94.6
Test accuracy: 55.6,66.9,74.2,84.1,85.8,87.0,87.9,88.4,89.2,89.5,90.2,89.7,90.0,89.4,90.3,89.8,90.1,90.3,90.3,90.0,90.4,90.1,90.5,90.7,90.4,90.4,90.8,91.0,89.5,90.1,90.7,91.2,90.6,90.8,91.0,90.8,90.4,90.4,90.9,90.0
Rank: 10,10,10,10,10,10,10,10,10,10,10,10,10,10,10,10,10,10,10,10,10,10,10,10,10,10,10,10,10,10,10,10,10,10,10,10,10,10,10,10
Seed 9/10
Train loss: 2.302,2.3013,2.3013,2.3013,2.3013,2.3013,2.3013,2.3013,2.3013,2.3013,2.3013,2.3013,2.3013,2.3013,2.3013,2.3013,2.3013,2.3013,2.3013,2.3013,2.3013,2.3013,2.3013,2.3013,2.3013,2.3013,2.3013,2.3013,2.3013,2.3013,2.3013,2.3013,2.3013,2.3013,2.3013,2.3013,2.3013,2.3013,2.3013,2.3013
Test loss: 2.3022,2.3012,2.3012,2.3012,2.3012,2.3012,2.3012,2.3012,2.3012,2.3012,2.3012,2.3012,2.3012,2.3012,2.3012,2.3012,2.3012,2.3012,2.3012,2.3012,2.3012,2.3012,2.3012,2.3012,2.3012,2.3012,2.3012,2.3012,2.3012,2.3012,2.3012,2.3012,2.3012,2.3012,2.3012,2.3012,2.3012,2.3012,2.3012,2.3012
Train accuracy: 9.9,11.2,11.2,11.2,11.2,11.2,11.2,11.2,11.2,11.2,11.2,11.2,11.2,11.2,11.2,11.2,11.2,11.2,11.2,11.2,11.2,11.2,11.2,11.2,11.2,11.2,11.2,11.2,11.2,11.2,11.2,11.2,11.2,11.2,11.2,11.2,11.2,11.2,11.2,11.2
Test accuracy: 9.6,11.3,11.3,11.3,11.3,11.3,11.3,11.3,11.3,11.3,11.3,11.3,11.3,11.3,11.3,11.3,11.3,11.3,11.3,11.3,11.3,11.3,11.3,11.3,11.3,11.3,11.3,11.3,11.3,11.3,11.3,11.3,11.3,11.3,11.3,11.3,11.3,11.3,11.3,11.3
Rank: 1,1,1,1,1,1,1,1,1,1,1,1,1,1,1,1,1,1,1,1,1,1,1,1,1,1,1,1,1,1,1,1,1,1,1,1,1,1,1,1
Seed 10/10
Train loss: 1.3772,0.9658,0.7232,0.5452,0.4375,0.3391,0.2901,0.2541,0.2294,0.2107,0.193,0.1874,0.179,0.1698,0.173,0.1545,0.1606,0.1701,0.1443,0.1363,0.128,0.1383,0.1377,0.1225,0.1264,0.1555,0.1167,0.1173,0.1171,0.1161,0.1153,0.1301,0.1054,0.1064,0.1052,0.0987,0.1016,0.102,0.0919,0.0979
Test loss: 1.3833,1.0374,0.8117,0.6056,0.5072,0.4524,0.4408,0.4015,0.3905,0.3837,0.3522,0.3755,0.3853,0.3752,0.4481,0.3954,0.4195,0.4255,0.4803,0.4225,0.3895,0.4019,0.4216,0.4226,0.486,0.4268,0.4397,0.4819,0.4388,0.5151,0.4401,0.4873,0.5362,0.4566,0.4498,0.4568,0.4407,0.4438,0.4723,0.4758
Train accuracy: 39.2,58.2,71.1,81.9,91.1,92.9,93.7,94.3,94.7,95.0,95.4,95.4,95.7,95.8,95.5,96.1,95.7,95.2,96.3,96.5,96.9,96.3,96.3,96.9,96.8,95.7,97.1,97.0,97.1,97.1,97.0,96.5,97.4,97.3,97.4,97.5,97.5,97.5,97.7,97.5
Test accuracy: 38.4,57.0,70.7,81.2,90.1,91.5,92.2,92.4,92.7,92.8,93.1,92.9,93.4,93.0,92.5,92.7,92.5,92.0,92.5,92.6,93.3,92.4,92.3,93.1,92.9,92.0,93.1,92.6,93.0,92.8,92.7,92.1,93.2,93.1,93.1,92.8,92.9,93.1,93.1,93.0
Rank: 10,10,10,10,10,10,10,10,10,10,10,10,10,10,10,10,10,10,10,10,10,10,10,10,10,10,10,10,10,10,10,10,10,10,10,10,10,10,10,10
