Seed 1/10
Train loss: 0.1797,0.1083,0.0869,0.0878,0.0503,0.0468,0.0333,0.0293,0.0243,0.0218,0.0186,0.0175,0.0173,0.021,0.0109,0.0105,0.0094,0.0119,0.0087,0.0155,0.0121,0.0077,0.0081,0.0109,0.0081,0.0072,0.007,0.0152,0.0068,0.0058,0.0053,0.0074,0.013,0.0049,0.0041,0.0057,0.0057,0.005,0.0069,0.0057
Test loss: 0.1812,0.1233,0.112,0.1192,0.0962,0.0967,0.0891,0.0876,0.0929,0.0983,0.0875,0.0961,0.1027,0.1147,0.1141,0.1124,0.1244,0.1246,0.1212,0.1228,0.1279,0.1149,0.1208,0.1306,0.1205,0.1269,0.1269,0.1373,0.134,0.1346,0.1368,0.1246,0.1503,0.132,0.1399,0.1353,0.1375,0.1374,0.1482,0.1428
Train accuracy: 95.1,96.9,97.4,97.2,98.6,98.6,99.0,99.2,99.2,99.3,99.5,99.5,99.5,99.3,99.7,99.7,99.7,99.6,99.7,99.5,99.6,99.7,99.8,99.6,99.7,99.8,99.8,99.5,99.8,99.8,99.8,99.8,99.6,99.8,99.9,99.8,99.8,99.8,99.8,99.8
Test accuracy: 95.1,96.5,96.7,96.5,97.3,97.4,97.6,97.6,97.7,97.6,97.7,97.7,97.5,97.4,97.6,97.6,97.5,97.7,97.7,97.5,97.6,97.6,97.7,97.7,97.5,97.6,97.8,97.6,97.7,97.8,97.8,97.7,97.5,97.7,97.7,97.7,97.6,97.8,97.6,97.5
Rank: 10,10,10,10,10,10,10,10,10,10,10,10,10,10,10,10,10,10,10,10,10,10,10,10,10,10,10,10,10,10,10,10,10,10,10,10,10,10,10,10
Seed 2/10
Train loss: 0.1876,0.1225,0.1147,0.0786,0.0639,0.0514,0.0519,0.059,0.0331,0.0281,0.0261,0.0209,0.0218,0.0147,0.0358,0.0187,0.0125,0.0127,0.0209,0.0104,0.0076,0.017,0.0155,0.0132,0.0093,0.0072,0.0137,0.007,0.0104,0.0064,0.0075,0.0075,0.0064,0.0035,0.0105,0.0052,0.0107,0.0109,0.0077,0.0075
Test loss: 0.1997,0.14,0.1546,0.1103,0.1029,0.1067,0.1134,0.1291,0.099,0.0952,0.1109,0.1101,0.12,0.1127,0.1298,0.1183,0.1218,0.116,0.1378,0.1168,0.1258,0.14,0.1393,0.1337,0.1361,0.1311,0.165,0.1476,0.1406,0.1455,0.1382,0.147,0.1498,0.1369,0.1459,0.1505,0.1483,0.1624,0.1632,0.1433
Train accuracy: 94.8,96.6,96.8,97.8,98.3,98.5,98.5,98.2,99.0,99.2,99.2,99.3,99.3,99.6,98.8,99.4,99.6,99.6,99.3,99.7,99.8,99.4,99.5,99.6,99.7,99.8,99.5,99.8,99.7,99.8,99.8,99.8,99.8,99.9,99.7,99.8,99.7,99.6,99.8,99.8
Test accuracy: 94.6,96.3,96.2,97.1,97.3,97.5,97.2,96.8,97.5,97.6,97.5,97.5,97.5,97.6,97.0,97.5,97.8,97.9,97.4,97.8,97.6,97.5,97.4,97.6,97.7,97.8,97.5,97.6,97.5,97.7,97.7,97.7,97.6,98.0,97.7,97.9,97.8,97.5,97.7,97.8
Rank: 10,10,10,10,10,10,10,10,10,10,10,10,10,10,10,10,10,10,10,10,10,10,10,10,10,10,10,10,10,10,10,10,10,10,10,10,10,10,10,10
Seed 3/10
Train loss: 0.2087,0.1035,0.0827,0.0695,0.0531,0.0458,0.0433,0.0365,0.0321,0.0215,0.0363,0.0215,0.0157,0.0156,0.0211,0.0098,0.0179,0.0084,0.0077,0.0091,0.0084,0.0146,0.0085,0.0069,0.0101,0.0093,0.0064,0.008,0.0046,0.0092,0.006,0.0082,0.009,0.0075,0.0059,0.0097,0.0082,0.0071,0.0049,0.0042
Test loss: 0.22,0.1233,0.1099,0.1026,0.0988,0.0908,0.0961,0.0896,0.0897,0.0957,0.1348,0.0963,0.1002,0.1137,0.1153,0.1055,0.1191,0.119,0.1177,0.1165,0.1243,0.1539,0.1409,0.1254,0.1189,0.1558,0.1268,0.1408,0.1263,0.1503,0.1476,0.1458,0.1382,0.1519,0.1464,0.1444,0.1556,0.1531,0.15,0.1537
Train accuracy: 94.1,97.0,97.5,98.0,98.4,98.6,98.6,98.9,99.0,99.4,98.8,99.3,99.5,99.5,99.3,99.7,99.4,99.8,99.8,99.7,99.7,99.5,99.7,99.8,99.7,99.7,99.8,99.8,99.9,99.7,99.8,99.7,99.7,99.8,99.8,99.7,99.7,99.8,99.8,99.9
Test accuracy: 93.9,96.5,96.8,97.1,97.2,97.5,97.5,97.7,97.6,97.7,96.9,97.8,97.7,97.7,97.6,97.9,97.5,97.8,98.0,97.9,97.8,97.3,97.8,97.8,97.8,97.6,97.9,97.7,97.8,97.6,97.7,97.7,97.7,97.8,97.8,97.6,97.7,97.8,97.8,97.8
Rank: 10,10,10,10,10,10,10,10,10,10,10,10,10,10,10,10,10,10,10,10,10,10,10,10,10,10,10,10,10,10,10,10,10,10,10,10,10,10,10,10
Seed 4/10
Train loss: 1.086,0.8005,0.6986,0.6157,0.5772,0.5284,0.5307,0.4575,0.4171,0.398,0.3762,0.3573,0.3681,0.3373,0.3325,0.3287,0.3204,0.3164,0.297,0.303,0.2941,0.314,0.2782,0.2828,0.269,0.272,0.2756,0.2744,0.2625,0.2563,0.2561,0.2532,0.2566,0.2598,0.2476,0.2434,0.2346,0.2389,0.2379,0.2363
Test loss: 1.0886,0.8089,0.7206,0.6437,0.6255,0.5818,0.5782,0.5325,0.4946,0.4869,0.4732,0.4618,0.4766,0.4534,0.4581,0.463,0.4468,0.455,0.4414,0.4499,0.4584,0.463,0.4625,0.4699,0.4742,0.4636,0.4845,0.474,0.4876,0.4955,0.4743,0.4835,0.4844,0.4922,0.5052,0.5093,0.4967,0.4955,0.5314,0.5028
Train accuracy: 50.3,70.7,77.2,77.7,80.3,81.8,81.3,83.6,84.5,84.9,85.2,85.7,85.1,85.9,85.9,85.8,86.3,86.3,87.0,86.6,87.0,86.0,87.2,87.1,87.5,87.5,87.0,87.1,87.6,88.0,87.8,87.9,87.7,87.5,88.0,88.0,88.4,88.3,88.3,88.4
Test accuracy: 51.1,70.5,76.7,76.8,79.6,80.8,80.4,82.1,83.0,83.2,83.5,83.9,83.3,83.8,84.1,83.1,83.9,83.8,84.1,84.0,83.8,83.6,84.0,83.8,84.1,84.1,83.8,83.8,83.8,84.2,84.0,84.2,83.9,83.3,83.9,84.0,84.2,84.2,84.0,84.1
Rank: 10,10,10,10,10,10,10,10,10,10,10,10,10,10,10,10,10,10,10,10,10,10,10,10,10,10,10,10,10,10,10,10,10,10,10,10,10,10,10,10
Seed 5/10
Train loss: 1.7987,1.7081,1.6792,1.635,1.6086,1.5793,1.5813,1.55,1.5477,1.5366,1.525,1.5098,1.5068,1.4902,1.4936,1.4781,1.4708,1.4731,1.4677,1.4591,1.4527,1.4572,1.4686,1.4402,1.4451,1.4496,1.4356,1.4356,1.4339,1.4503,1.4318,1.427,1.4347,1.4325,1.4361,1.4263,1.4238,1.4174,1.4178,1.4169
Test loss: 1.8021,1.715,1.6907,1.6458,1.6263,1.6011,1.5931,1.5773,1.5772,1.5742,1.5606,1.5589,1.5569,1.5457,1.5513,1.5465,1.5438,1.5528,1.5542,1.5442,1.5407,1.5728,1.5534,1.5561,1.5564,1.5578,1.5557,1.5747,1.564,1.5554,1.5639,1.5583,1.5547,1.5509,1.5577,1.5527,1.5646,1.5772,1.5694,1.5611
Train accuracy: 23.3,27.4,25.5,35.8,36.2,37.7,36.7,38.0,37.7,37.8,38.1,38.7,38.3,38.8,38.6,38.9,39.2,39.2,39.3,39.4,39.5,39.3,38.4,39.8,39.6,39.5,39.7,39.8,39.8,39.0,39.7,39.8,39.5,39.5,39.6,39.8,39.7,40.2,40.1,40.1
Test accuracy: 23.2,27.2,24.9,35.4,36.2,37.6,36.8,37.7,37.5,37.2,37.7,38.4,37.9,38.4,38.0,38.3,38.8,38.6,38.8,39.0,38.9,38.4,37.9,39.1,38.9,38.6,38.9,38.8,39.0,37.9,39.0,39.1,38.8,38.6,38.8,38.6,38.9,38.9,38.8,38.9
Rank: 6,6,6,6,6,6,6,6,6,6,6,6,6,6,6,6,6,6,6,6,6,6,6,6,6,6,6,6,6,6,6,6,6,6,6,6,6,6,6,6
Seed 6/10
Train loss: 1.9961,1.8439,1.675,1.637,1.6073,1.5825,1.5636,1.5421,1.5343,1.5414,1.5102,1.5104,1.5108,1.4948,1.4944,1.4921,1.4729,1.4693,1.4631,1.4597,1.4565,1.4546,1.453,1.4558,1.4577,1.4505,1.4396,1.4431,1.4469,1.4549,1.4401,1.4394,1.4359,1.4325,1.4282,1.4336,1.4274,1.4264,1.4298,1.4233
Test loss: 1.9922,1.8347,1.6746,1.6343,1.607,1.5923,1.5713,1.5581,1.5509,1.5534,1.536,1.5452,1.5423,1.5329,1.5301,1.5248,1.5189,1.5267,1.5235,1.5141,1.5111,1.5183,1.52,1.5165,1.5307,1.5164,1.5178,1.5331,1.523,1.5131,1.5319,1.5151,1.5393,1.539,1.5186,1.5177,1.5204,1.5512,1.5415,1.5304
Train accuracy: 21.5,29.4,32.0,32.9,31.5,36.2,38.0,38.1,38.7,36.2,39.0,39.2,38.5,39.0,38.7,38.8,39.3,39.6,39.7,39.7,39.6,39.6,39.4,39.2,39.8,39.5,40.0,39.8,39.6,39.4,39.9,39.8,40.1,40.1,40.0,40.0,40.1,40.2,40.0,40.3
Test accuracy: 21.5,29.6,31.6,33.0,32.1,35.7,37.5,38.1,38.1,36.2,38.4,38.5,37.7,38.4,37.8,38.1,38.5,38.9,39.0,38.8,38.8,38.8,38.5,38.3,39.1,38.6,38.9,38.7,38.5,38.5,38.8,38.7,38.8,38.8,38.7,39.0,39.0,39.1,38.8,39.0
Rank: 3,5,6,6,6,6,6,6,6,6,6,6,6,6,6,6,6,6,6,6,6,6,6,6,6,6,6,6,6,6,6,6,6,6,6,6,6,6,6,6
Seed 7/10
Train loss: 0.1394,0.0954,0.0747,0.0643,0.047,0.0345,0.0283,0.0343,0.022,0.0192,0.0118,0.0171,0.0227,0.0111,0.0185,0.0092,0.0092,0.0159,0.009,0.0057,0.0058,0.0062,0.0095,0.0105,0.0081,0.0108,0.006,0.0066,0.0064,0.02,0.0037,0.0056,0.0085,0.0059,0.0084,0.0073,0.0069,0.0055,0.002,0.0078
Test loss: 0.1495,0.1082,0.1032,0.0948,0.087,0.0857,0.0779,0.0963,0.0901,0.0846,0.0859,0.0945,0.1127,0.1055,0.1215,0.1028,0.1186,0.1213,0.1131,0.1191,0.118,0.1256,0.1275,0.138,0.1169,0.141,0.1313,0.128,0.1351,0.1809,0.1372,0.1349,0.1528,0.125,0.1351,0.1518,0.1562,0.1494,0.132,0.1645
Train accuracy: 96.3,97.3,97.8,98.1,98.6,99.0,99.2,98.9,99.4,99.5,99.7,99.5,99.2,99.7,99.4,99.7,99.7,99.5,99.7,99.8,99.8,99.8,99.7,99.6,99.7,99.7,99.8,99.8,99.8,99.4,99.9,99.8,99.7,99.8,99.7,99.8,99.8,99.8,100.0,99.7
Test accuracy: 95.9,96.9,97.0,97.4,97.7,97.7,98.0,97.5,97.9,98.1,98.2,97.9,97.6,97.9,97.7,98.0,98.0,97.6,97.9,98.1,98.1,97.9,98.0,97.7,98.1,97.8,97.9,98.0,98.0,97.6,97.9,98.0,98.0,98.0,98.0,97.9,97.8,98.0,98.1,97.9
Rank: 10,10,10,10,10,10,10,10,10,10,10,10,10,10,10,10,10,10,10,10,10,10,10,10,10,10,10,10,10,10,10,10,10,10,10,10,10,10,10,10
Seed 8/10
Train loss: 0.1346,0.0895,0.08,0.0538,0.0442,0.0386,0.0443,0.031,0.024,0.0227,0.0179,0.0157,0.0138,0.0161,0.0124,0.0111,0.0083,0.011,0.015,0.0086,0.0193,0.0123,0.0062,0.0085,0.0073,0.0054,0.0088,0.0049,0.0044,0.0055,0.0015,0.0073,0.0042,0.0034,0.0058,0.0013,0.0077,0.002,0.0085,0.0012
Test loss: 0.1384,0.1048,0.1011,0.0846,0.0745,0.0839,0.1132,0.0954,0.0865,0.0851,0.0959,0.088,0.1096,0.1078,0.1148,0.1095,0.1134,0.1145,0.1314,0.1227,0.1404,0.1331,0.1224,0.1376,0.1127,0.1251,0.1191,0.1304,0.1094,0.11,0.1128,0.1279,0.113,0.1154,0.1223,0.1052,0.1249,0.1018,0.1206,0.0983
Train accuracy: 96.2,97.5,97.7,98.4,98.7,98.8,98.6,99.0,99.3,99.3,99.4,99.5,99.6,99.5,99.6,99.7,99.7,99.7,99.5,99.7,99.4,99.6,99.8,99.7,99.8,99.8,99.7,99.9,99.9,99.8,100.0,99.8,99.9,99.9,99.8,100.0,99.7,99.9,99.7,100.0
Test accuracy: 96.1,97.2,97.1,97.5,98.0,97.7,97.2,97.5,97.7,97.7,97.9,98.0,97.8,97.8,97.8,97.8,98.0,97.8,97.6,97.8,97.5,97.7,98.0,97.9,97.9,97.8,98.1,98.0,98.2,98.2,98.3,98.1,98.2,98.1,98.0,98.4,98.0,98.4,98.2,98.5
Rank: 10,10,10,10,10,10,10,10,10,10,10,10,10,10,10,10,10,10,10,10,10,10,10,10,10,10,10,10,10,10,10,10,10,10,10,10,10,10,10,10
Seed 9/10
Train loss: 0.1351,0.077,0.0519,0.0382,0.0408,0.0523,0.0201,0.0215,0.0167,0.0132,0.0141,0.0086,0.0138,0.0096,0.0061,0.0048,0.0076,0.0039,0.0111,0.0055,0.0078,0.0034,0.007,0.009,0.0053,0.0061,0.0026,0.0022,0.0032,0.006,0.0011,0.0062,0.0049,0.0024,0.0036,0.0067,0.0016,0.0023,0.0015,0.006
Test loss: 0.1433,0.0904,0.0733,0.0659,0.0784,0.096,0.0655,0.0661,0.066,0.067,0.0796,0.0711,0.0842,0.0725,0.074,0.0726,0.0829,0.0793,0.083,0.0804,0.092,0.0864,0.094,0.0914,0.0873,0.0883,0.0822,0.0821,0.0898,0.0932,0.0854,0.099,0.0932,0.0832,0.0925,0.1006,0.1011,0.0886,0.0893,0.1057
Train accuracy: 96.0,97.8,98.5,98.9,98.7,98.3,99.4,99.3,99.5,99.6,99.5,99.8,99.5,99.7,99.8,99.8,99.7,99.9,99.6,99.8,99.7,99.9,99.8,99.7,99.8,99.8,99.9,99.9,99.9,99.8,100.0,99.8,99.8,99.9,99.9,99.8,100.0,99.9,100.0,99.8
Test accuracy: 95.7,97.2,97.8,98.1,97.6,97.2,98.2,98.3,98.1,98.2,98.1,98.1,98.0,98.4,98.3,98.3,98.2,98.4,98.3,98.3,98.2,98.4,98.1,98.2,98.3,98.3,98.3,98.4,98.2,98.4,98.5,98.3,98.3,98.4,98.4,98.2,98.3,98.3,98.3,98.2
Rank: 10,10,10,10,10,10,10,10,10,10,10,10,10,10,10,10,10,10,10,10,10,10,10,10,10,10,10,10,10,10,10,10,10,10,10,10,10,10,10,10
Seed 10/10
Train loss: 0.2831,0.1898,0.1857,0.1255,0.1125,0.089,0.1117,0.0609,0.07,0.0552,0.048,0.0428,0.0404,0.0326,0.0323,0.0289,0.0256,0.0387,0.024,0.0242,0.0246,0.0184,0.0183,0.0209,0.0137,0.0162,0.0262,0.0143,0.0112,0.0104,0.0181,0.0247,0.0127,0.0173,0.0124,0.0178,0.0055,0.013,0.0091,0.0112
Test loss: 0.2818,0.2126,0.2233,0.1687,0.1656,0.1499,0.1824,0.1379,0.1522,0.1472,0.153,0.1494,0.1527,0.1508,0.1536,0.1532,0.1677,0.1954,0.1709,0.1857,0.1838,0.1794,0.1979,0.2047,0.1905,0.1973,0.2232,0.1996,0.2198,0.2126,0.2286,0.2156,0.2182,0.2485,0.2219,0.218,0.2068,0.2093,0.2077,0.2219
Train accuracy: 92.4,94.9,94.9,96.5,96.8,97.6,96.5,98.4,98.0,98.4,98.6,98.8,98.8,99.1,99.1,99.2,99.3,98.7,99.4,99.3,99.2,99.5,99.5,99.3,99.6,99.5,99.1,99.6,99.7,99.7,99.4,99.2,99.6,99.5,99.6,99.4,99.9,99.6,99.7,99.7
Test accuracy: 92.6,94.5,94.1,95.6,95.7,96.4,95.2,96.6,96.4,96.3,96.6,96.5,96.5,96.7,96.8,96.7,96.7,96.2,96.6,96.5,96.5,96.4,96.5,96.5,96.6,96.4,95.9,96.5,96.5,96.6,96.3,96.2,96.5,96.6,96.6,96.7,97.0,96.7,96.9,96.8
Rank: 10,10,10,10,10,10,10,10,10,10,10,10,10,10,10,10,10,10,10,10,10,10,10,10,10,10,10,10,10,10,10,10,10,10,10,10,10,10,10,10
