Seed 1/10
Train loss: 0.1772,0.0976,0.0631,0.0424,0.0301,0.0245,0.0221,0.0139,0.0147,0.0169,0.0128,0.0085,0.0093,0.0099,0.0063,0.008,0.0077,0.0055,0.0039,0.0043,0.0058,0.004,0.005,0.0032,0.0037,0.0047,0.0029,0.0052,0.0022,0.0021,0.0027,0.0042,0.0026,0.0022,0.0018,0.0017,0.0016,0.0015,0.0026,0.0017
Test loss: 0.1875,0.1135,0.0935,0.0798,0.066,0.0553,0.1183,0.1105,0.0715,0.1273,0.0707,0.0584,0.0761,0.1158,0.0578,0.0649,0.0707,0.0569,0.0547,0.0631,0.0683,0.064,0.085,0.0557,0.0585,0.078,0.0587,0.0729,0.0592,0.059,0.0678,0.0729,0.0564,0.06,0.0625,0.059,0.0581,0.0701,0.0575,0.0609
Train accuracy: 97.6,98.5,98.8,99.0,99.4,99.5,99.5,99.7,99.7,99.6,99.7,99.8,99.8,99.7,99.9,99.8,99.8,99.9,99.9,99.9,99.9,99.9,99.9,99.9,99.9,99.9,99.9,99.9,99.9,99.9,99.9,99.9,99.9,99.9,100.0,100.0,100.0,100.0,99.9,100.0
Test accuracy: 97.5,98.2,98.3,98.4,98.5,98.7,98.7,98.8,98.6,98.5,98.5,98.8,98.9,98.8,98.8,98.8,98.7,98.9,98.9,98.7,98.8,98.8,98.8,99.0,98.8,98.7,98.9,98.8,98.9,99.0,98.9,98.8,98.8,98.9,98.9,99.0,99.0,99.0,99.0,99.0
Rank: 10,10,10,10,10,10,10,10,10,10,10,10,10,10,10,10,10,10,10,10,10,10,10,10,10,10,10,10,10,10,10,10,10,10,10,10,10,10,10,10
Seed 2/10
Train loss: 0.2027,0.104,0.0557,0.043,0.0291,0.0277,0.0194,0.0182,0.0139,0.0133,0.0128,0.0106,0.0106,0.0128,0.0078,0.0073,0.0058,0.0098,0.0075,0.005,0.004,0.0062,0.0039,0.0033,0.0134,0.006,0.0048,0.0027,0.0119,0.005,0.005,0.0035,0.0025,0.0108,0.0054,0.0022,0.0024,0.0041,0.0032,0.0042
Test loss: 0.2687,0.1198,0.0774,0.0698,0.0591,0.0708,0.0546,0.0603,0.0573,0.0589,0.0555,0.0593,0.0564,0.0666,0.0605,0.0601,0.0657,0.0668,0.063,0.0546,0.0546,0.0717,0.0567,0.0573,0.0911,0.0849,0.0682,0.0541,0.091,0.0683,0.0698,0.06,0.0569,0.0759,0.0706,0.0522,0.0609,0.0657,0.0621,0.0645
Train accuracy: 96.9,97.8,98.9,99.0,99.4,99.3,99.6,99.6,99.7,99.7,99.7,99.8,99.8,99.7,99.9,99.9,99.9,99.7,99.9,99.9,99.9,99.9,99.9,100.0,99.7,99.9,99.9,100.0,99.7,99.9,99.9,99.9,100.0,99.7,99.8,100.0,100.0,99.9,99.9,99.9
Test accuracy: 97.0,97.6,98.4,98.2,98.5,98.3,98.5,98.7,98.6,98.4,98.5,98.4,98.6,98.6,98.5,98.6,98.7,98.4,98.7,98.7,98.8,98.6,98.7,98.7,98.3,98.8,98.5,98.8,98.3,98.5,98.6,98.6,98.8,98.4,98.6,98.8,98.8,98.6,98.8,98.6
Rank: 10,10,10,10,10,10,10,10,10,10,10,10,10,10,10,10,10,10,10,10,10,10,10,10,10,10,10,10,10,10,10,10,10,10,10,10,10,10,10,10
Seed 3/10
Train loss: 0.1741,0.0974,0.0625,0.0431,0.0316,0.0254,0.0195,0.0143,0.0133,0.0121,0.0128,0.0099,0.0079,0.0067,0.0091,0.0065,0.0057,0.005,0.0125,0.0062,0.0034,0.0054,0.0045,0.0046,0.0042,0.0049,0.0038,0.0048,0.0035,0.003,0.0023,0.002,0.0056,0.0031,0.0022,0.0021,0.0068,0.0038,0.0023,0.0018
Test loss: 0.1812,0.1177,0.0899,0.0716,0.0618,0.0598,0.0561,0.0459,0.0483,0.0578,0.0613,0.0457,0.0475,0.0509,0.0568,0.0522,0.0499,0.0438,0.0678,0.0492,0.0519,0.0566,0.0612,0.0563,0.0562,0.0522,0.0595,0.0595,0.0534,0.0555,0.0487,0.0506,0.0582,0.054,0.0538,0.0548,0.0729,0.0546,0.0514,0.0532
Train accuracy: 97.5,98.3,98.8,99.1,99.4,99.4,99.6,99.7,99.7,99.7,99.7,99.8,99.8,99.9,99.8,99.8,99.9,99.9,99.6,99.8,99.9,99.9,99.9,99.9,99.9,99.9,99.9,99.9,99.9,99.9,99.9,99.9,99.9,99.9,99.9,100.0,99.8,99.9,99.9,100.0
Test accuracy: 97.4,97.9,98.3,98.5,98.4,98.4,98.6,98.8,98.7,98.6,98.4,98.7,98.7,98.8,98.7,98.7,98.7,98.9,98.2,98.7,98.8,98.6,98.7,98.6,98.7,98.8,98.7,98.8,98.7,98.8,98.9,99.0,98.8,98.7,98.8,98.8,98.5,98.7,98.9,99.0
Rank: 10,10,10,10,10,10,10,10,10,10,10,10,10,10,10,10,10,10,10,10,10,10,10,10,10,10,10,10,10,10,10,10,10,10,10,10,10,10,10,10
Seed 4/10
Train loss: 0.1461,0.0905,0.0689,0.0457,0.0326,0.0268,0.0211,0.0197,0.0172,0.0145,0.0153,0.0156,0.013,0.0096,0.0112,0.0063,0.0091,0.0067,0.0083,0.0048,0.0054,0.0046,0.0054,0.0042,0.005,0.004,0.0048,0.0042,0.0035,0.003,0.0029,0.0034,0.0039,0.0034,0.0027,0.0031,0.0028,0.0025,0.0045,0.0027
Test loss: 0.1995,0.1924,0.1011,0.072,0.0668,0.0681,0.0587,0.0578,0.0594,0.0543,0.0526,0.0553,0.0578,0.0495,0.0596,0.0474,0.0531,0.05,0.0709,0.0512,0.0552,0.0545,0.0553,0.0522,0.0522,0.0598,0.0497,0.0495,0.0522,0.0502,0.0506,0.0544,0.054,0.0516,0.0503,0.0532,0.0521,0.0516,0.0624,0.0567
Train accuracy: 96.9,97.7,98.2,98.8,99.1,99.3,99.5,99.5,99.6,99.7,99.7,99.7,99.7,99.8,99.8,99.8,99.8,99.8,99.8,99.9,99.9,99.9,99.9,99.9,99.9,99.9,99.9,99.9,99.9,99.9,99.9,99.9,99.9,99.9,99.9,99.9,99.9,99.9,99.9,99.9
Test accuracy: 96.9,97.5,97.6,97.9,98.3,98.5,98.6,98.6,98.6,98.8,98.7,98.8,98.6,98.8,98.7,98.9,98.7,98.7,98.8,98.9,98.9,98.8,98.7,98.8,98.7,98.7,98.8,98.9,98.9,98.9,98.8,98.8,98.8,98.9,98.9,98.8,98.9,98.8,98.6,98.8
Rank: 10,10,10,10,10,10,10,10,10,10,10,10,10,10,10,10,10,10,10,10,10,10,10,10,10,10,10,10,10,10,10,10,10,10,10,10,10,10,10,10
Seed 5/10
Train loss: 0.2728,0.1719,0.1074,0.0623,0.0521,0.0307,0.0235,0.0158,0.0144,0.0143,0.0121,0.0099,0.0083,0.007,0.0085,0.0062,0.0042,0.0072,0.0053,0.0038,0.0047,0.0104,0.0033,0.0026,0.0024,0.0071,0.0047,0.0035,0.0027,0.0055,0.0027,0.0022,0.0019,0.0059,0.0026,0.0018,0.0017,0.0016,0.0015,0.0015
Test loss: 0.3152,0.1869,0.1487,0.0871,0.1005,0.0613,0.0652,0.0526,0.0534,0.0521,0.0572,0.0626,0.0599,0.0547,0.0646,0.0674,0.0536,0.0697,0.0789,0.068,0.0504,0.0575,0.0755,0.06,0.0589,0.0576,0.0709,0.061,0.056,0.0794,0.0531,0.0515,0.0538,0.0627,0.0624,0.0555,0.0559,0.0584,0.0568,0.0565
Train accuracy: 97.7,98.5,98.8,99.0,98.8,99.4,99.5,99.7,99.7,99.7,99.8,99.8,99.9,99.9,99.8,99.9,99.9,99.8,99.9,99.9,99.9,99.7,100.0,100.0,100.0,99.8,99.9,99.9,100.0,99.9,100.0,100.0,100.0,99.8,99.9,100.0,100.0,100.0,100.0,100.0
Test accuracy: 97.7,98.1,98.4,98.4,98.1,98.4,98.5,98.7,98.7,98.9,98.7,98.8,98.8,98.8,98.7,98.7,98.9,98.7,98.9,98.8,98.8,98.5,98.9,98.9,98.9,98.8,98.8,98.8,98.8,98.5,98.8,98.9,98.9,98.5,98.7,98.9,98.8,98.8,98.9,98.9
Rank: 10,10,10,10,10,10,10,10,10,10,10,10,10,10,10,10,10,10,10,10,10,10,10,10,10,10,10,10,10,10,10,10,10,10,10,10,10,10,10,10
Seed 6/10
Train loss: 0.1626,0.084,0.0514,0.0399,0.0277,0.0223,0.022,0.0148,0.0121,0.0104,0.0134,0.0082,0.005,0.0103,0.0064,0.0054,0.0041,0.0058,0.0088,0.005,0.004,0.0068,0.004,0.0028,0.0031,0.0018,0.0033,0.0036,0.0015,0.0012,0.0011,0.0011,0.0141,0.0018,0.0026,0.0013,0.0023,0.003,0.0013,0.0016
Test loss: 0.1893,0.1046,0.0913,0.0916,0.0561,0.0629,0.0655,0.0536,0.0668,0.0618,0.0761,0.0495,0.0537,0.0712,0.0629,0.0563,0.0539,0.0687,0.0675,0.0601,0.0705,0.0562,0.0541,0.0533,0.0548,0.0566,0.0565,0.0633,0.0534,0.0533,0.0525,0.0535,0.0679,0.0525,0.0567,0.0544,0.0562,0.0564,0.0506,0.0502
Train accuracy: 97.2,98.4,98.9,99.1,99.4,99.4,99.4,99.7,99.7,99.7,99.6,99.8,99.9,99.7,99.9,99.9,99.9,99.8,99.7,99.9,99.9,99.8,99.9,99.9,99.9,100.0,99.9,99.9,100.0,100.0,100.0,100.0,99.6,100.0,99.9,100.0,99.9,99.9,100.0,100.0
Test accuracy: 97.0,97.9,98.4,98.2,98.6,98.5,98.3,98.6,98.7,98.4,98.5,98.8,98.8,98.5,98.9,98.8,98.9,98.6,98.4,98.7,98.7,98.8,98.9,99.0,98.9,99.0,98.8,98.8,99.1,99.1,99.1,99.2,98.5,98.9,99.0,99.0,99.0,99.0,99.0,98.9
Rank: 10,10,10,10,10,10,10,10,10,10,10,10,10,10,10,10,10,10,10,10,10,10,10,10,10,10,10,10,10,10,10,10,10,10,10,10,10,10,10,10
Seed 7/10
Train loss: 0.3124,0.1659,0.1082,0.0832,0.0589,0.0514,0.0406,0.0322,0.0264,0.026,0.0235,0.0208,0.0163,0.0186,0.0144,0.0126,0.0173,0.013,0.0103,0.0098,0.0078,0.0118,0.0082,0.0083,0.0064,0.0073,0.0067,0.0055,0.0039,0.0051,0.0058,0.0045,0.0053,0.0038,0.0049,0.0031,0.0029,0.0029,0.0047,0.0034
Test loss: 0.3537,0.1994,0.1668,0.129,0.0985,0.1751,0.086,0.0906,0.0736,0.0822,0.0799,0.0693,0.0728,0.0769,0.0815,0.079,0.0782,0.0759,0.0766,0.0704,0.0764,0.0966,0.0825,0.0888,0.0732,0.1557,0.0665,0.0694,0.1083,0.0681,0.0859,0.0705,0.0694,0.0765,0.0682,0.0653,0.0665,0.0744,0.0722,0.0776
Train accuracy: 96.3,96.5,97.5,98.1,98.7,98.9,99.1,99.2,99.3,99.3,99.4,99.5,99.6,99.6,99.7,99.7,99.5,99.7,99.7,99.8,99.8,99.7,99.8,99.8,99.9,99.8,99.8,99.9,99.9,99.9,99.9,99.9,99.9,99.9,99.9,99.9,99.9,99.9,99.9,99.9
Test accuracy: 96.1,96.3,97.1,97.5,98.0,98.0,98.2,98.2,98.2,98.1,98.1,98.3,98.3,98.2,98.4,98.3,98.0,98.2,98.4,98.3,98.6,98.3,98.4,98.2,98.5,98.5,98.5,98.6,98.7,98.6,98.5,98.5,98.6,98.6,98.7,98.7,98.8,98.7,98.7,98.5
Rank: 10,10,10,10,10,10,10,10,10,10,10,10,10,10,10,10,10,10,10,10,10,10,10,10,10,10,10,10,10,10,10,10,10,10,10,10,10,10,10,10
Seed 8/10
Train loss: 0.1805,0.115,0.0778,0.0509,0.0374,0.0316,0.0266,0.0186,0.0175,0.0201,0.0108,0.012,0.0112,0.0136,0.0102,0.0076,0.0069,0.0067,0.0066,0.0071,0.0044,0.0089,0.0042,0.008,0.0036,0.0059,0.0031,0.0029,0.0027,0.0062,0.0021,0.0022,0.0086,0.0036,0.002,0.0019,0.0066,0.0031,0.0017,0.0015
Test loss: 0.2063,0.1458,0.0994,0.0742,0.0653,0.0829,0.0696,0.0762,0.0648,0.096,0.0553,0.0634,0.0611,0.068,0.0758,0.0637,0.0655,0.0698,0.0768,0.0725,0.0597,0.1002,0.0589,0.0916,0.0701,0.0775,0.0632,0.0839,0.0705,0.0756,0.0736,0.0753,0.0653,0.0621,0.0715,0.0662,0.0743,0.0651,0.0681,0.0559
Train accuracy: 95.5,97.0,97.9,98.7,99.1,99.2,99.3,99.6,99.6,99.5,99.8,99.7,99.7,99.6,99.7,99.8,99.8,99.9,99.9,99.8,99.9,99.8,99.9,99.8,99.9,99.8,99.9,99.9,99.9,99.8,99.9,99.9,99.8,99.9,99.9,99.9,99.8,99.9,99.9,99.9
Test accuracy: 95.8,96.7,97.7,98.1,98.3,98.2,98.3,98.5,98.4,98.3,98.5,98.5,98.5,98.3,98.3,98.6,98.5,98.5,98.5,98.4,98.5,98.2,98.7,98.4,98.5,98.3,98.6,98.6,98.8,98.3,98.7,98.7,98.4,98.7,98.7,98.8,98.3,98.6,98.8,98.8
Rank: 10,10,10,10,10,10,10,10,10,10,10,10,10,10,10,10,10,10,10,10,10,10,10,10,10,10,10,10,10,10,10,10,10,10,10,10,10,10,10,10
Seed 9/10
Train loss: 0.1917,0.1006,0.0487,0.0299,0.0211,0.0169,0.013,0.0111,0.0109,0.008,0.0066,0.0101,0.0067,0.0048,0.0088,0.0043,0.0031,0.0043,0.0048,0.0037,0.004,0.0034,0.0019,0.0018,0.0017,0.0116,0.0025,0.0014,0.0013,0.0014,0.0024,0.0015,0.0013,0.0011,0.0015,0.0013,0.0021,0.0012,0.0013,0.0011
Test loss: 0.2162,0.1623,0.0689,0.0519,0.1287,0.0547,0.2416,0.0507,0.0631,0.0841,0.0655,0.0659,0.0528,0.0455,0.0581,0.0495,0.0501,0.0453,0.055,0.0435,0.0497,0.0549,0.0452,0.0528,0.0501,0.0636,0.0614,0.0547,0.0584,0.0454,0.054,0.0447,0.0495,0.0473,0.0406,0.0453,0.0437,0.0398,0.0427,0.0426
Train accuracy: 97.6,98.3,98.9,99.3,99.5,99.6,99.7,99.8,99.7,99.8,99.8,99.7,99.8,99.9,99.7,99.9,99.9,99.9,99.9,99.9,99.9,99.9,100.0,99.9,100.0,99.7,99.9,100.0,100.0,100.0,100.0,100.0,100.0,100.0,100.0,100.0,100.0,100.0,100.0,100.0
Test accuracy: 97.5,98.1,98.4,98.6,98.9,98.8,98.9,98.9,98.8,98.8,98.9,98.7,98.9,98.9,98.8,98.8,98.9,98.9,99.0,99.0,99.0,99.0,99.0,99.1,99.1,98.5,99.0,99.1,99.1,99.1,98.9,99.0,99.0,99.1,99.1,99.0,99.0,99.1,99.1,99.2
Rank: 10,10,10,10,10,10,10,10,10,10,10,10,10,10,10,10,10,10,10,10,10,10,10,10,10,10,10,10,10,10,10,10,10,10,10,10,10,10,10,10
Seed 10/10
Train loss: 0.27,0.1122,0.0735,0.0477,0.0389,0.034,0.0229,0.0201,0.0178,0.0179,0.0132,0.0113,0.0124,0.0115,0.0113,0.007,0.0084,0.009,0.0104,0.0063,0.0051,0.0055,0.0061,0.0052,0.0042,0.0044,0.0053,0.0041,0.0052,0.0039,0.0055,0.0039,0.004,0.0033,0.0031,0.0039,0.0044,0.0032,0.0032,0.0059
Test loss: 0.3122,0.1393,0.1635,0.0751,0.0836,0.0808,0.0773,0.0625,0.0842,0.0566,0.0626,0.072,0.063,0.0588,0.0546,0.0636,0.066,0.0787,0.0679,0.059,0.0585,0.0572,0.0667,0.0631,0.0662,0.0652,0.0639,0.0597,0.0634,0.061,0.0642,0.0655,0.0657,0.065,0.0641,0.07,0.0682,0.0634,0.0623,0.061
Train accuracy: 95.0,97.9,98.5,99.0,99.2,99.2,99.5,99.5,99.6,99.6,99.7,99.8,99.7,99.8,99.8,99.8,99.8,99.8,99.7,99.8,99.9,99.9,99.9,99.9,99.9,99.9,99.9,99.9,99.9,99.9,99.9,99.9,99.9,99.9,99.9,99.9,99.9,99.9,99.9,99.9
Test accuracy: 95.4,97.7,98.1,98.4,98.4,98.1,98.5,98.7,98.5,98.6,98.6,98.7,98.7,98.8,98.7,98.7,98.5,98.5,98.5,98.7,98.7,98.8,98.5,98.8,98.7,98.7,98.7,98.8,98.6,98.7,98.6,98.7,98.6,98.7,98.7,98.7,98.7,98.8,98.8,98.6
Rank: 10,10,10,10,10,10,10,10,10,10,10,10,10,10,10,10,10,10,10,10,10,10,10,10,10,10,10,10,10,10,10,10,10,10,10,10,10,10,10,10
