Seed 1/10
Train loss: 0.1633,0.1189,0.0752,0.0513,0.0384,0.0337,0.0272,0.0255,0.0238,0.0236,0.0282,0.0203,0.0211,0.0109,0.0103,0.0119,0.0165,0.0071,0.0201,0.0086,0.0065,0.01,0.0071,0.0057,0.0022,0.0068,0.0044,0.008,0.0065,0.0032,0.0042,0.0055,0.0044,0.0042,0.0038,0.0065,0.0037,0.0187,0.0022,0.0087
Test loss: 0.1653,0.1257,0.0892,0.0757,0.0757,0.0776,0.0768,0.0829,0.0908,0.0947,0.1031,0.1162,0.1182,0.1031,0.1092,0.1285,0.1357,0.1199,0.1392,0.1249,0.1222,0.1444,0.1295,0.1329,0.1244,0.1275,0.1418,0.1579,0.1394,0.1365,0.1366,0.1463,0.1464,0.1484,0.1531,0.1715,0.1387,0.1833,0.146,0.1944
Train accuracy: 95.2,96.4,97.6,98.3,98.7,98.9,99.1,99.1,99.2,99.2,99.1,99.3,99.3,99.6,99.6,99.6,99.4,99.7,99.4,99.7,99.8,99.7,99.7,99.8,99.9,99.8,99.8,99.7,99.8,99.9,99.9,99.8,99.9,99.9,99.9,99.8,99.9,99.5,99.9,99.7
Test accuracy: 95.1,96.3,97.4,97.8,97.8,97.8,97.9,98.0,97.9,97.9,97.9,97.6,97.9,98.0,98.2,97.9,97.8,98.1,97.7,98.1,98.2,98.0,98.2,98.2,98.3,98.3,98.1,98.1,98.0,98.2,98.1,98.0,98.3,98.1,98.2,98.1,98.2,97.9,98.2,97.9
Rank: 10,10,10,10,10,10,10,10,10,10,10,10,10,10,10,10,10,10,10,10,10,10,10,10,10,10,10,10,10,10,10,10,10,10,10,10,10,10,10,10
Seed 2/10
Train loss: 0.0855,0.052,0.0384,0.0337,0.0257,0.0228,0.0145,0.0109,0.0174,0.014,0.0156,0.0186,0.0134,0.0095,0.0117,0.0166,0.0058,0.0053,0.0059,0.0111,0.0126,0.0027,0.0123,0.0092,0.037,0.0016,0.0094,0.0066,0.0043,0.0014,0.0096,0.0008,0.0019,0.0067,0.0064,0.0059,0.0035,0.0024,0.0039,0.0009
Test loss: 0.0941,0.069,0.065,0.0699,0.0623,0.0648,0.0572,0.0668,0.0759,0.0703,0.0797,0.0889,0.0894,0.0847,0.0868,0.1042,0.0778,0.0895,0.093,0.0938,0.0887,0.086,0.113,0.1067,0.1318,0.0994,0.1103,0.1129,0.1035,0.0975,0.1268,0.1063,0.1123,0.1257,0.1251,0.1103,0.1092,0.1051,0.1156,0.1024
Train accuracy: 97.5,98.5,98.8,99.0,99.2,99.3,99.5,99.6,99.4,99.5,99.5,99.4,99.6,99.7,99.6,99.5,99.8,99.8,99.8,99.7,99.6,99.9,99.7,99.7,99.2,99.9,99.8,99.8,99.9,100.0,99.7,100.0,99.9,99.8,99.8,99.8,99.9,99.9,99.9,100.0
Test accuracy: 97.2,98.0,98.0,98.0,98.4,98.4,98.5,98.5,98.2,98.5,98.3,98.3,98.3,98.3,98.3,98.1,98.5,98.4,98.5,98.5,98.5,98.6,98.4,98.4,98.1,98.5,98.3,98.4,98.5,98.7,98.3,98.6,98.4,98.5,98.3,98.5,98.6,98.6,98.6,98.8
Rank: 10,10,10,10,10,10,10,10,10,10,10,10,10,10,10,10,10,10,10,10,10,10,10,10,10,10,10,10,10,10,10,10,10,10,10,10,10,10,10,10
Seed 3/10
Train loss: 0.1289,0.0696,0.0469,0.0386,0.032,0.0282,0.0388,0.0204,0.0199,0.0232,0.0165,0.0146,0.0129,0.0104,0.0135,0.0137,0.0064,0.0073,0.0208,0.0081,0.0224,0.0043,0.0058,0.0055,0.0065,0.0078,0.0084,0.0047,0.0056,0.0033,0.0023,0.0055,0.0053,0.0037,0.0075,0.0042,0.0025,0.0032,0.0038,0.0047
Test loss: 0.1325,0.0821,0.0676,0.0684,0.0699,0.0715,0.0903,0.0769,0.0764,0.0813,0.0831,0.081,0.0875,0.0954,0.0958,0.1043,0.0962,0.0947,0.1176,0.1108,0.1196,0.1083,0.0982,0.1012,0.1213,0.1058,0.1077,0.1265,0.1143,0.122,0.1044,0.1162,0.1324,0.1233,0.1401,0.1311,0.1232,0.1174,0.1363,0.126
Train accuracy: 96.2,97.9,98.6,98.8,99.0,99.1,98.7,99.3,99.3,99.2,99.5,99.5,99.6,99.7,99.6,99.5,99.8,99.7,99.4,99.7,99.4,99.9,99.8,99.8,99.8,99.8,99.7,99.9,99.8,99.9,99.9,99.8,99.8,99.9,99.8,99.9,99.9,99.9,99.9,99.9
Test accuracy: 96.2,97.5,98.0,97.9,98.1,98.1,97.6,98.0,98.2,98.0,98.1,98.2,98.2,98.1,98.2,98.0,98.4,98.4,98.0,98.3,98.2,98.3,98.4,98.5,98.4,98.3,98.3,98.4,98.3,98.3,98.5,98.2,98.1,98.3,98.1,98.4,98.6,98.6,98.4,98.5
Rank: 10,10,10,10,10,10,10,10,10,10,10,10,10,10,10,10,10,10,10,10,10,10,10,10,10,10,10,10,10,10,10,10,10,10,10,10,10,10,10,10
Seed 4/10
Train loss: 0.3175,0.2032,0.1902,0.1871,0.1632,0.1366,0.1168,0.1071,0.0934,0.0904,0.0643,0.0433,0.0334,0.0292,0.0307,0.0452,0.0243,0.0236,0.0242,0.0185,0.02,0.0188,0.0123,0.0122,0.0127,0.0145,0.0138,0.0151,0.0158,0.013,0.0099,0.011,0.012,0.0196,0.0066,0.0083,0.0101,0.0066,0.0062,0.0063
Test loss: 0.3052,0.2102,0.2026,0.2046,0.1894,0.1754,0.1703,0.1732,0.1724,0.1807,0.1478,0.1295,0.124,0.1276,0.1315,0.1678,0.1501,0.1428,0.1436,0.1449,0.1658,0.146,0.1501,0.1427,0.1519,0.1591,0.1586,0.1775,0.181,0.1612,0.1763,0.1679,0.1759,0.2067,0.1704,0.1764,0.1916,0.1791,0.1761,0.1804
Train accuracy: 91.0,94.2,94.4,94.4,95.2,95.9,96.5,96.8,97.2,97.2,98.0,98.6,99.0,99.0,99.0,98.6,99.2,99.3,99.3,99.4,99.4,99.4,99.6,99.6,99.6,99.5,99.5,99.5,99.5,99.6,99.7,99.7,99.6,99.4,99.8,99.7,99.7,99.8,99.8,99.8
Test accuracy: 90.9,94.1,94.4,94.2,94.6,95.2,95.4,95.5,95.7,95.7,96.6,97.1,97.3,97.4,97.3,97.0,97.3,97.6,97.5,97.6,97.4,97.5,97.6,97.7,97.8,97.5,97.5,97.5,97.5,97.6,97.7,97.8,97.6,97.3,97.8,97.7,97.5,97.8,97.6,97.8
Rank: 10,10,10,10,10,10,10,10,10,10,10,10,10,10,10,10,10,10,10,10,10,10,10,10,10,10,10,10,10,10,10,10,10,10,10,10,10,10,10,10
Seed 5/10
Train loss: 0.1717,0.112,0.0851,0.0737,0.0644,0.0591,0.0537,0.0544,0.0377,0.0329,0.0255,0.0224,0.0221,0.0218,0.0204,0.0183,0.0208,0.0141,0.0125,0.0184,0.0113,0.0136,0.0192,0.0149,0.0149,0.0139,0.0068,0.0049,0.0051,0.0084,0.0144,0.0044,0.0152,0.006,0.0055,0.0084,0.0117,0.0034,0.0047,0.0059
Test loss: 0.1603,0.1144,0.0975,0.0942,0.0945,0.0974,0.1028,0.1091,0.1032,0.1035,0.1057,0.1007,0.1205,0.1213,0.1236,0.1279,0.1319,0.1333,0.1345,0.1448,0.1469,0.1521,0.163,0.1559,0.1553,0.1698,0.1506,0.1519,0.1702,0.1721,0.1597,0.1734,0.1889,0.1735,0.1758,0.1757,0.1715,0.1692,0.179,0.169
Train accuracy: 95.0,96.6,97.4,97.7,98.0,98.1,98.3,98.2,98.8,99.0,99.2,99.3,99.2,99.3,99.3,99.4,99.3,99.5,99.6,99.4,99.6,99.5,99.4,99.5,99.5,99.5,99.8,99.8,99.8,99.7,99.6,99.9,99.5,99.8,99.8,99.8,99.6,99.9,99.9,99.8
Test accuracy: 95.1,96.4,97.2,97.2,97.2,97.3,97.3,97.2,97.5,97.7,97.8,97.8,97.9,97.7,97.8,97.9,97.8,97.8,98.0,97.7,97.9,97.8,97.7,97.7,97.8,97.7,98.0,98.0,97.9,97.8,97.9,98.0,97.8,98.0,97.9,97.9,98.0,98.1,97.9,98.1
Rank: 10,10,10,10,10,10,10,10,10,10,10,10,10,10,10,10,10,10,10,10,10,10,10,10,10,10,10,10,10,10,10,10,10,10,10,10,10,10,10,10
Seed 6/10
Train loss: 0.0742,0.0483,0.0337,0.0255,0.0201,0.0245,0.0142,0.0195,0.0136,0.0128,0.0163,0.0084,0.0067,0.013,0.0055,0.0052,0.0041,0.0107,0.0046,0.0042,0.0034,0.0059,0.0034,0.0019,0.002,0.0037,0.0036,0.0049,0.0035,0.0056,0.0094,0.0031,0.0037,0.0016,0.0006,0.0021,0.0072,0.0053,0.0066,0.0017
Test loss: 0.0744,0.0619,0.053,0.0532,0.0513,0.0621,0.0603,0.0663,0.0689,0.0664,0.0804,0.0723,0.0746,0.0818,0.0709,0.0679,0.0743,0.0899,0.0774,0.0704,0.0827,0.094,0.0902,0.0794,0.0793,0.0872,0.0882,0.0887,0.0922,0.1012,0.1128,0.0982,0.0949,0.0895,0.0929,0.1027,0.1186,0.1162,0.1236,0.1066
Train accuracy: 97.7,98.5,98.9,99.2,99.3,99.2,99.5,99.3,99.5,99.6,99.5,99.7,99.8,99.6,99.8,99.8,99.9,99.7,99.9,99.9,99.9,99.8,99.9,99.9,99.9,99.9,99.9,99.8,99.9,99.8,99.7,99.9,99.9,100.0,100.0,99.9,99.8,99.9,99.8,99.9
Test accuracy: 97.6,98.1,98.3,98.4,98.6,98.3,98.6,98.6,98.5,98.5,98.4,98.7,98.5,98.6,98.7,98.8,98.7,98.6,98.6,98.7,98.8,98.7,98.6,98.8,98.9,98.7,98.7,98.7,98.8,98.7,98.7,98.8,98.8,98.9,99.0,98.7,98.5,98.7,98.5,98.8
Rank: 10,10,10,10,10,10,10,10,10,10,10,10,10,10,10,10,10,10,10,10,10,10,10,10,10,10,10,10,10,10,10,10,10,10,10,10,10,10,10,10
Seed 7/10
Train loss: 0.1514,0.0674,0.0451,0.0348,0.0277,0.0287,0.0209,0.0225,0.0233,0.0128,0.0181,0.0127,0.0189,0.0119,0.0151,0.0099,0.0066,0.0068,0.0084,0.0121,0.0133,0.0062,0.012,0.0062,0.0046,0.0068,0.0053,0.005,0.004,0.0023,0.0026,0.0023,0.0023,0.0071,0.0035,0.0029,0.0149,0.0028,0.0018,0.0014
Test loss: 0.1605,0.0825,0.0672,0.0652,0.0641,0.0752,0.0735,0.0779,0.0842,0.0755,0.0842,0.0825,0.1007,0.0917,0.0993,0.0999,0.0898,0.0934,0.1023,0.1073,0.1197,0.0988,0.1272,0.1051,0.0968,0.1134,0.108,0.1056,0.1091,0.1122,0.1167,0.1165,0.1112,0.1317,0.1232,0.1222,0.1704,0.1119,0.1126,0.1074
Train accuracy: 95.8,98.0,98.6,98.9,99.1,99.0,99.3,99.3,99.2,99.6,99.4,99.6,99.4,99.6,99.5,99.6,99.8,99.8,99.7,99.6,99.6,99.8,99.6,99.8,99.8,99.8,99.8,99.8,99.9,99.9,99.9,99.9,99.9,99.8,99.9,99.9,99.7,99.9,99.9,100.0
Test accuracy: 95.5,97.4,98.0,98.0,98.2,98.0,98.2,98.1,98.1,98.4,98.2,98.3,98.0,98.4,98.2,98.2,98.5,98.5,98.3,98.3,98.2,98.3,98.2,98.5,98.4,98.4,98.4,98.5,98.5,98.4,98.5,98.3,98.5,98.3,98.4,98.4,98.1,98.5,98.6,98.6
Rank: 10,10,10,10,10,10,10,10,10,10,10,10,10,10,10,10,10,10,10,10,10,10,10,10,10,10,10,10,10,10,10,10,10,10,10,10,10,10,10,10
Seed 8/10
Train loss: 0.1309,0.086,0.0605,0.0513,0.0437,0.037,0.0321,0.0317,0.0273,0.025,0.0227,0.0155,0.0171,0.0173,0.0178,0.0098,0.0121,0.0087,0.0176,0.0088,0.0166,0.0059,0.0075,0.0066,0.0162,0.0086,0.0159,0.0079,0.0066,0.0141,0.0068,0.0045,0.0054,0.0096,0.0046,0.0048,0.0043,0.0079,0.0039,0.0018
Test loss: 0.1355,0.1031,0.0872,0.0853,0.0839,0.0837,0.0878,0.0851,0.0936,0.0875,0.1017,0.1016,0.1019,0.1056,0.1087,0.0996,0.1052,0.1074,0.1316,0.1172,0.1276,0.1103,0.1116,0.1082,0.1326,0.1324,0.1484,0.1424,0.1362,0.1475,0.1386,0.1362,0.1386,0.1684,0.1538,0.1475,0.153,0.1596,0.1511,0.1435
Train accuracy: 96.2,97.4,98.2,98.5,98.7,98.8,99.0,99.0,99.1,99.3,99.3,99.5,99.5,99.4,99.4,99.7,99.6,99.7,99.4,99.7,99.5,99.8,99.8,99.8,99.5,99.7,99.5,99.7,99.8,99.6,99.8,99.8,99.8,99.7,99.8,99.8,99.9,99.8,99.9,99.9
Test accuracy: 96.4,97.2,97.7,97.9,98.0,98.0,97.9,98.0,98.0,98.1,97.8,98.0,98.0,98.1,98.0,98.2,98.2,98.3,98.0,98.3,98.0,98.4,98.3,98.3,98.0,98.2,98.1,98.2,98.2,98.0,98.1,98.4,98.3,98.1,98.2,98.1,98.1,98.3,98.2,98.4
Rank: 10,10,10,10,10,10,10,10,10,10,10,10,10,10,10,10,10,10,10,10,10,10,10,10,10,10,10,10,10,10,10,10,10,10,10,10,10,10,10,10
Seed 9/10
Train loss: 0.1158,0.0663,0.0652,0.0426,0.0366,0.0328,0.0344,0.026,0.0197,0.0121,0.0186,0.0159,0.0098,0.0095,0.021,0.0093,0.0165,0.0234,0.0098,0.0078,0.0025,0.0085,0.0074,0.0044,0.0252,0.0095,0.0045,0.0065,0.0031,0.0054,0.0044,0.0035,0.0028,0.0054,0.0027,0.0008,0.0087,0.0053,0.0015,0.0034
Test loss: 0.1196,0.0777,0.0832,0.07,0.0718,0.0768,0.0868,0.074,0.0751,0.065,0.0886,0.0961,0.0787,0.0894,0.1123,0.0861,0.1064,0.1323,0.1043,0.0992,0.0866,0.1021,0.1062,0.097,0.1497,0.1237,0.1066,0.1199,0.1058,0.1063,0.1268,0.1171,0.1125,0.1213,0.1195,0.1089,0.1235,0.135,0.1156,0.123
Train accuracy: 96.6,98.0,97.9,98.6,98.8,98.9,98.9,99.1,99.4,99.6,99.4,99.4,99.7,99.7,99.3,99.7,99.5,99.3,99.7,99.8,99.9,99.7,99.8,99.9,99.3,99.7,99.9,99.8,99.9,99.8,99.8,99.9,99.9,99.8,99.9,100.0,99.8,99.8,100.0,99.9
Test accuracy: 96.4,97.5,97.3,97.9,98.0,97.9,97.9,98.0,98.1,98.4,98.0,98.1,98.3,98.4,97.9,98.6,98.1,97.9,98.4,98.3,98.6,98.5,98.3,98.2,97.9,98.4,98.4,98.4,98.6,98.5,98.2,98.4,98.6,98.4,98.4,98.5,98.2,98.3,98.6,98.5
Rank: 10,10,10,10,10,10,10,10,10,10,10,10,10,10,10,10,10,10,10,10,10,10,10,10,10,10,10,10,10,10,10,10,10,10,10,10,10,10,10,10
Seed 10/10
Train loss: 0.1141,0.0489,0.0352,0.0283,0.0242,0.0241,0.0242,0.0296,0.0148,0.0103,0.0114,0.0081,0.0169,0.0077,0.0091,0.0104,0.0069,0.0054,0.0033,0.0075,0.0031,0.0019,0.0078,0.004,0.0039,0.0037,0.001,0.0048,0.0026,0.0026,0.0028,0.0022,0.0013,0.0023,0.0017,0.005,0.0012,0.0005,0.0006,0.0062
Test loss: 0.1221,0.0676,0.0647,0.0614,0.0677,0.0749,0.0726,0.0819,0.078,0.0656,0.0673,0.0749,0.0895,0.072,0.0857,0.0842,0.0969,0.0953,0.0943,0.1007,0.092,0.0862,0.0915,0.0932,0.1019,0.1043,0.0895,0.1145,0.1005,0.1032,0.1096,0.1088,0.0962,0.1078,0.0968,0.1185,0.098,0.1011,0.1142,0.1347
Train accuracy: 96.4,98.5,99.0,99.1,99.2,99.2,99.2,99.1,99.5,99.6,99.6,99.7,99.5,99.7,99.7,99.7,99.8,99.8,99.9,99.8,99.9,99.9,99.7,99.9,99.9,99.9,100.0,99.9,99.9,99.9,99.9,99.9,100.0,99.9,99.9,99.9,100.0,100.0,100.0,99.8
Test accuracy: 96.2,97.8,98.1,98.2,98.1,98.2,98.2,98.0,98.2,98.6,98.4,98.4,98.3,98.5,98.5,98.5,98.5,98.5,98.6,98.4,98.7,98.7,98.4,98.5,98.5,98.6,98.8,98.4,98.6,98.5,98.6,98.7,98.7,98.8,98.7,98.5,98.7,98.8,98.7,98.5
Rank: 10,10,10,10,10,10,10,10,10,10,10,10,10,10,10,10,10,10,10,10,10,10,10,10,10,10,10,10,10,10,10,10,10,10,10,10,10,10,10,10
