Seed 1/10
Train loss: 0.5724,0.2807,0.2054,0.1744,0.1383,0.123,0.1117,0.0959,0.0815,0.0791,0.0676,0.066,0.0642,0.0549,0.0569,0.0519,0.0621,0.0474,0.047,0.0417,0.0433,0.0422,0.0412,0.0551,0.0327,0.0348,0.0301,0.0303,0.0377,0.0299,0.0337,0.029,0.0282,0.0293,0.0268,0.0307,0.0241,0.0225,0.024,0.0252
Test loss: 0.5838,0.291,0.2288,0.1991,0.1751,0.1682,0.1527,0.1464,0.1323,0.1365,0.1342,0.1362,0.1357,0.1322,0.1371,0.1359,0.1389,0.1502,0.1503,0.1417,0.1414,0.1468,0.143,0.1509,0.141,0.1357,0.1416,0.138,0.1421,0.1442,0.1466,0.1383,0.153,0.1495,0.1491,0.1435,0.1472,0.1488,0.1552,0.1369
Train accuracy: 85.1,93.0,94.6,95.2,96.1,96.3,96.6,97.2,97.6,97.6,97.9,97.9,98.0,98.3,98.2,98.3,97.8,98.5,98.4,98.6,98.6,98.7,98.6,98.3,99.0,98.9,99.1,99.1,98.9,99.0,99.0,99.1,99.1,99.1,99.1,99.1,99.2,99.3,99.2,99.3
Test accuracy: 84.5,92.8,93.7,94.2,94.8,95.1,95.5,95.8,96.2,95.9,96.2,96.2,96.3,96.4,96.2,96.2,95.9,96.2,96.2,96.4,96.4,96.5,96.3,96.2,96.5,96.7,96.7,96.6,96.6,96.7,96.7,96.8,96.7,96.7,96.7,96.6,96.8,96.9,96.7,96.9
Rank: 10,10,10,10,10,10,10,10,10,10,10,10,10,10,10,10,10,10,10,10,10,10,10,10,10,10,10,10,10,10,10,10,10,10,10,10,10,10,10,10
Seed 2/10
Train loss: 1.0044,0.6187,0.4831,0.4494,0.3924,0.3715,0.3551,0.3434,0.3395,0.3239,0.3231,0.3163,0.307,0.3014,0.3019,0.293,0.2791,0.2447,0.1934,0.1806,0.1601,0.1484,0.1418,0.1399,0.1225,0.1189,0.1118,0.111,0.1049,0.0966,0.0946,0.0927,0.0935,0.0841,0.0813,0.0837,0.0753,0.0772,0.0735,0.0719
Test loss: 1.0013,0.6345,0.4992,0.4675,0.4204,0.4075,0.3915,0.3767,0.3789,0.3674,0.3613,0.3615,0.3593,0.3493,0.3528,0.3452,0.3342,0.3023,0.2433,0.2281,0.2122,0.2001,0.2052,0.1939,0.1796,0.1771,0.1676,0.1751,0.1708,0.1637,0.1693,0.1657,0.1621,0.1578,0.1559,0.1665,0.1576,0.1648,0.1572,0.1563
Train accuracy: 84.4,84.4,85.8,85.8,87.0,87.5,87.8,87.9,87.9,88.1,88.0,88.1,88.3,88.4,88.3,88.4,88.5,88.6,96.7,93.7,94.3,95.2,95.4,95.6,96.4,96.5,96.7,96.9,97.0,97.3,97.3,97.4,97.2,97.7,97.8,97.6,98.0,97.9,98.0,98.0
Test accuracy: 84.6,83.8,85.1,85.1,85.9,86.2,86.4,86.9,86.5,86.8,86.8,86.7,86.8,86.9,86.9,86.8,87.0,87.0,95.4,92.6,93.5,94.2,94.3,94.8,95.0,95.1,95.6,95.4,95.4,95.6,95.4,95.8,95.5,96.0,96.0,95.6,95.8,95.7,95.9,96.0
Rank: 10,10,10,10,10,10,10,10,10,10,10,10,10,10,10,10,10,10,10,10,10,10,10,10,10,10,10,10,10,10,10,10,10,10,10,10,10,10,10,10
Seed 3/10
Train loss: 0.8081,0.4378,0.3622,0.2728,0.2292,0.2077,0.1895,0.1718,0.157,0.1614,0.133,0.1272,0.1119,0.1175,0.1016,0.1074,0.0942,0.0966,0.0832,0.079,0.0838,0.0834,0.0777,0.0761,0.0701,0.0753,0.0689,0.0602,0.0648,0.0624,0.0614,0.0564,0.0597,0.0539,0.0604,0.0541,0.0615,0.0554,0.0516,0.0552
Test loss: 0.807,0.4443,0.3695,0.2929,0.2531,0.2368,0.2269,0.2141,0.2038,0.2077,0.1774,0.184,0.1676,0.1801,0.1646,0.1723,0.168,0.1712,0.1584,0.1619,0.1701,0.1705,0.162,0.1615,0.1674,0.172,0.161,0.1629,0.1655,0.1772,0.1704,0.1678,0.1623,0.1683,0.1694,0.1753,0.1801,0.1786,0.1738,0.1768
Train accuracy: 79.5,88.9,89.6,92.8,94.0,94.7,95.0,95.5,96.0,95.6,96.7,96.7,97.2,96.8,97.4,97.1,97.6,97.5,98.0,98.0,97.9,97.9,98.0,98.1,98.3,98.2,98.3,98.6,98.5,98.5,98.5,98.8,98.7,98.8,98.5,98.8,98.5,98.7,98.8,98.6
Test accuracy: 79.0,89.0,89.7,92.4,93.6,94.0,94.3,94.5,94.7,94.4,95.3,95.2,95.7,95.1,95.4,95.5,95.7,95.5,95.8,95.7,95.7,95.6,95.8,95.8,95.8,95.7,96.0,96.0,96.0,95.8,95.8,96.0,95.9,96.1,95.8,95.8,95.9,95.8,95.8,95.8
Rank: 10,10,10,10,10,10,10,10,10,10,10,10,10,10,10,10,10,10,10,10,10,10,10,10,10,10,10,10,10,10,10,10,10,10,10,10,10,10,10,10
Seed 4/10
Train loss: 1.3728,1.1714,0.8016,0.4503,0.2913,0.2035,0.1679,0.1398,0.1103,0.0999,0.0875,0.0732,0.0725,0.0607,0.0544,0.0534,0.0499,0.0564,0.0474,0.0394,0.0489,0.0345,0.0356,0.0339,0.0313,0.0325,0.027,0.0381,0.0254,0.0277,0.0363,0.0259,0.0273,0.0229,0.0279,0.0282,0.0241,0.0212,0.0224,0.0218
Test loss: 1.3779,1.178,0.8092,0.459,0.3058,0.2259,0.1993,0.1699,0.1544,0.1494,0.1462,0.127,0.1294,0.1217,0.1172,0.1199,0.121,0.1365,0.1233,0.1171,0.1296,0.1212,0.1196,0.1213,0.1147,0.1198,0.1223,0.1305,0.113,0.1192,0.1299,0.1142,0.126,0.1309,0.1321,0.1181,0.1263,0.1226,0.1213,0.1211
Train accuracy: 53.9,58.7,74.0,85.0,94.6,96.0,96.4,96.7,97.4,97.5,97.7,98.1,97.9,98.3,98.5,98.5,98.6,98.3,98.7,98.9,98.7,99.1,99.0,99.0,99.2,99.1,99.2,98.9,99.3,99.2,98.8,99.2,99.1,99.3,99.1,99.2,99.3,99.4,99.3,99.3
Test accuracy: 53.0,58.5,74.3,84.8,94.1,95.2,95.4,95.7,96.1,96.2,96.3,96.6,96.6,96.7,96.7,96.6,96.9,96.4,96.7,96.8,96.5,97.0,97.1,96.8,97.1,97.1,96.9,96.8,97.2,97.1,96.8,97.1,97.0,97.1,96.9,97.1,97.0,97.2,97.3,97.3
Rank: 8,10,10,10,10,10,10,10,10,10,10,10,10,10,10,10,10,10,10,10,10,10,10,10,10,10,10,10,10,10,10,10,10,10,10,10,10,10,10,10
Seed 5/10
Train loss: 0.9454,0.6092,0.4335,0.2854,0.1925,0.1534,0.137,0.1159,0.1099,0.1031,0.0894,0.0748,0.0705,0.0688,0.0618,0.0607,0.0656,0.0493,0.0452,0.0506,0.0416,0.0418,0.0378,0.0391,0.0359,0.039,0.0326,0.0402,0.0376,0.0379,0.0281,0.029,0.0329,0.0273,0.0298,0.0246,0.0247,0.0255,0.0286,0.0285
Test loss: 0.9446,0.6074,0.44,0.2951,0.2037,0.1794,0.1605,0.1559,0.1461,0.1525,0.1377,0.1268,0.1263,0.1288,0.1275,0.1299,0.1395,0.1279,0.1189,0.1217,0.1227,0.1293,0.1226,0.126,0.1301,0.1334,0.1281,0.1337,0.1295,0.131,0.1273,0.1244,0.1336,0.1282,0.1279,0.1297,0.128,0.1324,0.1351,0.1382
Train accuracy: 76.4,83.6,85.6,93.3,95.9,96.3,96.7,96.8,96.9,97.0,97.4,97.9,98.0,98.1,98.2,98.1,97.9,98.4,98.6,98.5,98.6,98.6,98.9,98.7,98.9,98.8,98.9,98.8,98.8,98.8,99.3,99.3,99.0,99.2,99.2,99.3,99.3,99.3,99.1,99.1
Test accuracy: 76.1,83.9,85.3,93.3,95.4,95.6,96.0,95.7,95.8,95.6,96.2,96.4,96.5,96.4,96.6,96.4,96.2,96.5,96.8,96.7,96.6,96.7,96.9,96.6,96.7,96.9,96.7,96.7,96.7,96.7,97.0,97.1,96.6,97.0,96.9,97.0,97.1,97.0,96.7,96.8
Rank: 10,10,10,10,10,10,10,10,10,10,10,10,10,10,10,10,10,10,10,10,10,10,10,10,10,10,10,10,10,10,10,10,10,10,10,10,10,10,10,10
Seed 6/10
Train loss: 0.5765,0.3336,0.2295,0.2048,0.1721,0.1292,0.1146,0.1096,0.1021,0.1018,0.0844,0.0805,0.0794,0.0676,0.0734,0.0675,0.0624,0.0717,0.0617,0.0594,0.0566,0.0592,0.0549,0.0518,0.0506,0.0461,0.0489,0.0432,0.046,0.0419,0.0462,0.0456,0.0386,0.0519,0.0434,0.0352,0.0386,0.0358,0.0347,0.0403
Test loss: 0.5821,0.3423,0.2523,0.2342,0.2072,0.1706,0.1667,0.1584,0.1625,0.1624,0.1501,0.1487,0.1606,0.1422,0.1481,0.1462,0.153,0.151,0.1475,0.1488,0.1535,0.1486,0.15,0.1513,0.1455,0.1449,0.1416,0.1516,0.1428,0.1435,0.1514,0.1573,0.146,0.159,0.1507,0.1445,0.1451,0.1423,0.1501,0.1516
Train accuracy: 81.6,93.1,94.4,94.2,95.2,96.5,96.8,96.7,96.9,96.8,97.3,97.6,97.5,97.8,97.6,97.9,98.0,97.8,98.0,98.1,98.2,98.1,98.2,98.4,98.4,98.5,98.5,98.6,98.5,98.6,98.5,98.4,98.7,98.4,98.6,98.8,98.7,98.9,98.9,98.7
Test accuracy: 81.8,93.0,93.8,93.3,94.2,95.3,95.4,95.5,95.5,95.2,95.9,95.9,95.6,96.0,95.9,95.9,95.9,95.9,95.9,95.9,96.0,95.7,96.0,95.9,96.1,96.0,96.2,96.1,96.2,96.2,96.3,96.0,96.2,96.0,96.0,96.5,96.3,96.3,96.3,96.3
Rank: 10,10,10,10,10,10,10,10,10,10,10,10,10,10,10,10,10,10,10,10,10,10,10,10,10,10,10,10,10,10,10,10,10,10,10,10,10,10,10,10
Seed 7/10
Train loss: 0.6178,0.3049,0.1969,0.159,0.1395,0.1155,0.096,0.0807,0.0731,0.0667,0.0621,0.0602,0.0525,0.0547,0.0471,0.0438,0.0384,0.0401,0.0368,0.0367,0.0326,0.0346,0.0279,0.027,0.0348,0.0314,0.0308,0.0294,0.0286,0.0265,0.0269,0.0243,0.027,0.0275,0.0264,0.0264,0.0281,0.0251,0.0235,0.0271
Test loss: 0.6154,0.311,0.2118,0.1808,0.1607,0.145,0.1381,0.1353,0.131,0.1289,0.122,0.1298,0.1245,0.13,0.1283,0.1214,0.1332,0.1358,0.1354,0.1307,0.133,0.1393,0.1313,0.1346,0.1454,0.1436,0.1497,0.1455,0.1391,0.146,0.147,0.1429,0.1521,0.1421,0.1451,0.1579,0.1512,0.1498,0.1545,0.1618
Train accuracy: 88.2,94.1,95.9,96.4,96.5,97.2,97.7,98.1,98.2,98.5,98.5,98.6,98.8,98.7,98.9,99.0,99.2,99.1,99.2,99.2,99.3,99.2,99.5,99.5,99.2,99.3,99.3,99.4,99.4,99.5,99.4,99.6,99.5,99.4,99.5,99.5,99.4,99.5,99.6,99.4
Test accuracy: 88.1,94.0,95.6,95.8,96.0,96.4,96.6,96.7,96.6,96.7,96.8,96.6,96.6,96.8,96.8,96.8,97.0,96.8,96.7,96.9,96.8,96.8,96.9,97.0,96.8,96.7,96.5,96.6,97.0,96.8,96.7,97.0,96.8,97.0,96.9,96.7,96.6,96.9,96.8,96.6
Rank: 10,10,10,10,10,10,10,10,10,10,10,10,10,10,10,10,10,10,10,10,10,10,10,10,10,10,10,10,10,10,10,10,10,10,10,10,10,10,10,10
Seed 8/10
Train loss: 0.8746,0.6762,0.6213,0.5783,0.5439,0.5029,0.4835,0.4561,0.4287,0.4311,0.4044,0.3987,0.3803,0.3678,0.3583,0.3593,0.3527,0.3419,0.3372,0.3319,0.3369,0.3315,0.3233,0.3299,0.323,0.3271,0.3174,0.3139,0.3087,0.3059,0.31,0.3056,0.3055,0.3058,0.2979,0.3015,0.2975,0.3016,0.2984,0.298
Test loss: 0.8717,0.6793,0.625,0.5862,0.558,0.5208,0.5086,0.4734,0.4579,0.4578,0.4396,0.4384,0.4176,0.4105,0.4036,0.4083,0.3966,0.3911,0.3955,0.3919,0.3992,0.3882,0.3881,0.3926,0.3876,0.3927,0.3904,0.3877,0.3839,0.3804,0.3902,0.3824,0.3863,0.391,0.3821,0.3844,0.3883,0.3865,0.3875,0.3858
Train accuracy: 82.9,87.8,87.3,86.5,87.9,86.4,84.1,84.1,84.6,84.2,84.8,84.9,85.1,85.7,86.0,85.7,85.9,86.2,86.2,86.4,86.1,86.5,86.6,86.1,86.4,86.4,86.7,86.7,86.7,86.8,86.8,87.1,86.9,86.8,87.1,87.0,87.2,87.1,87.3,87.5
Test accuracy: 83.0,87.7,87.3,86.2,87.3,85.7,83.4,83.8,84.1,83.6,83.9,84.2,84.4,84.9,84.8,84.6,85.0,85.0,85.0,85.1,84.7,85.0,84.9,84.6,85.0,84.8,85.0,85.3,85.1,85.0,84.8,85.3,85.0,85.0,85.0,85.1,85.1,84.9,85.1,85.4
Rank: 10,10,10,10,10,10,10,10,10,10,10,10,10,10,10,10,10,10,10,10,10,10,10,10,10,10,10,10,10,10,10,10,10,10,10,10,10,10,10,10
Seed 9/10
Train loss: 0.3442,0.2527,0.2139,0.1817,0.1552,0.1557,0.1549,0.1176,0.1024,0.0999,0.0979,0.0888,0.0838,0.073,0.0699,0.0693,0.0683,0.0654,0.0612,0.0577,0.0563,0.0517,0.0521,0.0551,0.0473,0.0537,0.0472,0.0471,0.0425,0.0483,0.0467,0.0387,0.0412,0.0434,0.0366,0.0421,0.0368,0.0408,0.041,0.035
Test loss: 0.3434,0.2592,0.2225,0.2098,0.1884,0.1871,0.1984,0.1644,0.1517,0.1512,0.16,0.1455,0.1401,0.1377,0.1409,0.1409,0.1391,0.143,0.1377,0.1371,0.1397,0.1363,0.1356,0.1455,0.1423,0.1506,0.1442,0.1374,0.1305,0.1479,0.1455,0.1374,0.1401,0.1428,0.1355,0.1421,0.1404,0.1423,0.1448,0.1362
Train accuracy: 91.8,93.2,93.9,94.8,95.5,95.1,95.1,96.5,96.9,96.9,97.0,97.2,97.3,97.8,97.9,97.9,97.9,98.0,98.2,98.3,98.3,98.5,98.4,98.4,98.6,98.4,98.6,98.7,98.8,98.5,98.6,98.9,98.9,98.8,98.9,98.8,98.9,98.8,98.9,99.0
Test accuracy: 91.6,93.1,94.2,94.1,94.3,94.2,93.9,95.1,95.5,95.4,95.3,95.6,95.5,96.0,95.6,96.0,95.9,95.9,96.1,96.2,96.1,96.4,96.2,96.0,96.3,96.1,96.1,96.4,96.5,96.0,96.2,96.4,96.5,96.2,96.5,96.3,96.5,96.4,96.3,96.6
Rank: 10,10,10,10,10,10,10,10,10,10,10,10,10,10,10,10,10,10,10,10,10,10,10,10,10,10,10,10,10,10,10,10,10,10,10,10,10,10,10,10
Seed 10/10
Train loss: 0.5389,0.3104,0.2153,0.1699,0.1459,0.1204,0.1159,0.1075,0.0899,0.0818,0.0809,0.0719,0.0653,0.0612,0.0652,0.0608,0.0546,0.0528,0.0473,0.0495,0.0526,0.0456,0.0404,0.0395,0.038,0.036,0.0366,0.0353,0.0356,0.0364,0.0306,0.0312,0.029,0.0297,0.0281,0.0287,0.0245,0.0231,0.0286,0.03
Test loss: 0.5399,0.3232,0.2428,0.1978,0.1824,0.1627,0.1676,0.1554,0.1483,0.146,0.1437,0.1394,0.139,0.1309,0.1423,0.1405,0.1353,0.1406,0.1261,0.1371,0.1398,0.1355,0.1416,0.1398,0.1363,0.133,0.133,0.1372,0.1352,0.1441,0.1393,0.1358,0.1369,0.1499,0.1452,0.1473,0.1507,0.1496,0.1538,0.1552
Train accuracy: 88.4,92.3,94.3,95.4,95.8,96.6,96.4,96.7,97.1,97.5,97.3,97.7,97.9,98.0,97.9,97.9,98.3,98.3,98.6,98.4,98.4,98.6,98.7,98.8,98.7,98.9,98.9,98.8,98.9,98.9,99.0,99.0,99.1,99.1,99.1,99.1,99.2,99.2,99.1,99.1
Test accuracy: 88.8,92.2,93.5,94.7,94.8,95.3,95.0,95.3,95.5,95.6,95.7,95.9,96.0,96.2,96.0,95.8,96.4,96.0,96.7,96.4,96.3,96.2,96.2,96.4,96.5,96.7,96.7,96.5,96.6,96.3,96.8,96.6,96.8,96.6,96.6,96.9,96.8,96.8,96.4,96.7
Rank: 10,10,10,10,10,10,10,10,10,10,10,10,10,10,10,10,10,10,10,10,10,10,10,10,10,10,10,10,10,10,10,10,10,10,10,10,10,10,10,10
