Seed 1/10
Train loss: 0.9133,0.7312,0.6125,0.5058,0.4544,0.3699,0.3113,0.2651,0.2356,0.241,0.208,0.1921,0.1991,0.1768,0.1681,0.1814,0.1442,0.1482,0.1521,0.1451,0.1296,0.1268,0.1246,0.1136,0.1249,0.1174,0.1127,0.111,0.111,0.1245,0.1031,0.0965,0.1089,0.0946,0.0987,0.0929,0.0946,0.0974,0.1096,0.0848
Test loss: 0.9566,0.8157,0.765,0.5876,0.5358,0.4551,0.3967,0.365,0.352,0.4022,0.3376,0.3339,0.3369,0.3177,0.317,0.3606,0.339,0.3713,0.3653,0.3888,0.3718,0.4087,0.3759,0.3684,0.417,0.3574,0.3945,0.3814,0.3712,0.4949,0.4086,0.4038,0.4305,0.3973,0.3888,0.3968,0.4227,0.4453,0.4309,0.465
Train accuracy: 71.5,79.4,82.2,84.2,85.2,92.2,93.7,94.5,95.3,94.7,95.4,95.9,94.9,95.9,96.3,95.6,96.7,96.7,96.5,96.8,97.1,97.1,97.2,97.5,97.0,97.3,97.6,97.6,97.5,96.9,97.6,97.9,97.6,98.0,97.8,98.1,97.8,97.9,97.4,98.3
Test accuracy: 71.3,78.9,81.4,83.3,84.0,90.6,92.3,93.1,93.4,92.7,93.3,93.7,92.4,93.0,93.3,92.9,93.7,93.8,93.6,93.3,93.9,93.5,93.6,93.4,93.4,93.6,93.9,93.7,93.5,93.1,93.7,93.7,93.9,93.7,93.5,93.5,93.2,93.9,93.2,93.7
Rank: 10,10,10,10,10,10,10,10,10,10,10,10,10,10,10,10,10,10,10,10,10,10,10,10,10,10,10,10,10,10,10,10,10,10,10,10,10,10,10,10
Seed 2/10
Train loss: 1.1029,0.7669,0.5633,0.4741,0.3798,0.3331,0.3255,0.2805,0.2609,0.2497,0.2284,0.214,0.1936,0.1899,0.1839,0.1807,0.1714,0.1723,0.161,0.1626,0.1554,0.1493,0.1444,0.1416,0.1765,0.1262,0.1276,0.1299,0.123,0.1317,0.1336,0.1285,0.1153,0.1294,0.1151,0.1132,0.1106,0.1084,0.1168,0.1096
Test loss: 1.1046,0.7979,0.5909,0.5971,0.4773,0.4593,0.4659,0.3965,0.5676,0.4296,0.4012,0.4402,0.3741,0.4571,0.4025,0.458,0.4521,0.3752,0.3946,0.4235,0.5545,0.4486,0.4778,0.3789,0.3862,0.5227,0.4375,0.6247,0.4177,0.431,0.4462,0.443,0.5405,0.4281,0.3623,0.4618,0.5719,0.5743,0.4211,0.6468
Train accuracy: 53.2,77.2,85.4,89.3,92.4,92.9,92.5,93.9,93.9,94.1,94.7,95.0,95.7,95.8,95.7,95.7,96.0,95.9,96.1,95.9,96.1,96.3,96.6,96.7,95.0,97.2,97.0,96.9,97.1,96.8,96.7,96.8,97.2,96.7,97.4,97.5,97.4,97.5,97.2,97.5
Test accuracy: 53.0,77.3,85.2,88.7,91.2,91.4,91.5,92.7,92.3,91.8,92.6,93.0,93.2,93.1,93.1,92.9,93.0,93.1,93.2,92.3,92.8,92.9,93.2,93.2,91.8,93.4,93.0,92.7,92.9,93.0,93.0,92.9,92.9,92.5,92.8,93.2,92.5,93.5,92.3,92.9
Rank: 10,10,10,10,10,10,10,10,10,10,10,10,10,10,10,10,10,10,10,10,10,10,10,10,10,10,10,10,10,10,10,10,10,10,10,10,10,10,10,10
Seed 3/10
Train loss: 1.729,1.6473,1.5977,1.5571,1.5157,1.4949,1.4684,1.3968,1.3561,1.3257,1.2992,1.2832,1.2639,1.2549,1.242,1.2332,1.2281,1.2173,1.2155,1.2045,1.1944,1.1879,1.1937,1.1771,1.1706,1.177,1.1689,1.1645,1.1602,1.1606,1.1502,1.1586,1.153,1.1431,1.1461,1.1597,1.1385,1.1326,1.1275,1.1339
Test loss: 1.7362,1.6954,1.6673,1.5963,1.5506,1.5288,1.5078,1.4365,1.4005,1.3827,1.3683,1.3573,1.3554,1.3469,1.3542,1.3427,1.3336,1.3546,1.352,1.3525,1.3668,1.3613,1.3477,1.3451,1.3554,1.3466,1.3622,1.3682,1.3587,1.3664,1.3665,1.3669,1.3815,1.3784,1.4046,1.3814,1.3626,1.3736,1.3757,1.3951
Train accuracy: 27.6,30.8,32.9,32.7,38.1,38.2,39.1,46.2,46.3,46.4,46.1,48.5,48.1,48.6,50.1,50.0,49.2,50.7,50.7,51.0,51.0,51.1,50.6,51.4,52.2,51.1,51.6,52.3,52.2,52.2,52.7,51.6,52.2,53.0,52.0,51.9,52.6,52.9,53.2,52.8
Test accuracy: 27.3,30.7,33.1,32.7,37.6,37.9,39.0,45.2,45.3,45.6,44.9,46.8,46.1,47.1,48.2,48.2,47.1,48.7,47.9,48.4,48.3,48.0,48.0,48.9,50.0,48.6,48.6,49.4,49.0,48.8,49.7,49.0,49.0,49.7,48.7,48.7,49.3,49.9,49.9,49.2
Rank: 6,6,6,6,6,6,7,7,7,8,7,8,8,8,8,8,8,8,8,8,8,8,8,7,8,8,8,8,8,8,8,7,7,8,7,7,7,7,8,7
Seed 4/10
Train loss: 2.3019,2.3013,2.3012,2.3012,2.3012,2.3012,2.3012,2.3012,2.3012,2.3012,2.3012,2.3012,2.3012,2.3012,2.3012,2.3012,2.3012,2.3013,2.3012,2.3012,2.3012,2.3013,2.3012,2.3012,2.3012,2.3012,2.3013,2.3012,2.3012,2.3013,2.3012,2.3012,2.3013,2.3012,2.3013,2.3012,2.3012,2.3012,2.3012,2.3012
Test loss: 2.3019,2.3013,2.301,2.3012,2.3011,2.301,2.3011,2.3011,2.3011,2.301,2.3011,2.301,2.3011,2.3011,2.3012,2.3011,2.3012,2.3011,2.3011,2.301,2.3012,2.3011,2.3011,2.301,2.3011,2.301,2.3009,2.3011,2.3012,2.3011,2.3012,2.3013,2.3011,2.301,2.3013,2.301,2.3011,2.3012,2.3011,2.3011
Train accuracy: 11.2,11.2,11.2,11.2,11.2,11.2,11.2,11.2,11.2,11.2,11.2,11.2,11.2,11.2,11.2,11.2,11.2,11.2,11.2,11.2,11.2,11.2,11.2,11.2,11.2,11.2,11.2,11.2,11.2,11.2,11.2,11.2,11.2,11.2,11.2,11.2,11.2,11.2,11.2,11.2
Test accuracy: 11.3,11.3,11.3,11.3,11.3,11.3,11.3,11.3,11.3,11.3,11.3,11.3,11.3,11.3,11.3,11.3,11.3,11.3,11.3,11.3,11.3,11.3,11.3,11.3,11.3,11.3,11.3,11.3,11.3,11.3,11.3,11.3,11.3,11.3,11.3,11.3,11.3,11.3,11.3,11.3
Rank: 1,1,1,1,1,1,1,1,1,1,1,1,1,1,1,1,1,1,1,1,1,1,1,1,1,1,1,1,1,1,1,1,1,1,1,1,1,1,1,1
Seed 5/10
Train loss: 2.302,2.3012,2.3012,2.3013,2.3012,2.3013,2.3012,2.3012,2.3012,2.3012,2.3012,2.3013,2.3012,2.3012,2.3012,2.3013,2.3013,2.3012,2.3012,2.3012,2.3012,2.3012,2.3012,2.3012,2.3013,2.3012,2.3012,2.3012,2.3012,2.3012,2.3012,2.3012,2.3012,2.3012,2.3013,2.3012,2.3012,2.3012,2.3012,2.3012
Test loss: 2.3017,2.301,2.301,2.3013,2.301,2.3012,2.301,2.301,2.3011,2.3012,2.301,2.301,2.301,2.301,2.3011,2.3011,2.3011,2.301,2.3011,2.3011,2.3011,2.3011,2.3012,2.3011,2.3013,2.3012,2.3012,2.3011,2.301,2.3011,2.301,2.3011,2.3012,2.301,2.3011,2.3012,2.3012,2.301,2.301,2.3011
Train accuracy: 11.2,11.2,11.2,11.2,11.2,11.2,11.2,11.2,11.2,11.2,11.2,11.2,11.2,11.2,11.2,11.2,11.2,11.2,11.2,11.2,11.2,11.2,11.2,11.2,11.2,11.2,11.2,11.2,11.2,11.2,11.2,11.2,11.2,11.2,11.2,11.2,11.2,11.2,11.2,11.2
Test accuracy: 11.3,11.3,11.3,11.3,11.3,11.3,11.3,11.3,11.3,11.3,11.3,11.3,11.3,11.3,11.3,11.3,11.3,11.3,11.3,11.3,11.3,11.3,11.3,11.3,11.3,11.3,11.3,11.3,11.3,11.3,11.3,11.3,11.3,11.3,11.3,11.3,11.3,11.3,11.3,11.3
Rank: 1,1,1,1,1,1,1,1,1,1,1,1,1,1,1,1,1,1,1,1,1,1,1,1,1,1,1,1,1,1,1,1,1,1,1,1,1,1,1,1
Seed 6/10
Train loss: 0.6366,0.2923,0.179,0.1409,0.1239,0.1071,0.0851,0.0718,0.0703,0.0577,0.0543,0.0537,0.053,0.0428,0.0388,0.0435,0.0332,0.0312,0.0335,0.0315,0.0323,0.0342,0.027,0.0315,0.0215,0.0203,0.0243,0.0217,0.0202,0.0222,0.0188,0.029,0.0244,0.0162,0.0175,0.0172,0.03,0.0244,0.0202,0.0256
Test loss: 0.6536,0.3806,0.2212,0.1872,0.2288,0.1577,0.1752,0.1713,0.216,0.1585,0.2412,0.1573,0.1827,0.2098,0.1877,0.1958,0.2002,0.2369,0.2533,0.2223,0.303,0.2885,0.2477,0.3313,0.2219,0.3477,0.2566,0.2767,0.247,0.2314,0.2671,0.352,0.2775,0.3583,0.2873,0.3018,0.4949,0.3166,0.2939,0.3755
Train accuracy: 79.5,94.4,96.1,96.8,96.9,97.2,98.0,98.3,98.2,98.6,98.6,98.7,98.6,99.0,99.1,98.9,99.2,99.4,99.2,99.2,99.2,99.1,99.4,99.2,99.6,99.6,99.4,99.6,99.6,99.5,99.6,99.2,99.4,99.7,99.7,99.7,99.2,99.4,99.6,99.4
Test accuracy: 79.4,94.0,95.6,96.1,96.0,96.3,96.5,96.8,96.5,96.8,96.7,96.5,96.3,96.7,96.6,96.5,96.8,96.7,96.8,96.4,96.5,96.4,96.7,96.6,96.7,96.4,96.6,96.6,96.6,96.5,96.7,96.5,96.5,96.7,96.5,96.8,96.3,96.5,96.5,96.4
Rank: 10,10,10,10,10,10,10,10,10,10,10,10,10,10,10,10,10,10,10,10,10,10,10,10,10,10,10,10,10,10,10,10,10,10,10,10,10,10,10,10
Seed 7/10
Train loss: 1.2336,1.0828,0.8278,0.6297,0.5579,0.4832,0.4391,0.4105,0.3793,0.3646,0.343,0.3149,0.3062,0.2843,0.2805,0.2651,0.2466,0.2585,0.2421,0.2349,0.233,0.224,0.2265,0.2188,0.2242,0.2109,0.1962,0.199,0.2131,0.2031,0.1947,0.1918,0.185,0.1858,0.1747,0.1796,0.1784,0.1752,0.1681,0.1753
Test loss: 1.243,1.136,0.8998,0.6932,0.6028,0.5636,0.5114,0.4814,0.5028,0.4641,0.4469,0.4254,0.4301,0.4241,0.4624,0.4549,0.4355,0.444,0.4318,0.4134,0.4479,0.4526,0.4583,0.4354,0.4234,0.4631,0.4875,0.468,0.4774,0.4716,0.4909,0.4885,0.4963,0.5365,0.5283,0.5089,0.4829,0.5711,0.5839,0.5446
Train accuracy: 42.2,56.9,80.6,85.7,86.3,88.7,90.1,90.9,91.6,91.7,92.4,93.1,93.0,93.5,93.5,94.1,94.6,93.9,94.4,94.4,94.7,94.8,94.6,94.8,94.5,95.1,95.6,95.3,94.9,95.3,95.7,95.4,95.8,95.7,96.1,95.8,95.9,96.0,96.2,96.0
Test accuracy: 42.4,56.5,81.1,85.1,85.8,88.0,88.9,89.7,89.8,89.8,90.2,90.7,90.7,90.8,91.0,90.8,91.4,91.0,91.4,91.1,91.2,91.2,91.1,91.1,91.2,91.3,91.3,91.1,90.4,91.2,91.6,90.8,91.7,91.5,91.6,91.1,91.1,91.2,91.2,91.0
Rank: 10,10,10,10,10,10,10,10,10,10,10,10,10,10,10,10,10,10,10,10,10,10,10,10,10,10,10,10,10,10,10,10,10,10,10,10,10,10,10,10
Seed 8/10
Train loss: 1.7458,1.6835,1.6386,1.6106,1.5879,1.5677,1.5307,1.4337,1.3998,1.3737,1.3632,1.354,1.3323,1.3383,1.3194,1.3095,1.3077,1.2975,1.2862,1.2733,1.2752,1.278,1.2611,1.262,1.2534,1.2451,1.2472,1.2448,1.2348,1.2384,1.2337,1.2398,1.2427,1.2236,1.2185,1.2186,1.2296,1.2198,1.2222,1.2055
Test loss: 1.766,1.6912,1.6483,1.6379,1.6144,1.5843,1.5502,1.4586,1.4293,1.4092,1.4018,1.4015,1.3911,1.3979,1.3847,1.3919,1.3716,1.3727,1.379,1.3728,1.3655,1.397,1.3703,1.3845,1.3689,1.3654,1.3872,1.3669,1.3756,1.3773,1.3601,1.3805,1.4257,1.4024,1.3806,1.3874,1.3978,1.3785,1.433,1.3951
Train accuracy: 26.5,32.9,27.9,31.2,31.7,32.9,36.4,44.6,40.0,42.9,40.1,42.5,42.9,42.7,45.2,45.1,45.7,46.2,47.3,47.6,47.1,46.8,47.3,47.2,47.4,47.9,48.1,47.7,47.8,47.8,48.1,47.6,47.5,48.1,48.4,48.5,47.6,48.4,48.0,48.6
Test accuracy: 26.9,33.0,28.1,31.3,31.1,32.5,36.3,44.3,39.4,42.0,39.3,41.9,41.8,42.4,44.1,44.1,44.5,44.9,45.9,45.9,45.5,45.3,45.4,45.4,45.7,46.0,45.9,45.6,45.9,45.7,46.1,45.2,45.8,46.4,46.1,45.9,45.2,46.1,45.6,46.2
Rank: 5,5,5,6,6,6,6,7,7,7,7,7,7,7,7,7,7,7,7,7,7,7,7,7,7,7,7,7,7,7,7,7,7,7,7,7,7,7,7,7
Seed 9/10
Train loss: 0.3714,0.2274,0.1747,0.149,0.1366,0.1125,0.0988,0.0865,0.084,0.0683,0.064,0.0537,0.0486,0.0621,0.0364,0.0345,0.0352,0.0395,0.0303,0.0346,0.0284,0.025,0.0274,0.0246,0.0262,0.0303,0.0198,0.046,0.0247,0.0203,0.0264,0.0191,0.0182,0.0167,0.0168,0.0139,0.0141,0.0214,0.0133,0.0132
Test loss: 0.4003,0.2791,0.2359,0.2704,0.2226,0.2316,0.2046,0.2658,0.4973,0.219,0.2032,0.1696,0.2539,0.231,0.2573,0.3373,0.4163,0.2242,0.4623,0.2171,0.2835,0.2779,0.2501,0.4369,0.2305,0.2674,0.2265,0.3366,0.3076,0.2576,0.235,0.2467,0.5981,0.2995,0.2793,0.267,0.2762,0.2789,0.2773,0.3223
Train accuracy: 88.5,94.4,95.7,96.3,96.5,96.9,97.5,97.7,97.7,98.3,98.4,98.8,99.0,98.4,99.2,99.2,99.2,99.0,99.4,99.2,99.4,99.5,99.4,99.5,99.5,99.3,99.7,98.8,99.5,99.6,99.4,99.6,99.6,99.7,99.7,99.8,99.8,99.6,99.8,99.8
Test accuracy: 88.4,94.1,95.2,95.4,95.5,95.8,96.1,96.0,95.8,96.3,96.3,96.7,96.7,96.2,96.8,96.6,96.8,96.7,96.7,96.6,97.1,97.0,97.0,97.0,96.9,96.7,97.1,96.6,97.0,96.9,96.9,97.1,97.0,97.2,97.0,97.0,97.2,96.7,97.0,96.9
Rank: 10,10,10,10,10,10,10,10,10,10,10,10,10,10,10,10,10,10,10,10,10,10,10,10,10,10,10,10,10,10,10,10,10,10,10,10,10,10,10,10
Seed 10/10
Train loss: 0.5362,0.3552,0.2581,0.1944,0.1479,0.1263,0.0968,0.0916,0.0736,0.0559,0.0481,0.044,0.0385,0.0358,0.0288,0.0301,0.0316,0.0253,0.0288,0.023,0.0193,0.0162,0.0239,0.0162,0.0176,0.0166,0.0142,0.0256,0.0155,0.0206,0.0168,0.0152,0.0131,0.0144,0.0093,0.0083,0.0172,0.0188,0.0126,0.0123
Test loss: 0.5584,0.4087,0.3161,0.2726,0.2285,0.2062,0.2214,0.2006,0.1703,0.2445,0.1856,0.1907,0.1499,0.185,0.1488,0.1688,0.153,0.2271,0.2141,0.1927,0.1783,0.1668,0.1884,0.1792,0.1745,0.193,0.1689,0.1879,0.1791,0.1853,0.2071,0.1838,0.1899,0.2095,0.1871,0.1819,0.1949,0.1744,0.179,0.1853
Train accuracy: 79.8,92.0,94.0,95.7,96.7,96.9,97.7,97.7,98.2,98.7,98.8,98.9,99.1,99.2,99.4,99.4,99.3,99.5,99.3,99.5,99.6,99.7,99.4,99.7,99.7,99.7,99.8,99.4,99.7,99.5,99.7,99.7,99.8,99.7,99.9,99.9,99.6,99.5,99.8,99.8
Test accuracy: 79.5,91.5,93.4,94.7,95.4,95.4,96.3,96.0,96.6,96.9,97.1,97.1,97.1,97.1,97.2,97.1,96.9,97.1,96.9,96.9,97.3,97.3,96.9,97.4,97.4,97.4,97.3,96.9,97.2,97.1,97.0,97.2,97.3,97.2,97.3,97.4,97.2,97.1,97.3,97.4
Rank: 10,10,10,10,10,10,10,10,10,10,10,10,10,10,10,10,10,10,10,10,10,10,10,10,10,10,10,10,10,10,10,10,10,10,10,10,10,10,10,10
