Seed 1/10
Train loss: 0.1967,0.1069,0.0705,0.0506,0.0385,0.0352,0.0214,0.0192,0.0167,0.0134,0.022,0.0104,0.0091,0.0088,0.0064,0.0078,0.0089,0.0109,0.0048,0.0033,0.0215,0.0054,0.0037,0.0037,0.0035,0.0064,0.0041,0.0221,0.0066,0.0026,0.0064,0.0027,0.0089,0.0044,0.0015,0.0015,0.0119,0.0064,0.0045,0.0056
Test loss: 0.2098,0.133,0.1013,0.1572,0.0762,0.0816,0.0712,0.0786,0.0806,0.0736,0.1085,0.0896,0.074,0.073,0.0903,0.0819,0.0922,0.0885,0.0777,0.0792,0.2214,0.0814,0.077,0.0738,0.0882,0.0841,0.1005,0.1316,0.1038,0.1028,0.0894,0.0758,0.112,0.0915,0.0839,0.0848,0.112,0.0853,0.1291,0.0892
Train accuracy: 96.3,98.0,98.6,98.9,99.1,99.2,99.5,99.6,99.6,99.7,99.4,99.8,99.8,99.9,99.9,99.8,99.8,99.7,99.9,100.0,99.4,99.9,99.9,99.9,99.9,99.9,99.9,99.4,99.8,100.0,99.8,100.0,99.8,99.9,100.0,100.0,99.7,99.8,99.9,99.9
Test accuracy: 96.3,97.4,97.7,98.1,98.1,97.8,98.3,98.2,98.2,98.3,97.8,98.4,98.4,98.3,98.2,98.4,98.3,98.3,98.4,98.5,97.9,98.4,98.5,98.6,98.4,98.4,98.3,97.6,98.1,98.5,98.3,98.5,97.9,98.1,98.5,98.5,97.8,98.4,98.2,98.2
Rank: 10,10,10,10,10,10,10,10,10,10,10,10,10,10,10,10,10,10,10,10,10,10,10,10,10,10,10,10,10,10,10,10,10,10,10,10,10,10,10,10
Seed 2/10
Train loss: 0.1277,0.0711,0.05,0.039,0.043,0.0259,0.0162,0.0152,0.0135,0.0173,0.01,0.0089,0.0081,0.0059,0.0071,0.0061,0.0038,0.0042,0.0047,0.0056,0.004,0.0078,0.0037,0.0068,0.0033,0.0028,0.0031,0.0026,0.0038,0.0041,0.0033,0.0012,0.0059,0.0025,0.0012,0.002,0.0025,0.002,0.0008,0.0009
Test loss: 0.1363,0.097,0.0768,0.085,0.2459,0.0883,0.1931,0.0971,0.1223,0.1452,0.0735,0.129,0.0862,0.1061,0.0687,0.0917,0.0879,0.1344,0.0971,0.1049,0.0951,0.1758,0.1062,0.0945,0.0885,0.0958,0.1146,0.1397,0.147,0.1308,0.1032,0.0996,0.3676,0.1093,0.1436,0.2048,0.1308,0.1778,0.1171,0.1236
Train accuracy: 96.6,98.0,98.6,98.9,98.7,99.3,99.6,99.6,99.6,99.5,99.7,99.8,99.8,99.9,99.8,99.9,99.9,99.9,99.9,99.9,99.9,99.8,99.9,99.8,99.9,100.0,100.0,100.0,99.9,99.9,99.9,100.0,99.9,100.0,100.0,100.0,100.0,100.0,100.0,100.0
Test accuracy: 96.4,97.6,98.1,98.1,97.7,97.9,98.4,98.2,98.5,98.2,98.5,98.4,98.3,98.5,98.5,98.6,98.6,98.4,98.4,98.4,98.6,98.2,98.5,98.3,98.5,98.5,98.6,98.4,98.3,98.5,98.3,98.6,98.2,98.5,98.4,98.5,98.5,98.5,98.5,98.5
Rank: 10,10,10,10,10,10,10,10,10,10,10,10,10,10,10,10,10,10,10,10,10,10,10,10,10,10,10,10,10,10,10,10,10,10,10,10,10,10,10,10
Seed 3/10
Train loss: 0.1611,0.0832,0.0644,0.0401,0.0375,0.0282,0.0181,0.0176,0.0165,0.0098,0.0095,0.0122,0.0112,0.0099,0.0113,0.0059,0.0056,0.0053,0.011,0.0056,0.0038,0.0054,0.0039,0.0022,0.0058,0.0047,0.0017,0.0027,0.0042,0.0028,0.0053,0.0028,0.0048,0.0016,0.0123,0.0032,0.001,0.0014,0.0036,0.0015
Test loss: 0.1595,0.0914,0.089,0.1518,0.0688,0.0762,0.0849,0.0682,0.0931,0.1034,0.0723,0.1014,0.1573,0.2073,0.0994,0.0723,0.0818,0.1681,0.1326,0.0806,0.2351,0.0938,0.1405,0.0995,0.1036,0.0887,0.0746,0.0708,0.0954,0.0903,0.1305,0.0899,0.0925,0.1127,0.1627,0.0939,0.1044,0.091,0.0766,0.0872
Train accuracy: 95.5,97.7,98.1,98.9,98.9,99.2,99.5,99.5,99.6,99.8,99.8,99.7,99.7,99.8,99.7,99.9,99.9,99.9,99.7,99.9,99.9,99.9,99.9,100.0,99.9,99.9,100.0,100.0,99.9,100.0,99.9,100.0,99.9,100.0,99.7,99.9,100.0,100.0,99.9,100.0
Test accuracy: 95.6,97.3,97.7,98.2,98.1,98.2,98.3,98.4,98.4,98.4,98.5,98.3,98.4,98.2,98.2,98.5,98.4,98.4,98.2,98.6,98.5,98.5,98.5,98.7,98.3,98.4,98.8,98.5,98.5,98.5,98.4,98.5,98.3,98.5,97.9,98.4,98.6,98.6,98.4,98.6
Rank: 10,10,10,10,10,10,10,10,10,10,10,10,10,10,10,10,10,10,10,10,10,10,10,10,10,10,10,10,10,10,10,10,10,10,10,10,10,10,10,10
Seed 4/10
Train loss: 0.1799,0.1269,0.0964,0.0774,0.0572,0.0513,0.0464,0.041,0.0312,0.0271,0.0266,0.0182,0.0255,0.0215,0.0155,0.015,0.0122,0.0133,0.0112,0.0225,0.0141,0.0126,0.023,0.01,0.011,0.0171,0.0181,0.0081,0.0057,0.0056,0.0072,0.0088,0.0056,0.0067,0.0112,0.0085,0.0038,0.0161,0.0068,0.0031
Test loss: 0.1814,0.163,0.1501,0.1063,0.1022,0.109,0.1245,0.1588,0.0945,0.0972,0.0969,0.1357,0.1075,0.1219,0.11,0.1225,0.1153,0.1228,0.1518,0.2319,0.1401,0.151,0.2763,0.1405,0.1332,0.2759,0.177,0.1183,0.1262,0.1498,0.1452,0.1375,0.1129,0.1582,0.1603,0.143,0.1451,0.1244,0.1348,0.1307
Train accuracy: 95.0,96.6,97.5,98.0,98.5,98.6,98.8,98.9,99.2,99.3,99.4,99.6,99.3,99.4,99.6,99.7,99.7,99.7,99.8,99.3,99.6,99.7,99.4,99.8,99.7,99.6,99.5,99.8,99.9,99.9,99.9,99.8,99.9,99.9,99.7,99.8,99.9,99.6,99.9,100.0
Test accuracy: 95.2,96.3,97.0,97.5,97.6,97.3,97.3,97.5,97.5,97.7,97.7,97.8,97.4,97.7,97.8,97.8,97.8,97.7,98.0,97.3,97.7,97.7,97.5,97.6,97.5,97.7,97.5,97.8,97.9,98.0,97.9,98.0,98.0,97.9,97.7,97.8,98.0,97.6,97.8,97.9
Rank: 10,10,10,10,10,10,10,10,10,10,10,10,10,10,10,10,10,10,10,10,10,10,10,10,10,10,10,10,10,10,10,10,10,10,10,10,10,10,10,10
Seed 5/10
Train loss: 0.4823,0.3607,0.296,0.2176,0.1623,0.1304,0.1119,0.1033,0.0893,0.0974,0.0675,0.0638,0.0672,0.0493,0.0525,0.0441,0.0432,0.0437,0.0394,0.0352,0.0422,0.0289,0.0338,0.0343,0.0277,0.0255,0.0427,0.0277,0.0234,0.0243,0.0345,0.026,0.0238,0.0253,0.028,0.0259,0.0222,0.022,0.0217,0.0229
Test loss: 0.5484,0.3842,0.5328,0.2781,0.2696,0.266,0.209,0.2595,0.2832,0.2979,0.2252,0.2036,0.2169,0.2119,0.238,0.2284,0.263,0.2695,0.2566,0.2505,0.2539,0.2491,0.2449,0.258,0.257,0.2428,0.252,0.2463,0.3272,0.2559,0.2501,0.2454,0.2498,0.2544,0.2804,0.283,0.2727,0.296,0.2685,0.2834
Train accuracy: 85.2,86.9,91.2,95.2,96.3,96.9,97.2,97.4,97.7,97.4,98.3,98.5,98.3,98.8,98.7,98.9,99.0,98.9,99.1,99.2,99.0,99.4,99.2,99.1,99.5,99.5,98.9,99.4,99.5,99.5,99.1,99.5,99.5,99.5,99.4,99.4,99.6,99.6,99.6,99.6
Test accuracy: 85.4,86.2,90.9,94.7,95.0,95.8,96.0,95.9,96.0,95.3,96.2,96.4,96.0,96.3,96.2,96.3,96.4,96.2,96.4,96.3,96.2,96.4,96.3,96.1,96.4,96.4,96.0,96.4,96.7,96.5,96.0,96.5,96.5,96.4,96.5,96.4,96.5,96.7,96.5,96.5
Rank: 10,10,10,10,10,10,10,10,10,10,10,10,10,10,10,10,10,10,10,10,10,10,10,10,10,10,10,10,10,10,10,10,10,10,10,10,10,10,10,10
Seed 6/10
Train loss: 0.1471,0.0936,0.0672,0.0594,0.0541,0.0354,0.0352,0.0364,0.0225,0.021,0.0131,0.0182,0.0156,0.0176,0.0138,0.0091,0.0143,0.0099,0.0091,0.0073,0.0078,0.0109,0.0062,0.0079,0.0142,0.0099,0.0051,0.0068,0.006,0.003,0.0099,0.005,0.0071,0.0059,0.0044,0.005,0.0038,0.0023,0.0124,0.0024
Test loss: 0.1693,0.1181,0.0907,0.0991,0.1258,0.1028,0.1351,0.0882,0.0998,0.0859,0.1741,0.1269,0.1871,0.1171,0.0899,0.1028,0.1238,0.098,0.0981,0.1,0.1161,0.099,0.1198,0.1087,0.1224,0.1182,0.1001,0.1085,0.1274,0.1063,0.132,0.1409,0.2836,0.1257,0.1189,0.1249,0.1116,0.1205,0.1693,0.1259
Train accuracy: 96.0,97.5,98.2,98.3,98.4,99.0,99.0,99.0,99.4,99.4,99.7,99.5,99.6,99.5,99.7,99.8,99.6,99.8,99.8,99.9,99.8,99.7,99.9,99.8,99.6,99.8,99.9,99.8,99.9,100.0,99.7,99.9,99.9,99.9,99.9,99.9,99.9,100.0,99.7,100.0
Test accuracy: 95.9,96.8,97.5,97.4,97.5,97.8,97.9,97.6,98.0,98.0,98.0,97.8,97.9,97.7,98.0,98.1,97.6,98.1,98.1,98.2,98.1,97.9,98.2,98.2,97.8,97.6,98.1,98.0,97.9,98.1,97.9,97.9,97.8,98.0,98.0,98.0,98.1,98.2,97.9,98.2
Rank: 10,10,10,10,10,10,10,10,10,10,10,10,10,10,10,10,10,10,10,10,10,10,10,10,10,10,10,10,10,10,10,10,10,10,10,10,10,10,10,10
Seed 7/10
Train loss: 0.1717,0.1118,0.0911,0.0739,0.0568,0.0511,0.0402,0.0322,0.0266,0.025,0.0206,0.0179,0.0145,0.0144,0.0126,0.0171,0.0111,0.0103,0.0181,0.0263,0.012,0.0131,0.0134,0.0058,0.009,0.0046,0.0068,0.0115,0.0059,0.005,0.0063,0.0066,0.0025,0.0192,0.0031,0.0019,0.0082,0.0036,0.0069,0.0025
Test loss: 0.1781,0.1339,0.1333,0.1203,0.1265,0.134,0.1034,0.1159,0.1412,0.1299,0.1423,0.1129,0.1055,0.1209,0.1007,0.1488,0.0979,0.1125,0.14,0.247,0.1073,0.1401,0.1385,0.1099,0.125,0.1265,0.1199,0.1259,0.1328,0.1288,0.1401,0.1148,0.1237,0.1421,0.1133,0.1193,0.1291,0.1328,0.1235,0.1203
Train accuracy: 95.2,97.1,97.5,98.0,98.6,98.6,99.0,99.1,99.3,99.3,99.5,99.6,99.7,99.7,99.7,99.6,99.7,99.8,99.5,99.2,99.7,99.7,99.6,99.9,99.8,99.9,99.9,99.7,99.9,99.9,99.8,99.8,100.0,99.5,100.0,100.0,99.8,99.9,99.8,100.0
Test accuracy: 95.2,96.7,96.5,97.1,97.6,97.5,97.6,97.6,97.8,97.8,97.9,97.7,98.0,97.7,97.8,97.7,97.9,97.9,97.5,97.0,97.8,97.7,97.6,98.1,98.0,98.1,97.9,97.8,98.0,98.1,98.0,98.0,98.1,97.4,98.2,98.1,97.9,98.0,97.8,98.1
Rank: 10,10,10,10,10,10,10,10,10,10,10,10,10,10,10,10,10,10,10,10,10,10,10,10,10,10,10,10,10,10,10,10,10,10,10,10,10,10,10,10
Seed 8/10
Train loss: 0.1191,0.074,0.0503,0.039,0.0319,0.0295,0.0221,0.0186,0.0199,0.0147,0.0097,0.0132,0.0101,0.0217,0.0142,0.0105,0.0045,0.0093,0.0065,0.0132,0.0033,0.0062,0.0047,0.0061,0.0032,0.0044,0.0029,0.0033,0.0029,0.0018,0.0014,0.0028,0.0042,0.0038,0.001,0.0012,0.0027,0.0009,0.0006,0.0013
Test loss: 0.1265,0.0986,0.0823,0.0702,0.0651,0.0735,0.0801,0.0705,0.0906,0.0719,0.106,0.1079,0.1791,0.1037,0.092,0.1115,0.1295,0.1092,0.0979,0.1561,0.0932,0.1432,0.0987,0.1719,0.0971,0.095,0.0982,0.1128,0.0916,0.0929,0.0821,0.1147,0.1694,0.1222,0.0944,0.1109,0.1027,0.1046,0.0909,0.1061
Train accuracy: 96.6,97.9,98.6,98.9,99.2,99.1,99.4,99.5,99.4,99.7,99.8,99.6,99.8,99.3,99.6,99.7,99.9,99.8,99.8,99.6,100.0,99.9,99.9,99.9,99.9,99.9,100.0,99.9,100.0,100.0,100.0,99.9,99.9,99.9,100.0,100.0,100.0,100.0,100.0,100.0
Test accuracy: 96.3,97.4,97.8,98.2,98.1,98.0,97.9,98.2,98.2,98.3,98.3,98.1,98.3,97.8,98.0,98.0,98.4,98.3,98.2,97.9,98.5,98.3,98.2,98.1,98.3,98.3,98.5,98.4,98.5,98.6,98.7,98.4,98.4,98.4,98.6,98.5,98.4,98.6,98.6,98.6
Rank: 10,10,10,10,10,10,10,10,10,10,10,10,10,10,10,10,10,10,10,10,10,10,10,10,10,10,10,10,10,10,10,10,10,10,10,10,10,10,10,10
Seed 9/10
Train loss: 0.4008,0.2354,0.1501,0.1359,0.1002,0.0819,0.0872,0.0655,0.0634,0.0486,0.0483,0.0433,0.039,0.0356,0.0309,0.0359,0.032,0.0257,0.0216,0.0225,0.0215,0.0212,0.0178,0.0231,0.0237,0.0219,0.0173,0.0183,0.0129,0.0133,0.0151,0.0164,0.0124,0.014,0.02,0.0141,0.0113,0.0122,0.0102,0.0147
Test loss: 0.4349,0.2821,0.2253,0.1947,0.1599,0.1533,0.1619,0.1462,0.1552,0.1563,0.2225,0.3433,0.1649,0.1769,0.1981,0.2044,0.2405,0.2368,0.2008,0.238,0.1586,0.2347,0.2443,0.2152,0.2042,0.2197,0.2153,0.1892,0.2268,0.2276,0.189,0.2164,0.2196,0.2044,0.339,0.2019,0.214,0.2331,0.1853,0.1807
Train accuracy: 86.5,94.9,96.8,96.6,97.7,98.1,97.7,98.5,98.4,98.8,98.9,98.9,99.0,99.2,99.3,99.0,99.2,99.4,99.5,99.5,99.6,99.6,99.6,99.5,99.4,99.5,99.6,99.6,99.8,99.7,99.7,99.7,99.8,99.7,99.5,99.7,99.8,99.8,99.8,99.7
Test accuracy: 86.5,94.8,96.2,96.1,96.7,96.7,96.3,97.0,96.4,97.0,96.9,97.1,97.0,97.0,97.0,97.0,96.8,96.9,97.0,97.0,97.0,97.0,97.2,96.7,96.7,97.0,97.2,97.1,97.0,97.2,97.2,97.1,97.2,97.2,97.0,97.2,97.3,97.0,97.2,97.1
Rank: 10,10,10,10,10,10,10,10,10,10,10,10,10,10,10,10,10,10,10,10,10,10,10,10,10,10,10,10,10,10,10,10,10,10,10,10,10,10,10,10
Seed 10/10
Train loss: 0.2282,0.0903,0.0608,0.047,0.0369,0.0229,0.022,0.0171,0.0211,0.0114,0.0104,0.0114,0.0081,0.0098,0.0383,0.0084,0.0044,0.0077,0.0088,0.003,0.0044,0.016,0.0082,0.0024,0.0014,0.0283,0.0048,0.0023,0.0029,0.002,0.0013,0.0032,0.0016,0.0008,0.0111,0.0015,0.0034,0.0008,0.0006,0.0021
Test loss: 0.3923,0.1028,0.122,0.1027,0.1275,0.0822,0.084,0.0871,0.1861,0.0725,0.0882,0.107,0.1094,0.1243,0.1091,0.0867,0.0782,0.1654,0.1071,0.0896,0.0839,0.2616,0.1038,0.0891,0.0957,0.2785,0.0983,0.0796,0.0998,0.1011,0.0999,0.1078,0.0901,0.0851,0.1216,0.0947,0.1158,0.0907,0.0893,0.0982
Train accuracy: 94.0,97.5,98.3,98.6,98.9,99.4,99.4,99.6,99.4,99.7,99.8,99.7,99.8,99.8,99.0,99.8,99.9,99.8,99.8,100.0,99.9,99.6,99.8,100.0,100.0,99.2,99.9,100.0,100.0,100.0,100.0,99.9,100.0,100.0,99.7,100.0,99.9,100.0,100.0,100.0
Test accuracy: 93.6,97.2,97.7,97.7,98.0,98.2,98.2,98.1,98.0,98.3,98.3,98.3,98.3,98.2,97.5,98.2,98.4,98.2,98.0,98.4,98.3,98.1,98.2,98.3,98.4,97.4,98.2,98.5,98.3,98.3,98.4,98.2,98.5,98.6,98.0,98.3,98.1,98.6,98.6,98.5
Rank: 10,10,10,10,10,10,10,10,10,10,10,10,10,10,10,10,10,10,10,10,10,10,10,10,10,10,10,10,10,10,10,10,10,10,10,10,10,10,10,10
