Seed 1/10
Train loss: 1.7426,1.6666,1.5625,0.9129,0.478,0.3666,0.231,0.1991,0.1868,0.1554,0.1397,0.1411,0.1223,0.128,0.1279,0.1124,0.1063,0.0985,0.1044,0.09,0.0893,0.0828,0.0911,0.097,0.0872,0.082,0.0807,0.0746,0.068,0.0722,0.0715,0.067,0.083,0.0742,0.0687,0.0632,0.0636,0.058,0.053,0.0623
Test loss: 1.7453,1.6751,1.5734,0.9172,0.4914,0.3913,0.265,0.2493,0.2476,0.2218,0.2162,0.2265,0.215,0.2315,0.231,0.2271,0.2268,0.2225,0.2379,0.2257,0.232,0.2329,0.2501,0.2554,0.2575,0.2603,0.261,0.2592,0.2463,0.2634,0.2704,0.2683,0.2774,0.2758,0.2787,0.2825,0.2744,0.2692,0.2691,0.2987
Train accuracy: 24.4,30.3,36.8,64.8,82.7,86.5,94.4,94.8,95.0,95.9,96.4,96.2,96.8,96.4,96.4,96.9,97.2,97.4,97.2,97.7,97.6,97.8,97.5,97.3,97.6,97.7,97.8,97.9,98.2,97.9,98.1,98.2,97.7,97.9,98.1,98.3,98.3,98.5,98.7,98.3
Test accuracy: 24.9,30.2,36.1,64.5,82.4,85.8,93.4,93.5,93.3,94.2,94.2,93.9,94.3,93.9,93.5,94.1,94.3,94.2,94.1,94.4,94.2,94.6,94.0,93.8,93.9,93.8,93.8,94.0,94.0,94.0,94.0,94.3,93.7,93.6,94.2,94.2,93.8,94.1,94.1,93.8
Rank: 6,6,7,10,10,10,10,10,10,10,10,10,10,10,10,10,10,10,10,10,10,10,10,10,10,10,10,10,10,10,10,10,10,10,10,10,10,10,10,10
Seed 2/10
Train loss: 1.1429,0.8178,0.5603,0.4082,0.3385,0.2997,0.285,0.2555,0.2289,0.217,0.2116,0.2141,0.2025,0.1892,0.1884,0.1705,0.1692,0.1792,0.1598,0.1588,0.1517,0.1494,0.1421,0.1435,0.1322,0.1314,0.1319,0.1241,0.1319,0.1235,0.1237,0.1193,0.1204,0.1226,0.116,0.1386,0.109,0.1065,0.1039,0.1069
Test loss: 1.1463,0.8228,0.5707,0.427,0.3808,0.3531,0.3393,0.3267,0.3086,0.3027,0.3031,0.3149,0.3039,0.3059,0.3088,0.3006,0.3019,0.3108,0.3029,0.3192,0.314,0.3192,0.3174,0.3218,0.3144,0.3128,0.3195,0.335,0.328,0.3311,0.3371,0.3287,0.3534,0.3476,0.3386,0.3709,0.3437,0.3474,0.3278,0.37
Train accuracy: 56.5,69.3,85.3,89.9,91.2,92.1,92.3,93.2,94.2,94.3,94.6,94.0,94.5,95.0,95.1,95.5,95.6,95.2,95.8,95.8,96.0,96.0,96.3,96.2,96.4,96.5,96.6,96.8,96.5,96.8,96.7,96.8,96.8,96.6,96.8,96.1,97.2,97.2,97.3,97.2
Test accuracy: 56.6,69.2,85.3,89.4,90.0,90.5,90.9,91.5,92.4,92.2,92.3,91.8,92.3,92.5,92.5,92.4,92.9,92.5,92.5,92.2,92.6,92.5,92.7,92.6,92.6,92.8,92.8,92.7,92.5,92.6,92.5,92.6,92.2,92.2,92.3,91.6,92.6,92.3,92.7,92.2
Rank: 10,10,10,10,10,10,10,10,10,10,10,10,10,10,10,10,10,10,10,10,10,10,10,10,10,10,10,10,10,10,10,10,10,10,10,10,10,10,10,10
Seed 3/10
Train loss: 0.5816,0.2351,0.1482,0.1153,0.0928,0.0787,0.07,0.0555,0.0537,0.0529,0.042,0.0398,0.0319,0.0312,0.0423,0.0275,0.0213,0.0341,0.0227,0.0234,0.0202,0.025,0.0224,0.017,0.0137,0.0109,0.0139,0.0207,0.0105,0.0145,0.014,0.0149,0.0179,0.0201,0.0104,0.0088,0.0158,0.0097,0.0118,0.0144
Test loss: 0.5866,0.2454,0.175,0.1482,0.1314,0.1269,0.1256,0.1196,0.1248,0.1252,0.1267,0.1228,0.1264,0.1305,0.1393,0.1328,0.1245,0.1499,0.1369,0.1468,0.1515,0.1568,0.1735,0.158,0.1537,0.1569,0.1609,0.1728,0.1516,0.1699,0.1604,0.1697,0.1779,0.1877,0.166,0.169,0.1932,0.1637,0.1854,0.184
Train accuracy: 85.2,94.2,96.2,96.9,97.5,97.9,98.0,98.5,98.4,98.4,98.8,98.9,99.1,99.1,98.7,99.2,99.4,98.9,99.3,99.3,99.4,99.2,99.2,99.5,99.6,99.7,99.6,99.3,99.7,99.5,99.6,99.5,99.4,99.4,99.7,99.8,99.5,99.7,99.6,99.6
Test accuracy: 84.6,94.1,95.7,96.0,96.4,96.5,96.7,97.0,96.8,96.9,96.9,97.0,97.0,96.8,96.9,97.2,97.2,96.8,97.0,96.9,96.8,97.0,96.8,97.2,97.0,97.1,97.0,96.7,97.2,96.9,97.1,97.1,97.1,96.8,96.9,97.1,96.9,97.1,97.0,96.9
Rank: 10,10,10,10,10,10,10,10,10,10,10,10,10,10,10,10,10,10,10,10,10,10,10,10,10,10,10,10,10,10,10,10,10,10,10,10,10,10,10,10
Seed 4/10
Train loss: 2.3033,2.3013,2.3012,2.3012,2.3012,2.3012,2.3012,2.3012,2.3012,2.3012,2.3012,2.3012,2.3012,2.3012,2.3012,2.3012,2.3012,2.3012,2.3012,2.3012,2.3012,2.3012,2.3012,2.3012,2.3012,2.3012,2.3012,2.3012,2.3012,2.3012,2.3012,2.3012,2.3012,2.3012,2.3012,2.3012,2.3012,2.3012,2.3012,2.3012
Test loss: 2.3033,2.3012,2.301,2.3011,2.301,2.3011,2.3011,2.301,2.301,2.3011,2.301,2.301,2.3009,2.301,2.301,2.301,2.3011,2.301,2.301,2.301,2.3011,2.301,2.301,2.3011,2.301,2.301,2.3011,2.3011,2.3011,2.3011,2.3011,2.3011,2.301,2.301,2.301,2.301,2.301,2.3011,2.3011,2.3011
Train accuracy: 10.4,11.2,11.2,11.2,11.2,11.2,11.2,11.2,11.2,11.2,11.2,11.2,11.2,11.2,11.2,11.2,11.2,11.2,11.2,11.2,11.2,11.2,11.2,11.2,11.2,11.2,11.2,11.2,11.2,11.2,11.2,11.2,11.2,11.2,11.2,11.2,11.2,11.2,11.2,11.2
Test accuracy: 10.3,11.3,11.3,11.3,11.3,11.3,11.3,11.3,11.3,11.3,11.3,11.3,11.3,11.3,11.3,11.3,11.3,11.3,11.3,11.3,11.3,11.3,11.3,11.3,11.3,11.3,11.3,11.3,11.3,11.3,11.3,11.3,11.3,11.3,11.3,11.3,11.3,11.3,11.3,11.3
Rank: 1,1,1,1,1,1,1,1,1,1,1,1,1,1,1,1,1,1,1,1,1,1,1,1,1,1,1,1,1,1,1,1,1,1,1,1,1,1,1,1
Seed 5/10
Train loss: 1.7846,1.6806,1.5664,1.4372,1.3708,1.3272,1.285,1.2586,1.2575,1.211,1.1969,1.1709,1.1616,1.1547,1.1303,1.1164,1.1225,1.0947,1.0957,1.0862,1.0856,1.0852,1.0871,1.0724,1.0562,1.0585,1.0818,1.0566,1.0586,1.0406,1.0559,1.0574,1.0447,1.0332,1.0493,1.0442,1.0344,1.0323,1.0427,1.0183
Test loss: 1.7897,1.6798,1.5701,1.4364,1.3825,1.3423,1.3006,1.2764,1.2726,1.2461,1.2278,1.2075,1.1896,1.1956,1.1717,1.1648,1.167,1.1458,1.1431,1.1445,1.1352,1.1505,1.1526,1.1411,1.1225,1.1265,1.1375,1.1235,1.1221,1.1158,1.12,1.1328,1.1267,1.1113,1.1185,1.1147,1.117,1.1114,1.1316,1.0956
Train accuracy: 23.3,26.2,38.7,35.6,43.3,41.8,43.9,46.7,48.2,50.3,50.4,50.9,52.4,52.3,52.5,54.5,52.7,55.3,55.8,54.7,56.5,57.2,54.0,56.9,56.3,56.8,56.7,57.2,57.3,58.5,57.8,56.0,56.7,57.7,56.7,58.1,58.4,58.9,58.1,59.6
Test accuracy: 23.8,26.1,38.6,36.1,43.8,41.7,43.5,46.3,47.9,49.9,50.1,50.2,52.0,51.9,51.8,53.8,51.6,54.3,54.9,53.3,55.2,55.4,52.8,55.0,54.9,55.2,55.2,56.0,56.1,57.0,56.2,54.2,54.9,55.8,55.3,56.8,56.6,57.0,56.1,57.6
Rank: 7,6,8,9,9,9,9,9,9,9,9,9,9,9,10,10,9,10,10,9,9,9,9,10,10,10,10,10,10,10,10,9,10,10,10,10,10,10,10,10
Seed 6/10
Train loss: 0.8852,0.6461,0.5325,0.4552,0.351,0.2853,0.2753,0.2169,0.2061,0.1687,0.1572,0.1667,0.1644,0.1568,0.1437,0.1253,0.1166,0.1354,0.119,0.1001,0.1077,0.1116,0.0945,0.0867,0.0923,0.0814,0.086,0.0768,0.082,0.0658,0.0672,0.0717,0.0643,0.0741,0.067,0.0575,0.0557,0.0677,0.0564,0.0581
Test loss: 0.8811,0.6605,0.5404,0.4745,0.3806,0.3317,0.3197,0.2782,0.2655,0.2398,0.2411,0.2593,0.2707,0.2559,0.2567,0.2493,0.2538,0.2779,0.2695,0.2438,0.2711,0.2876,0.2578,0.2621,0.2758,0.2604,0.2782,0.2698,0.2812,0.2801,0.2832,0.3067,0.2991,0.2913,0.3088,0.2934,0.306,0.3166,0.3262,0.3193
Train accuracy: 70.6,77.0,80.1,83.1,91.2,92.8,92.5,94.1,94.3,95.6,95.8,95.3,95.3,95.5,95.9,96.4,96.7,96.0,96.7,97.2,96.9,96.7,97.3,97.6,97.4,97.8,97.6,97.9,97.6,98.3,98.2,98.0,98.3,97.9,98.2,98.5,98.5,98.1,98.4,98.4
Test accuracy: 70.9,76.4,80.2,82.8,90.4,91.7,91.5,92.9,92.9,93.7,93.5,92.9,92.6,93.3,93.2,93.5,93.3,92.6,93.4,93.8,93.5,92.7,93.7,93.6,93.5,93.6,93.5,93.6,93.3,93.5,93.4,93.5,93.6,93.6,93.4,93.8,93.5,93.2,93.2,93.5
Rank: 10,10,10,10,10,10,10,10,10,10,10,10,10,10,10,10,10,10,10,10,10,10,10,10,10,10,10,10,10,10,10,10,10,10,10,10,10,10,10,10
Seed 7/10
Train loss: 1.3305,0.9366,0.7617,0.5448,0.4453,0.3972,0.3538,0.3417,0.3226,0.3148,0.2949,0.2989,0.273,0.2951,0.2575,0.2591,0.2444,0.2398,0.2378,0.2304,0.225,0.191,0.1396,0.1056,0.1025,0.094,0.0973,0.0759,0.0735,0.0785,0.0506,0.047,0.0383,0.0403,0.0281,0.0267,0.0298,0.0275,0.0252,0.0232
Test loss: 1.3252,0.9463,0.772,0.5695,0.4783,0.4389,0.4099,0.4166,0.3941,0.4142,0.393,0.4036,0.3776,0.394,0.3796,0.3786,0.388,0.3681,0.3674,0.369,0.3596,0.3375,0.2631,0.2421,0.2474,0.2364,0.2472,0.2346,0.2405,0.2468,0.1913,0.1919,0.1785,0.1827,0.1698,0.1676,0.1726,0.1723,0.1737,0.1693
Train accuracy: 47.1,64.6,70.2,81.4,83.6,84.7,85.5,85.5,86.4,86.3,87.0,86.5,87.3,86.6,87.7,87.5,88.3,88.2,88.4,88.5,89.4,94.4,96.3,97.1,97.2,97.5,97.3,98.0,98.0,97.8,98.7,98.7,99.0,98.9,99.3,99.3,99.2,99.3,99.4,99.4
Test accuracy: 46.9,63.9,70.3,80.9,82.6,83.7,84.5,83.9,84.9,84.4,85.0,84.5,85.2,84.9,85.1,84.9,85.5,85.5,85.5,85.6,86.5,91.8,93.7,94.5,94.5,94.4,94.4,94.8,94.7,94.5,95.9,95.8,96.3,96.1,96.4,96.5,96.4,96.7,96.5,96.5
Rank: 9,10,10,10,10,10,10,10,10,10,10,10,10,10,10,10,10,10,10,10,10,10,10,10,10,10,10,10,10,10,10,10,10,10,10,10,10,10,10,10
Seed 8/10
Train loss: 1.7407,1.6651,1.6236,1.5897,1.5684,1.5393,1.4473,1.3973,1.3631,1.3292,1.304,1.2777,1.2659,1.2466,1.2386,1.2359,1.2205,1.2193,1.211,1.2121,1.1998,1.2067,1.1837,1.1905,1.1791,1.1772,1.1783,1.1767,1.1714,1.1626,1.1605,1.1562,1.1562,1.1547,1.1574,1.1517,1.1587,1.1543,1.1408,1.1512
Test loss: 1.7437,1.6697,1.6237,1.5962,1.5757,1.5442,1.4588,1.408,1.3788,1.3538,1.3381,1.317,1.3089,1.2874,1.286,1.2871,1.2703,1.2719,1.2743,1.2686,1.2648,1.2751,1.2558,1.2566,1.2592,1.2577,1.2694,1.2651,1.2567,1.2612,1.2553,1.2559,1.2531,1.2594,1.2637,1.2545,1.2502,1.264,1.2556,1.2782
Train accuracy: 27.4,31.2,28.6,30.5,31.1,34.4,35.3,43.7,40.4,46.6,46.1,47.3,47.4,47.6,47.6,47.6,48.3,48.3,48.3,47.6,48.5,48.5,48.7,48.5,49.0,49.0,48.9,49.3,48.8,49.3,49.5,49.6,49.4,49.4,49.2,49.4,49.3,49.5,49.8,49.4
Test accuracy: 27.9,31.3,28.6,30.7,31.1,34.6,35.4,43.8,40.3,46.1,45.8,46.3,46.7,47.0,46.9,46.8,47.2,47.2,47.1,46.7,47.4,47.2,47.6,47.6,48.0,47.5,46.9,47.7,47.4,47.2,48.1,47.5,47.9,47.8,47.6,47.7,47.9,47.4,47.4,47.0
Rank: 6,6,6,7,7,7,7,7,7,8,8,8,8,8,8,8,8,8,8,8,7,8,8,8,8,7,8,8,8,8,8,8,8,8,8,8,8,8,8,8
Seed 9/10
Train loss: 0.3203,0.1945,0.145,0.1206,0.1073,0.0908,0.0829,0.0858,0.0651,0.0565,0.055,0.0495,0.0432,0.0393,0.0364,0.0359,0.0333,0.0279,0.0275,0.0298,0.0218,0.0233,0.0287,0.0199,0.0184,0.024,0.0176,0.0162,0.0162,0.013,0.0172,0.0176,0.0142,0.0164,0.0198,0.0099,0.0097,0.0083,0.0126,0.0193
Test loss: 0.3205,0.2076,0.1681,0.1527,0.152,0.1398,0.1415,0.1461,0.1308,0.1241,0.1329,0.1385,0.1281,0.1289,0.1474,0.1417,0.1425,0.1545,0.1324,0.1504,0.1495,0.1566,0.1743,0.1469,0.1521,0.1761,0.1469,0.1513,0.1616,0.157,0.1623,0.1778,0.1734,0.1689,0.1838,0.1771,0.1602,0.1646,0.1711,0.1923
Train accuracy: 91.0,94.5,95.9,96.6,96.8,97.4,97.5,97.5,98.2,98.2,98.3,98.5,98.6,98.8,98.8,98.8,98.9,99.1,99.2,99.1,99.3,99.2,99.1,99.4,99.5,99.2,99.5,99.5,99.5,99.6,99.5,99.4,99.5,99.5,99.4,99.7,99.7,99.8,99.6,99.4
Test accuracy: 91.0,94.6,95.4,95.7,95.9,96.3,96.0,95.9,96.4,96.7,96.6,96.8,96.7,96.7,96.6,96.6,96.8,96.7,96.8,96.7,96.9,96.7,96.4,96.7,96.7,96.8,96.8,96.9,97.0,97.0,96.9,96.8,97.0,96.7,96.7,97.0,97.0,97.0,96.8,96.8
Rank: 10,10,10,10,10,10,10,10,10,10,10,10,10,10,10,10,10,10,10,10,10,10,10,10,10,10,10,10,10,10,10,10,10,10,10,10,10,10,10,10
Seed 10/10
Train loss: 0.4624,0.2289,0.2096,0.1642,0.1261,0.1161,0.1026,0.0858,0.0801,0.0743,0.0567,0.0672,0.0502,0.0447,0.0477,0.044,0.0428,0.05,0.0343,0.0348,0.0371,0.0259,0.0282,0.0205,0.0224,0.0301,0.0161,0.0232,0.0217,0.0282,0.02,0.0163,0.0216,0.0146,0.0208,0.0192,0.0206,0.0169,0.014,0.0154
Test loss: 0.4724,0.2463,0.2283,0.1903,0.1756,0.1647,0.1575,0.1516,0.1559,0.1467,0.145,0.1735,0.1421,0.1514,0.1709,0.1606,0.1542,0.1924,0.1814,0.1867,0.2084,0.1777,0.1965,0.173,0.1996,0.1821,0.1852,0.2125,0.2056,0.2116,0.2196,0.2024,0.1974,0.1939,0.2225,0.2066,0.2196,0.2127,0.2162,0.2151
Train accuracy: 82.7,93.3,93.9,95.0,96.1,96.8,97.0,97.4,97.4,97.7,98.3,97.9,98.6,98.7,98.5,98.7,98.7,98.4,98.9,98.9,98.7,99.2,99.1,99.4,99.3,99.0,99.5,99.2,99.3,99.1,99.4,99.5,99.3,99.6,99.3,99.4,99.3,99.5,99.6,99.5
Test accuracy: 82.5,92.9,93.1,94.3,94.8,95.5,95.4,95.7,95.5,96.0,96.2,95.7,96.4,96.3,95.9,95.9,96.2,95.4,96.1,96.0,95.8,96.2,96.0,96.4,96.3,96.1,96.3,96.1,96.0,96.1,96.1,96.3,96.0,96.4,96.2,96.3,96.0,96.0,96.2,96.2
Rank: 10,10,10,10,10,10,10,10,10,10,10,10,10,10,10,10,10,10,10,10,10,10,10,10,10,10,10,10,10,10,10,10,10,10,10,10,10,10,10,10
