Seed 1/10
Train loss: 2.3157,2.3013,2.3013,2.3013,2.3013,2.3013,2.3013,2.3013,2.3013,2.3013,2.3013,2.3013,2.3013,2.3013,2.3013,2.3013,2.3013,2.3013,2.3013,2.3013,2.3013,2.3013,2.3013,2.3013,2.3013,2.3013,2.3013,2.3013,2.3013,2.3013,2.3013,2.3013,2.3013,2.3013,2.3013,2.3013,2.3013,2.3013,2.3013,2.3013
Test loss: 2.3162,2.3012,2.3012,2.3012,2.3012,2.3012,2.3012,2.3012,2.3012,2.3012,2.3012,2.3012,2.3012,2.3012,2.3012,2.3012,2.3012,2.3012,2.3012,2.3012,2.3012,2.3012,2.3012,2.3012,2.3012,2.3012,2.3012,2.3012,2.3012,2.3012,2.3012,2.3012,2.3012,2.3012,2.3012,2.3012,2.3012,2.3012,2.3012,2.3012
Train accuracy: 10.4,11.2,11.2,11.2,11.2,11.2,11.2,11.2,11.2,11.2,11.2,11.2,11.2,11.2,11.2,11.2,11.2,11.2,11.2,11.2,11.2,11.2,11.2,11.2,11.2,11.2,11.2,11.2,11.2,11.2,11.2,11.2,11.2,11.2,11.2,11.2,11.2,11.2,11.2,11.2
Test accuracy: 10.3,11.3,11.3,11.3,11.3,11.3,11.3,11.3,11.3,11.3,11.3,11.3,11.3,11.3,11.3,11.3,11.3,11.3,11.3,11.3,11.3,11.3,11.3,11.3,11.3,11.3,11.3,11.3,11.3,11.3,11.3,11.3,11.3,11.3,11.3,11.3,11.3,11.3,11.3,11.3
Rank: 1,1,1,1,1,1,1,1,1,1,1,1,1,1,1,1,1,1,1,1,1,1,1,1,1,1,1,1,1,1,1,1,1,1,1,1,1,1,1,1
Seed 2/10
Train loss: 2.31,2.3013,2.3013,2.3013,2.3013,2.3013,2.3013,2.3013,2.3013,2.3013,2.3013,2.3013,2.3013,2.3013,2.3013,2.3013,2.3013,2.3013,2.3013,2.3013,2.3013,2.3013,2.3013,2.3013,2.3013,2.3013,2.3013,2.3013,2.3013,2.3013,2.3013,2.3013,2.3013,2.3013,2.3013,2.3013,2.3013,2.3013,2.3013,2.3013
Test loss: 2.3093,2.3011,2.3012,2.3012,2.3012,2.3012,2.3012,2.3012,2.3012,2.3012,2.3012,2.3012,2.3012,2.3012,2.3012,2.3012,2.3012,2.3012,2.3012,2.3012,2.3012,2.3012,2.3012,2.3012,2.3012,2.3012,2.3012,2.3012,2.3012,2.3012,2.3012,2.3012,2.3012,2.3012,2.3012,2.3012,2.3012,2.3012,2.3012,2.3012
Train accuracy: 9.8,11.2,11.2,11.2,11.2,11.2,11.2,11.2,11.2,11.2,11.2,11.2,11.2,11.2,11.2,11.2,11.2,11.2,11.2,11.2,11.2,11.2,11.2,11.2,11.2,11.2,11.2,11.2,11.2,11.2,11.2,11.2,11.2,11.2,11.2,11.2,11.2,11.2,11.2,11.2
Test accuracy: 9.7,11.3,11.3,11.3,11.3,11.3,11.3,11.3,11.3,11.3,11.3,11.3,11.3,11.3,11.3,11.3,11.3,11.3,11.3,11.3,11.3,11.3,11.3,11.3,11.3,11.3,11.3,11.3,11.3,11.3,11.3,11.3,11.3,11.3,11.3,11.3,11.3,11.3,11.3,11.3
Rank: 1,1,1,1,1,1,1,1,1,1,1,1,1,1,1,1,1,1,1,1,1,1,1,1,1,1,1,1,1,1,1,1,1,1,1,1,1,1,1,1
Seed 3/10
Train loss: 1.8853,1.764,1.6801,1.5899,1.5218,1.4865,1.4562,1.4251,1.3948,1.3796,1.3665,1.3557,1.3446,1.3341,1.3294,1.327,1.319,1.3092,1.3024,1.3028,1.2992,1.2846,1.2832,1.2805,1.2858,1.2951,1.2673,1.2659,1.2614,1.2617,1.2727,1.2475,1.2548,1.247,1.2532,1.2451,1.2345,1.2406,1.2371,1.2354
Test loss: 1.9036,1.7652,1.6859,1.6001,1.5375,1.5047,1.4769,1.4598,1.4311,1.4213,1.4101,1.4054,1.4079,1.3964,1.4048,1.4071,1.4014,1.3835,1.3914,1.4241,1.3948,1.3909,1.3933,1.3823,1.3984,1.3904,1.4172,1.4313,1.4041,1.403,1.4488,1.4247,1.4363,1.434,1.4498,1.4436,1.4327,1.4486,1.4401,1.4477
Train accuracy: 20.6,27.6,33.9,36.9,40.1,41.2,41.3,41.3,41.7,43.3,43.3,43.8,44.7,45.1,45.5,45.3,45.9,46.0,46.6,46.6,46.6,47.0,46.7,47.0,46.8,45.8,47.5,47.9,47.5,47.4,47.8,47.8,47.9,48.0,47.8,48.0,47.9,48.1,48.0,48.2
Test accuracy: 20.1,27.5,33.5,37.0,40.2,41.4,41.7,41.1,41.6,42.9,42.8,43.3,44.0,44.5,45.0,44.5,45.2,45.5,46.0,45.6,45.7,46.1,45.8,45.9,45.6,44.7,46.2,46.4,46.3,46.1,46.5,46.4,46.4,46.4,46.3,46.5,46.2,46.5,46.5,46.4
Rank: 5,6,6,7,7,7,7,7,7,8,8,8,8,8,8,7,7,8,8,8,8,8,8,8,8,8,8,8,8,8,8,8,8,7,7,7,8,7,8,8
Seed 4/10
Train loss: 1.8076,1.6897,1.615,1.5727,1.544,1.5206,1.4927,1.4711,1.4458,1.4302,1.4188,1.4072,1.3855,1.38,1.3668,1.3583,1.3458,1.3376,1.3373,1.34,1.3146,1.308,1.3049,1.2993,1.3125,1.3235,1.2961,1.2876,1.296,1.2747,1.2733,1.2744,1.2769,1.2442,1.2727,1.2493,1.2433,1.2576,1.274,1.2611
Test loss: 1.8152,1.715,1.6457,1.6356,1.6634,1.6531,1.6049,1.5851,1.5403,1.5347,1.5566,1.5615,1.5488,1.5539,1.544,1.5384,1.548,1.5451,1.5989,1.6038,1.5792,1.5716,1.5915,1.5881,1.6343,1.6742,1.6327,1.6618,1.6909,1.6651,1.6504,1.6698,1.6943,1.6434,1.7177,1.6714,1.7013,1.7169,1.756,1.7602
Train accuracy: 18.4,28.7,33.7,36.0,38.0,38.2,40.2,41.5,42.8,44.3,44.5,45.0,45.1,45.4,45.7,46.0,46.7,47.0,47.0,46.4,47.2,47.7,48.0,47.9,47.9,47.7,48.1,48.8,49.1,49.3,48.9,48.9,48.5,48.9,49.3,49.1,50.1,49.1,48.4,48.6
Test accuracy: 18.7,28.6,33.3,35.3,37.3,37.4,39.4,40.5,41.9,43.2,43.5,43.7,44.0,44.0,44.1,44.5,44.9,45.0,44.8,43.8,45.1,45.9,45.5,45.5,45.2,45.0,45.3,45.4,46.3,46.1,45.7,45.7,45.5,45.8,46.3,46.1,46.7,45.7,45.8,44.9
Rank: 6,6,6,6,7,7,7,8,8,8,8,8,8,8,8,8,8,8,8,8,8,8,8,8,8,8,8,8,8,8,8,8,8,8,8,8,8,8,8,8
Seed 5/10
Train loss: 2.3107,2.3014,2.3013,2.3013,2.3013,2.3013,2.3013,2.3013,2.3013,2.3013,2.3013,2.3013,2.3013,2.3013,2.3013,2.3013,2.3013,2.3013,2.3013,2.3013,2.3013,2.3013,2.3013,2.3013,2.3013,2.3013,2.3013,2.3013,2.3013,2.3013,2.3013,2.3013,2.3013,2.3013,2.3013,2.3013,2.3013,2.3013,2.3013,2.3013
Test loss: 2.3109,2.3013,2.3012,2.3012,2.3012,2.3012,2.3012,2.3012,2.3012,2.3012,2.3012,2.3012,2.3012,2.3012,2.3012,2.3012,2.3012,2.3012,2.3012,2.3012,2.3012,2.3012,2.3012,2.3012,2.3012,2.3012,2.3012,2.3012,2.3012,2.3012,2.3012,2.3012,2.3012,2.3012,2.3012,2.3012,2.3012,2.3012,2.3012,2.3012
Train accuracy: 9.0,11.2,11.2,11.2,11.2,11.2,11.2,11.2,11.2,11.2,11.2,11.2,11.2,11.2,11.2,11.2,11.2,11.2,11.2,11.2,11.2,11.2,11.2,11.2,11.2,11.2,11.2,11.2,11.2,11.2,11.2,11.2,11.2,11.2,11.2,11.2,11.2,11.2,11.2,11.2
Test accuracy: 8.9,11.3,11.3,11.3,11.3,11.3,11.3,11.3,11.3,11.3,11.3,11.3,11.3,11.3,11.3,11.3,11.3,11.3,11.3,11.3,11.3,11.3,11.3,11.3,11.3,11.3,11.3,11.3,11.3,11.3,11.3,11.3,11.3,11.3,11.3,11.3,11.3,11.3,11.3,11.3
Rank: 1,1,1,1,1,1,1,1,1,1,1,1,1,1,1,1,1,1,1,1,1,1,1,1,1,1,1,1,1,1,1,1,1,1,1,1,1,1,1,1
Seed 6/10
Train loss: 1.7346,1.6402,1.5825,1.5422,1.5125,1.4908,1.464,1.4375,1.4144,1.3985,1.3809,1.3596,1.3469,1.3356,1.3182,1.3154,1.3146,1.3018,1.2895,1.2897,1.2965,1.2777,1.2966,1.2836,1.266,1.2633,1.2619,1.271,1.2592,1.2559,1.2639,1.2412,1.2585,1.2534,1.2578,1.2727,1.2337,1.243,1.2472,1.2346
Test loss: 1.7317,1.6964,1.6175,1.5965,1.5749,1.5499,1.5759,1.5187,1.5021,1.4814,1.4981,1.4656,1.4347,1.4416,1.4413,1.4262,1.4389,1.4428,1.44,1.4649,1.4549,1.4659,1.4632,1.4628,1.4711,1.4759,1.4843,1.5355,1.5193,1.5302,1.5378,1.4917,1.5169,1.531,1.5707,1.589,1.5397,1.5142,1.5921,1.5433
Train accuracy: 29.5,27.3,29.5,35.8,37.4,39.3,41.1,43.3,44.4,45.0,45.1,45.5,45.8,45.9,46.4,45.9,45.7,46.5,46.8,47.0,45.9,46.9,45.6,46.0,47.0,47.1,47.1,47.7,47.3,47.7,47.2,47.5,46.6,47.6,47.8,47.9,48.2,47.3,48.3,48.0
Test accuracy: 29.1,27.0,29.7,36.0,37.4,38.8,40.4,42.3,43.3,44.0,44.3,44.8,44.8,45.0,45.4,45.1,44.9,45.6,45.7,45.9,44.7,45.8,44.6,45.1,45.7,45.9,45.5,46.2,45.7,46.3,45.8,46.0,45.2,46.1,45.8,46.2,46.2,45.3,46.2,46.4
Rank: 6,6,6,7,7,7,7,7,7,7,7,7,7,7,7,7,7,7,7,7,7,7,7,7,7,7,7,7,7,7,7,7,7,7,7,7,7,7,7,7
Seed 7/10
Train loss: 1.7352,1.5794,1.4997,1.455,1.4153,1.3891,1.3683,1.3504,1.3295,1.3192,1.3004,1.283,1.2741,1.2686,1.2614,1.2404,1.2452,1.2278,1.2481,1.2242,1.2173,1.231,1.2111,1.1992,1.2076,1.2066,1.192,1.1829,1.2001,1.1753,1.1862,1.1788,1.1662,1.1653,1.1666,1.1543,1.1576,1.1718,1.1377,1.1658
Test loss: 1.7399,1.5928,1.5174,1.4851,1.4535,1.4425,1.435,1.4303,1.4238,1.4228,1.417,1.4041,1.417,1.4177,1.4157,1.4208,1.4306,1.4244,1.4578,1.4407,1.4386,1.4801,1.4505,1.4455,1.4719,1.4769,1.4303,1.4587,1.4867,1.4692,1.4582,1.4896,1.4537,1.4557,1.4655,1.4984,1.4882,1.5253,1.4899,1.5072
Train accuracy: 33.1,33.7,36.7,38.3,39.6,40.8,41.9,42.4,42.8,43.4,44.4,44.5,45.2,45.0,44.4,47.0,45.8,47.0,46.1,47.1,47.6,47.5,48.3,48.2,48.3,48.3,48.6,49.2,48.9,50.3,48.9,49.8,50.1,49.6,49.8,50.6,50.6,50.2,51.1,49.5
Test accuracy: 33.2,33.8,36.5,38.0,39.5,40.2,41.1,41.6,41.9,42.3,43.8,43.5,43.7,43.3,43.0,45.3,44.1,45.1,44.2,44.9,45.5,45.6,46.2,46.0,45.9,46.1,45.9,46.7,46.3,47.4,46.1,46.9,47.1,46.8,46.7,47.6,47.3,47.1,47.7,46.4
Rank: 6,6,7,7,8,8,8,8,8,8,8,8,8,8,8,8,8,8,8,8,8,8,8,8,8,8,8,8,8,8,8,8,8,8,8,8,8,8,8,8
Seed 8/10
Train loss: 1.76,1.6306,1.5676,1.5199,1.4983,1.4736,1.4562,1.4267,1.4064,1.3784,1.3605,1.3495,1.3379,1.3213,1.3176,1.3072,1.2998,1.2976,1.2844,1.29,1.2742,1.2764,1.2666,1.2715,1.2642,1.2559,1.2748,1.2765,1.2636,1.288,1.2578,1.2489,1.2783,1.251,1.2376,1.2495,1.2541,1.2381,1.2336,1.2338
Test loss: 1.7868,1.8849,1.6483,1.5489,1.5645,1.5416,1.549,1.5091,1.488,1.4504,1.4424,1.4176,1.43,1.4061,1.4057,1.402,1.3896,1.3913,1.3954,1.398,1.4079,1.3812,1.3899,1.4354,1.4034,1.4235,1.4169,1.4145,1.413,1.4288,1.3979,1.422,1.4411,1.4411,1.4525,1.465,1.442,1.4479,1.4625,1.4533
Train accuracy: 22.6,28.5,31.3,34.7,35.9,37.7,38.4,39.5,40.0,41.8,42.6,43.4,43.6,44.1,44.2,44.4,45.0,44.9,45.5,45.0,45.9,45.4,45.8,45.5,45.9,46.4,45.2,45.1,45.7,44.8,45.8,46.1,44.9,45.9,46.7,46.4,46.0,46.5,46.7,46.5
Test accuracy: 23.1,28.8,31.1,34.2,35.6,37.1,37.6,38.7,39.1,40.7,41.5,42.8,42.6,43.0,43.1,43.2,43.9,43.9,44.3,43.6,44.4,44.2,44.5,44.1,44.5,44.7,43.6,43.8,44.1,43.2,44.3,44.5,43.5,44.3,45.0,44.6,44.3,44.5,44.6,44.5
Rank: 6,7,7,7,7,7,7,7,7,7,7,7,7,7,7,7,7,7,7,7,7,7,7,8,8,7,7,7,8,8,8,7,7,8,8,8,8,7,8,7
Seed 9/10
Train loss: 1.7016,1.5627,1.4797,1.4265,1.3881,1.3505,1.3171,1.2885,1.2662,1.2405,1.2241,1.2037,1.1855,1.1749,1.1696,1.1421,1.1383,1.1303,1.1268,1.0992,1.0964,1.0861,1.0819,1.0752,1.0711,1.0653,1.0642,1.0419,1.0548,1.0388,1.0527,1.0456,1.0366,1.0328,1.031,1.0132,1.0212,1.0724,1.0102,1.0618
Test loss: 1.7288,1.6429,1.537,1.557,1.5059,1.4555,1.5169,1.4459,1.4176,1.4162,1.4273,1.4417,1.4188,1.5032,1.4164,1.3303,1.3454,1.3221,1.3155,1.279,1.288,1.2583,1.279,1.2861,1.2936,1.2761,1.2936,1.2797,1.3079,1.2966,1.3267,1.3198,1.3112,1.3405,1.3231,1.3535,1.3523,1.4329,1.373,1.477
Train accuracy: 28.9,32.0,36.2,39.4,43.2,45.1,46.5,48.1,49.3,49.9,50.1,51.7,51.4,51.8,51.8,52.5,53.6,53.2,54.2,54.8,55.0,54.9,55.7,55.8,55.6,55.6,55.7,56.6,55.5,56.8,56.1,56.5,56.9,57.2,56.9,57.1,57.5,54.8,57.5,55.5
Test accuracy: 28.7,32.0,36.1,39.1,42.8,44.5,45.5,46.8,48.0,48.8,48.9,50.4,49.9,50.3,50.1,50.6,51.8,51.5,52.3,52.5,52.4,52.9,53.1,53.2,52.9,53.1,53.0,53.6,52.7,53.5,52.8,53.2,53.7,53.7,53.5,53.2,54.1,51.5,54.2,52.3
Rank: 6,7,7,7,7,8,8,8,8,8,8,8,8,8,8,8,8,8,8,8,8,8,8,8,8,8,8,8,8,8,8,8,8,8,8,8,8,8,8,8
Seed 10/10
Train loss: 1.7715,1.5609,1.4512,1.3905,1.3536,1.297,1.2716,1.2416,1.2169,1.1839,1.172,1.1558,1.1332,1.1327,1.1219,1.1122,1.102,1.0937,1.083,1.0796,1.0688,1.0627,1.0585,1.055,1.048,1.0444,1.0443,1.0352,1.0353,1.0284,1.028,1.0253,1.0177,1.0124,1.0118,1.0083,1.0145,1.0064,1.009,0.9964
Test loss: 1.7724,1.5714,1.4715,1.4203,1.3941,1.3475,1.3361,1.316,1.3037,1.2798,1.2815,1.2809,1.2631,1.2809,1.2782,1.2854,1.2719,1.2724,1.2744,1.2854,1.2731,1.275,1.2873,1.3064,1.2927,1.3066,1.3056,1.3207,1.309,1.3273,1.3166,1.3416,1.3412,1.3267,1.3366,1.3531,1.3767,1.3692,1.3488,1.3624
Train accuracy: 23.2,29.4,37.1,40.0,42.9,46.7,48.3,49.4,50.1,50.8,51.5,52.9,53.4,54.4,54.4,55.1,54.8,55.9,57.0,56.9,57.0,57.2,57.2,58.1,57.6,58.0,58.2,58.9,58.0,59.1,58.5,58.9,59.2,58.8,59.1,59.5,59.3,59.8,58.9,59.7
Test accuracy: 23.2,29.4,37.6,39.8,42.6,46.0,47.4,48.6,49.2,49.6,50.4,51.3,51.7,52.9,52.3,53.2,52.6,53.8,54.6,54.6,54.3,54.6,54.4,55.5,54.6,54.8,54.9,55.4,54.4,55.8,54.7,55.6,55.2,54.9,55.8,55.4,55.3,55.8,55.2,55.6
Rank: 7,7,7,8,8,9,9,10,10,10,10,10,10,10,10,10,10,10,10,10,10,10,10,10,10,10,10,10,10,10,10,10,10,10,10,10,10,10,10,10
