Seed 1/10
Train loss: 1.2962,1.1408,0.8217,0.6778,0.6148,0.5637,0.5338,0.5017,0.4149,0.3629,0.3386,0.3223,0.3168,0.2969,0.2987,0.2924,0.2731,0.2776,0.2739,0.2574,0.2504,0.2523,0.2563,0.2523,0.2448,0.2447,0.2373,0.2381,0.2301,0.2407,0.2528,0.2353,0.2286,0.2342,0.2402,0.2312,0.2217,0.2257,0.2248,0.2181
Test loss: 1.2957,1.1477,0.8226,0.6801,0.6319,0.5813,0.5623,0.5354,0.4497,0.4067,0.3947,0.38,0.3822,0.3668,0.3812,0.384,0.3611,0.3615,0.3693,0.3594,0.3517,0.3541,0.366,0.3632,0.3629,0.3647,0.3533,0.362,0.3513,0.3588,0.3754,0.3659,0.3614,0.3573,0.3659,0.3733,0.3544,0.36,0.3583,0.3569
Train accuracy: 51.7,58.1,70.7,74.2,75.2,76.4,76.9,82.0,84.6,85.4,85.9,85.9,85.9,86.5,86.5,86.5,87.1,86.9,86.8,87.3,87.5,87.4,87.3,87.5,87.6,87.8,87.8,87.7,87.9,87.7,87.3,87.8,87.9,87.8,87.6,88.0,88.2,88.1,88.0,88.2
Test accuracy: 52.0,58.5,71.0,74.0,74.8,75.9,76.1,81.6,83.7,84.3,84.8,84.7,84.3,84.4,84.5,84.3,85.1,84.9,84.5,84.9,85.2,84.9,84.6,85.0,84.9,84.9,85.1,85.2,85.3,85.0,84.8,84.7,85.2,84.9,84.9,84.8,85.4,85.3,85.1,85.5
Rank: 9,10,10,10,10,10,10,10,10,10,10,10,10,10,10,10,10,10,10,10,10,10,10,10,10,10,10,10,10,10,10,10,10,10,10,10,10,10,10,10
Seed 2/10
Train loss: 1.3811,0.9673,0.8277,0.7035,0.6463,0.5575,0.499,0.4772,0.4451,0.425,0.4075,0.3901,0.3984,0.3671,0.3532,0.3602,0.3553,0.3393,0.3318,0.3149,0.3072,0.3108,0.3008,0.2951,0.2778,0.2771,0.3034,0.2723,0.2651,0.2668,0.2652,0.2561,0.2606,0.2506,0.2648,0.2509,0.2566,0.252,0.2386,0.2391
Test loss: 1.3715,0.9585,0.826,0.7056,0.6535,0.5669,0.5143,0.4927,0.4728,0.45,0.4406,0.4232,0.437,0.403,0.3974,0.402,0.3993,0.3908,0.391,0.3735,0.3682,0.3739,0.3687,0.3659,0.3475,0.348,0.3731,0.345,0.3443,0.3437,0.3471,0.3429,0.3525,0.349,0.3468,0.3535,0.3534,0.3555,0.3431,0.3436
Train accuracy: 54.4,64.4,69.9,73.8,76.9,79.8,81.4,82.0,82.6,83.4,83.6,83.9,83.5,84.4,84.9,84.4,84.5,84.9,85.3,85.6,85.9,85.8,85.9,86.1,86.4,86.2,85.7,86.5,86.3,86.5,86.6,86.6,86.8,87.1,86.6,86.8,86.8,86.5,87.2,87.3
Test accuracy: 55.0,65.0,70.3,73.3,76.9,79.4,80.6,81.8,81.5,82.7,82.2,82.8,82.6,83.5,84.3,83.7,84.0,83.5,83.8,84.4,84.9,85.0,84.6,84.9,84.8,84.6,84.1,85.1,84.6,85.0,85.0,84.8,85.2,85.0,84.5,84.8,85.2,84.5,85.4,85.6
Rank: 9,10,10,10,10,10,10,10,10,10,10,10,10,10,10,10,10,10,10,10,10,10,10,10,10,10,10,10,10,10,10,10,10,10,10,10,10,10,10,10
Seed 3/10
Train loss: 0.911,0.6981,0.5711,0.4643,0.3936,0.3198,0.3475,0.2746,0.2437,0.2316,0.2286,0.2267,0.1881,0.1785,0.1884,0.1711,0.1585,0.1669,0.1531,0.1505,0.1488,0.1361,0.1386,0.1366,0.1258,0.1303,0.1212,0.1185,0.1167,0.1074,0.1134,0.1035,0.1141,0.1055,0.1095,0.1076,0.1012,0.0968,0.1039,0.0975
Test loss: 0.8948,0.6905,0.5776,0.4713,0.4117,0.3373,0.3749,0.3103,0.28,0.2695,0.2708,0.2665,0.242,0.2326,0.241,0.2302,0.2201,0.2253,0.2223,0.2123,0.2186,0.2089,0.208,0.2079,0.2032,0.2107,0.2078,0.2046,0.1996,0.1961,0.2083,0.1953,0.2064,0.207,0.2036,0.1948,0.1986,0.1965,0.2026,0.2011
Train accuracy: 68.8,74.7,84.3,88.7,89.6,91.4,89.4,92.3,93.0,93.3,93.0,92.9,94.0,94.5,94.0,94.8,95.0,94.6,95.2,95.2,95.2,95.5,95.6,95.3,95.9,95.6,96.1,96.1,96.2,96.5,96.5,96.7,96.3,96.5,96.4,96.5,96.6,96.8,96.7,96.9
Test accuracy: 69.3,74.5,83.8,88.2,89.1,90.9,88.4,91.4,92.3,92.5,91.9,92.1,92.8,93.1,92.8,93.5,93.6,93.7,94.1,93.9,93.8,94.1,94.3,93.8,94.3,93.9,94.3,94.3,94.5,94.7,94.6,94.7,94.3,94.7,94.5,94.6,94.8,95.0,94.9,94.9
Rank: 10,10,10,10,10,10,10,10,10,10,10,10,10,10,10,10,10,10,10,10,10,10,10,10,10,10,10,10,10,10,10,10,10,10,10,10,10,10,10,10
Seed 4/10
Train loss: 1.0381,0.8084,0.69,0.6187,0.5452,0.5139,0.4727,0.4618,0.442,0.4023,0.3968,0.3678,0.3448,0.3098,0.2912,0.2888,0.2723,0.2507,0.2384,0.2229,0.2167,0.2126,0.2328,0.1995,0.2118,0.1938,0.1775,0.1794,0.1803,0.1609,0.1612,0.1688,0.16,0.1554,0.1621,0.1528,0.1405,0.1506,0.1452,0.1379
Test loss: 1.0392,0.8103,0.6997,0.6236,0.5644,0.5418,0.4993,0.4979,0.4805,0.4465,0.4365,0.412,0.3877,0.3604,0.3445,0.338,0.324,0.3141,0.2998,0.2916,0.2902,0.2791,0.317,0.2759,0.2956,0.274,0.2648,0.2678,0.2688,0.2562,0.2649,0.2674,0.2625,0.2563,0.2694,0.2593,0.2501,0.2611,0.2555,0.2494
Train accuracy: 60.4,72.5,75.7,79.0,81.0,82.7,83.9,83.8,85.6,86.2,87.3,89.0,90.4,91.5,92.1,92.6,92.3,93.4,93.7,93.9,94.0,94.3,93.2,94.4,94.0,94.5,95.1,95.0,94.8,95.3,95.4,95.0,95.4,95.5,95.1,95.7,96.0,95.4,95.8,96.0
Test accuracy: 60.4,72.4,75.2,78.8,80.0,81.8,83.5,83.2,84.6,85.0,86.1,88.0,89.5,90.3,91.2,91.4,91.3,92.0,92.5,92.4,92.8,92.7,91.9,93.0,92.2,92.9,93.1,93.0,93.0,93.2,93.3,93.0,93.2,93.3,92.8,93.4,93.5,93.3,93.3,93.6
Rank: 10,10,10,10,10,10,10,10,10,10,10,10,10,10,10,10,10,10,10,10,10,10,10,10,10,10,10,10,10,10,10,10,10,10,10,10,10,10,10,10
Seed 5/10
Train loss: 1.1629,0.7459,0.5741,0.4885,0.443,0.3854,0.3197,0.2654,0.2472,0.2101,0.1972,0.1872,0.1774,0.1588,0.1705,0.1481,0.1434,0.1357,0.1318,0.127,0.1222,0.1157,0.1173,0.11,0.1168,0.1073,0.1016,0.1012,0.1025,0.0971,0.0967,0.0944,0.0945,0.0947,0.0922,0.0922,0.0868,0.0832,0.0812,0.0838
Test loss: 1.1602,0.738,0.5755,0.4925,0.46,0.3986,0.3428,0.2899,0.2767,0.2481,0.2412,0.2396,0.2354,0.2147,0.2291,0.2145,0.213,0.2058,0.2057,0.2032,0.2025,0.2003,0.2065,0.2016,0.2144,0.2055,0.1962,0.2085,0.2111,0.2066,0.2062,0.2109,0.2077,0.2149,0.199,0.2131,0.2017,0.2154,0.2049,0.2033
Train accuracy: 54.8,77.5,81.3,83.8,85.2,88.7,92.1,93.2,93.6,94.4,94.5,94.8,95.1,95.5,95.0,95.7,95.9,95.9,96.2,96.2,96.4,96.5,96.4,96.6,96.5,96.7,96.8,96.9,96.9,97.0,97.0,97.0,97.0,97.0,97.2,97.1,97.4,97.4,97.5,97.4
Test accuracy: 54.8,77.8,81.5,84.1,85.0,88.3,91.3,92.6,93.3,93.6,93.7,93.6,93.8,94.3,93.8,94.4,94.2,94.4,94.6,94.5,94.4,94.7,94.3,94.6,94.4,94.7,94.7,94.6,94.6,94.5,94.6,94.4,94.6,94.5,94.5,94.4,94.8,94.5,94.7,94.7
Rank: 9,10,10,10,10,10,10,10,10,10,10,10,10,10,10,10,10,10,10,10,10,10,10,10,10,10,10,10,10,10,10,10,10,10,10,10,10,10,10,10
Seed 6/10
Train loss: 1.6414,0.9612,0.5821,0.4931,0.4224,0.3697,0.3425,0.3007,0.2856,0.2697,0.2575,0.2493,0.2242,0.2186,0.2103,0.2094,0.2022,0.1966,0.1723,0.1678,0.1957,0.1585,0.1606,0.1538,0.1511,0.1396,0.1452,0.1391,0.1319,0.1355,0.1375,0.1425,0.1264,0.1215,0.1224,0.1221,0.1202,0.1197,0.1232,0.1261
Test loss: 1.6373,0.9608,0.5858,0.5065,0.4466,0.4074,0.3884,0.3518,0.3483,0.3392,0.3371,0.329,0.3137,0.3136,0.3164,0.3278,0.3212,0.3131,0.3042,0.2982,0.332,0.2928,0.2901,0.2988,0.2953,0.2913,0.3037,0.3009,0.2893,0.3006,0.3053,0.3121,0.3003,0.306,0.2985,0.3068,0.2903,0.3026,0.3048,0.309
Train accuracy: 49.7,77.6,88.6,89.2,90.8,91.9,92.4,93.5,93.8,93.9,94.2,94.4,95.1,95.0,95.4,95.2,95.4,95.6,96.2,96.2,94.9,96.3,96.2,96.4,96.4,96.8,96.5,96.8,97.1,96.8,96.7,96.5,97.0,97.2,97.2,97.2,97.3,97.3,97.1,97.0
Test accuracy: 50.2,77.3,88.4,88.7,89.9,90.9,91.1,91.8,91.9,91.9,92.2,92.2,92.7,92.6,92.5,92.4,92.4,92.9,92.7,93.0,91.8,93.1,93.0,92.7,92.7,92.9,92.7,92.7,93.1,92.4,92.6,92.4,92.7,92.8,92.7,92.6,93.1,92.9,92.7,92.8
Rank: 10,10,10,10,10,10,10,10,10,10,10,10,10,10,10,10,10,10,10,10,10,10,10,10,10,10,10,10,10,10,10,10,10,10,10,10,10,10,10,10
Seed 7/10
Train loss: 1.4095,0.9235,0.7492,0.6724,0.6257,0.6068,0.5742,0.5475,0.5289,0.5169,0.5055,0.4984,0.4895,0.4819,0.4784,0.4713,0.4619,0.4651,0.4571,0.4583,0.4203,0.3779,0.354,0.3431,0.339,0.3246,0.3218,0.3311,0.3247,0.3106,0.3081,0.317,0.2998,0.2956,0.3048,0.2997,0.289,0.2851,0.2865,0.2896
Test loss: 1.4137,0.9365,0.7678,0.698,0.6588,0.6422,0.6231,0.6046,0.5898,0.5773,0.5778,0.5739,0.5659,0.5653,0.5682,0.5581,0.5545,0.5588,0.55,0.5499,0.5135,0.472,0.4509,0.448,0.4404,0.4348,0.4315,0.4406,0.4269,0.4256,0.43,0.4347,0.421,0.4198,0.4187,0.4215,0.4137,0.4207,0.4279,0.4164
Train accuracy: 51.8,68.5,71.8,73.7,74.0,74.5,75.1,75.4,75.5,76.3,76.4,76.6,77.0,76.9,76.8,77.1,77.5,77.4,78.5,77.7,83.2,84.7,85.5,85.7,85.5,85.3,85.5,85.1,85.5,86.2,86.1,85.9,85.9,85.8,86.2,85.7,86.4,86.7,86.6,86.6
Test accuracy: 51.4,68.2,71.3,72.7,72.8,73.5,73.6,73.4,73.7,74.7,74.3,74.5,74.6,74.7,74.5,74.9,74.8,75.1,76.0,75.2,80.7,81.9,82.6,82.7,82.5,82.4,82.7,82.2,82.7,83.3,82.9,82.9,83.2,82.9,82.9,82.9,83.0,83.3,83.6,83.3
Rank: 9,10,10,10,10,10,10,10,10,10,10,10,10,10,10,10,10,10,10,10,10,10,10,10,10,10,10,10,10,10,10,10,10,10,10,10,10,10,10,10
Seed 8/10
Train loss: 1.2221,0.9426,0.8451,0.7324,0.6646,0.6201,0.5744,0.5456,0.5139,0.5067,0.4959,0.4846,0.4684,0.4609,0.4547,0.4492,0.4458,0.4397,0.4349,0.3452,0.3142,0.2888,0.2769,0.2622,0.257,0.2524,0.2465,0.2398,0.2365,0.2442,0.2381,0.2311,0.228,0.2277,0.229,0.2282,0.2209,0.2213,0.2236,0.2183
Test loss: 1.2247,0.9484,0.8556,0.7426,0.6798,0.6405,0.5995,0.5761,0.5517,0.5426,0.5289,0.5245,0.5138,0.5123,0.5066,0.4996,0.5039,0.5007,0.4966,0.4026,0.3734,0.3524,0.3417,0.324,0.3259,0.3287,0.3219,0.3208,0.3197,0.3268,0.3203,0.3213,0.3126,0.313,0.3264,0.3225,0.3122,0.3199,0.3121,0.3107
Train accuracy: 53.0,63.9,67.5,72.0,73.2,73.9,75.0,75.6,76.1,76.2,76.3,76.4,76.8,77.0,77.0,77.2,77.4,77.5,80.4,85.7,86.0,86.5,86.6,87.2,87.3,87.5,87.3,87.3,88.1,87.9,88.0,88.4,88.2,88.8,88.6,89.0,88.7,89.1,89.1,89.7
Test accuracy: 52.3,64.2,67.5,71.2,72.1,73.1,73.9,74.2,74.7,74.8,75.0,75.0,75.3,75.5,75.4,75.8,75.7,76.0,79.4,84.5,85.0,85.0,85.0,85.4,85.3,84.9,85.4,85.6,85.8,85.5,85.9,85.9,85.9,86.2,86.2,86.3,86.2,86.4,86.4,87.2
Rank: 9,10,10,10,10,10,10,10,10,10,10,10,10,10,10,10,10,10,10,10,10,10,10,10,10,10,10,10,10,10,10,10,10,10,10,10,10,10,10,10
Seed 9/10
Train loss: 1.0622,0.8532,0.6441,0.5093,0.3959,0.3275,0.308,0.2588,0.2233,0.2141,0.2031,0.1891,0.1798,0.1743,0.1672,0.1523,0.1469,0.1483,0.1407,0.1543,0.1381,0.1289,0.129,0.1286,0.1228,0.125,0.1228,0.1114,0.1151,0.1119,0.109,0.0999,0.1037,0.1045,0.1051,0.1104,0.0951,0.0967,0.108,0.0921
Test loss: 1.0528,0.8483,0.6418,0.5065,0.402,0.3501,0.3254,0.2931,0.2706,0.2613,0.2479,0.2444,0.2438,0.2411,0.2389,0.2298,0.2247,0.2307,0.2241,0.2395,0.2284,0.2223,0.2256,0.2199,0.2272,0.2261,0.2373,0.2211,0.2214,0.2291,0.2258,0.2265,0.2229,0.2265,0.2264,0.2368,0.2253,0.2271,0.2392,0.2304
Train accuracy: 60.5,70.3,80.4,87.7,90.7,91.9,92.2,93.1,94.0,94.1,94.3,94.7,94.9,94.9,95.1,95.5,95.6,95.5,95.8,95.2,95.8,96.0,96.1,96.2,96.2,96.0,96.1,96.5,96.4,96.6,96.6,96.8,96.8,96.6,96.8,96.6,96.9,96.9,96.7,97.1
Test accuracy: 60.4,70.2,80.8,87.8,90.7,91.4,91.8,92.4,92.8,92.8,93.0,93.2,93.3,93.3,93.3,93.5,94.0,93.5,93.7,93.3,93.9,94.0,93.7,94.0,93.9,93.7,93.7,94.1,94.1,94.0,94.2,93.9,94.1,93.9,93.9,93.7,94.0,94.0,93.7,93.9
Rank: 10,10,10,10,10,10,10,10,10,10,10,10,10,10,10,10,10,10,10,10,10,10,10,10,10,10,10,10,10,10,10,10,10,10,10,10,10,10,10,10
Seed 10/10
Train loss: 1.5327,1.2465,0.976,0.8449,0.7939,0.7604,0.7292,0.7141,0.6951,0.6841,0.6792,0.6675,0.6549,0.6525,0.6415,0.6406,0.6403,0.6264,0.6217,0.5984,0.5415,0.4985,0.472,0.4576,0.4504,0.4399,0.4374,0.4284,0.4247,0.4295,0.4189,0.4139,0.4101,0.4091,0.4065,0.4057,0.4043,0.4002,0.4011,0.4026
Test loss: 1.5319,1.2516,0.9891,0.8718,0.8189,0.79,0.7751,0.7636,0.7541,0.7405,0.74,0.7283,0.7262,0.726,0.7194,0.7209,0.7242,0.712,0.7165,0.6873,0.6436,0.5823,0.5657,0.5592,0.5583,0.551,0.557,0.5542,0.5485,0.5639,0.5567,0.5555,0.5618,0.5542,0.5574,0.5654,0.5574,0.5623,0.5605,0.5681
Train accuracy: 47.8,54.7,64.9,67.1,67.3,67.8,68.4,68.5,68.8,68.9,69.1,69.2,69.5,69.3,69.6,69.6,69.6,70.2,70.3,73.5,76.8,77.1,77.8,78.2,78.3,78.6,78.6,78.9,79.1,78.9,79.1,79.3,79.4,79.4,79.7,79.6,79.4,79.8,79.6,80.0
Test accuracy: 47.6,55.1,65.3,67.1,67.2,67.8,67.8,67.9,68.0,68.3,68.4,68.4,68.5,68.3,68.7,68.5,68.5,69.0,68.8,72.2,74.8,75.7,76.2,76.2,76.2,76.7,76.6,76.9,77.0,76.7,76.4,76.8,76.8,76.5,77.0,76.7,76.5,76.8,76.7,77.1
Rank: 9,10,10,9,9,9,9,9,9,10,10,10,10,10,10,10,10,10,10,10,10,10,10,10,10,10,10,10,10,10,10,10,10,10,10,10,10,10,10,10
