Seed 1/10
Train loss: 2.3149,2.3029,2.3014,2.3012,2.3012,2.3012,2.3012,2.3012,2.3012,2.3012,2.3012,2.3012,2.3012,2.3012,2.3012,2.3012,2.3012,2.3012,2.3012,2.3012,2.3012,2.3012,2.3012,2.3012,2.3012,2.3012,2.3012,2.3012,2.3012,2.3012,2.3012,2.3012,2.3012,2.3012,2.3012,2.3012,2.3012,2.3012,2.3012,2.3012
Test loss: 2.3158,2.3031,2.3014,2.3012,2.3011,2.3011,2.301,2.3011,2.301,2.301,2.3011,2.301,2.301,2.3011,2.3011,2.301,2.301,2.301,2.301,2.3011,2.3011,2.3011,2.301,2.3011,2.301,2.301,2.3011,2.3011,2.301,2.3011,2.301,2.301,2.301,2.301,2.3011,2.3011,2.3011,2.3011,2.3011,2.3011
Train accuracy: 10.4,11.2,11.2,11.2,11.2,11.2,11.2,11.2,11.2,11.2,11.2,11.2,11.2,11.2,11.2,11.2,11.2,11.2,11.2,11.2,11.2,11.2,11.2,11.2,11.2,11.2,11.2,11.2,11.2,11.2,11.2,11.2,11.2,11.2,11.2,11.2,11.2,11.2,11.2,11.2
Test accuracy: 10.3,11.3,11.3,11.3,11.3,11.3,11.3,11.3,11.3,11.3,11.3,11.3,11.3,11.3,11.3,11.3,11.3,11.3,11.3,11.3,11.3,11.3,11.3,11.3,11.3,11.3,11.3,11.3,11.3,11.3,11.3,11.3,11.3,11.3,11.3,11.3,11.3,11.3,11.3,11.3
Rank: 1,1,1,1,1,1,1,1,1,1,1,1,1,1,1,1,1,1,1,1,1,1,1,1,1,1,1,1,1,1,1,1,1,1,1,1,1,1,1,1
Seed 2/10
Train loss: 1.7831,1.5828,1.5001,1.4335,1.4093,1.37,1.346,1.3194,1.3095,1.2876,1.2732,1.2778,1.2629,1.2492,1.2582,1.2514,1.2444,1.242,1.2335,1.253,1.2361,1.2307,1.2336,1.2324,1.2213,1.2188,1.2307,1.2199,1.2128,1.2138,1.2103,1.2267,1.2132,1.1974,1.2097,1.2223,1.2389,1.1972,1.2038,1.2015
Test loss: 1.7944,1.5936,1.5142,1.4545,1.4337,1.3987,1.3736,1.3495,1.3436,1.3275,1.3177,1.3251,1.3151,1.3054,1.3165,1.3133,1.3052,1.3115,1.3033,1.3235,1.3143,1.3058,1.312,1.3166,1.3037,1.3073,1.3177,1.308,1.305,1.3061,1.3079,1.3249,1.3165,1.2931,1.3092,1.3257,1.34,1.3093,1.3105,1.3181
Train accuracy: 30.9,35.0,35.9,37.8,38.1,41.2,43.8,45.0,45.2,45.5,46.2,46.0,46.3,46.7,46.6,46.5,46.9,46.9,47.3,46.7,46.9,46.9,47.2,47.2,47.1,46.8,47.0,47.7,47.5,47.6,47.6,46.5,47.8,48.0,47.4,47.1,46.9,48.0,47.6,47.8
Test accuracy: 29.8,34.3,35.5,37.4,37.8,40.2,43.4,44.3,44.6,44.5,45.0,44.9,45.4,45.5,45.1,45.0,45.4,45.1,45.7,45.1,44.8,45.2,45.3,45.1,45.0,44.5,44.9,45.7,45.3,45.4,45.4,44.0,45.5,45.6,45.3,44.5,44.6,45.5,45.1,45.3
Rank: 7,7,5,7,7,7,7,7,7,7,8,8,8,8,8,8,8,8,8,8,8,9,9,9,9,9,9,9,9,9,9,9,9,8,9,9,9,9,8,8
Seed 3/10
Train loss: 1.9117,1.8044,1.742,1.7188,1.6977,1.686,1.6736,1.6564,1.5872,1.394,1.3453,1.2986,1.2779,1.2527,1.2499,1.233,1.2392,1.2272,1.2115,1.2047,1.2019,1.1896,1.1861,1.192,1.1816,1.1822,1.1837,1.176,1.179,1.1669,1.1645,1.1625,1.1626,1.1571,1.159,1.1623,1.1647,1.1507,1.1504,1.1634
Test loss: 1.9151,1.8069,1.7417,1.7266,1.7092,1.7005,1.6858,1.658,1.5911,1.4152,1.3648,1.3231,1.3039,1.2836,1.2799,1.2703,1.2766,1.2627,1.2556,1.2399,1.2512,1.2403,1.2427,1.25,1.2418,1.2419,1.2437,1.2438,1.2504,1.2417,1.2392,1.2401,1.2498,1.2393,1.2429,1.2396,1.2501,1.2396,1.2448,1.2576
Train accuracy: 20.4,30.2,30.0,30.6,30.9,31.3,31.3,33.3,35.9,41.0,42.0,45.0,46.3,47.2,47.1,47.5,46.7,47.1,47.7,48.4,48.0,48.5,48.8,48.8,48.8,48.6,49.0,49.1,48.5,49.2,49.2,49.3,49.1,49.2,49.4,49.2,49.4,49.5,49.7,49.5
Test accuracy: 19.9,29.9,30.5,30.4,30.7,31.0,31.0,33.6,35.8,41.3,42.4,44.9,46.1,46.6,46.5,47.1,46.4,46.6,47.0,47.6,47.2,47.7,47.8,47.7,47.7,47.8,47.8,47.7,47.3,47.7,47.8,47.9,47.5,47.6,47.8,47.9,47.8,47.7,48.1,47.7
Rank: 5,5,5,7,6,6,6,7,9,8,8,8,8,7,7,7,7,7,7,7,7,7,7,7,7,7,7,7,7,7,7,7,7,7,7,7,7,7,7,7
Seed 4/10
Train loss: 1.8106,1.6649,1.5824,1.5286,1.4827,1.453,1.3998,1.4021,1.3662,1.3315,1.3102,1.301,1.2846,1.2958,1.2863,1.251,1.2568,1.2493,1.2395,1.246,1.2289,1.2107,1.2151,1.1997,1.2199,1.2,1.1933,1.2142,1.1839,1.189,1.1725,1.1688,1.17,1.1619,1.1548,1.1639,1.1712,1.1656,1.1491,1.151
Test loss: 1.8175,1.6721,1.5992,1.5457,1.511,1.4988,1.4514,1.4657,1.4339,1.4089,1.3935,1.3876,1.3946,1.3984,1.396,1.3722,1.3909,1.3836,1.3777,1.3986,1.3691,1.3629,1.3795,1.3602,1.4082,1.3682,1.3861,1.4178,1.3835,1.3722,1.3627,1.3546,1.3654,1.3728,1.3625,1.3671,1.4156,1.4225,1.3799,1.3981
Train accuracy: 22.1,29.9,34.9,37.2,38.3,40.8,41.7,43.5,43.8,46.3,47.1,45.6,47.9,48.9,48.8,48.9,48.0,49.0,50.4,50.1,50.7,50.4,51.0,51.8,51.2,51.3,51.6,52.1,52.4,51.4,52.2,52.1,51.8,52.5,52.9,52.9,52.4,52.7,53.1,52.8
Test accuracy: 21.6,30.4,34.1,36.9,38.0,40.6,41.9,43.6,43.2,45.7,46.2,45.3,46.8,47.6,47.2,47.5,46.3,47.3,48.8,48.0,48.6,48.6,48.7,49.4,48.9,49.1,49.1,49.7,49.8,49.0,49.1,49.6,49.4,50.2,50.1,50.1,49.7,49.6,49.9,49.5
Rank: 8,7,8,8,8,8,8,8,8,8,8,8,8,8,8,8,8,8,8,8,8,8,8,8,9,9,9,9,9,8,9,9,8,9,8,9,8,9,8,8
Seed 5/10
Train loss: 1.7923,1.6008,1.4992,1.3946,1.3036,1.2349,1.1997,1.1738,1.1253,1.1105,1.0831,1.0672,1.0471,1.0382,1.0349,1.0136,1.0035,0.9987,0.992,0.9837,0.9849,0.9669,0.9766,0.9534,0.954,0.9583,0.9353,0.9497,0.9436,0.9385,0.9404,0.9439,0.9235,0.9456,0.9222,0.9269,0.9304,0.943,0.9167,0.9147
Test loss: 1.7863,1.5957,1.5086,1.41,1.3232,1.2561,1.2272,1.2084,1.1669,1.1639,1.1392,1.1281,1.1156,1.1074,1.1128,1.0975,1.0967,1.0896,1.0889,1.0807,1.0922,1.0775,1.0997,1.0773,1.0741,1.0777,1.0769,1.0868,1.0771,1.0805,1.0894,1.0883,1.0734,1.0879,1.0831,1.0917,1.0821,1.0953,1.0799,1.0765
Train accuracy: 25.9,34.6,37.6,41.7,43.0,46.4,50.5,52.6,56.3,56.3,57.8,58.7,59.0,59.6,59.6,60.3,60.1,60.2,60.9,60.7,61.1,61.0,60.4,61.7,61.5,61.0,62.0,61.3,61.9,62.3,62.3,61.2,62.5,61.3,62.4,62.2,61.8,61.4,62.6,62.4
Test accuracy: 25.6,34.4,37.5,40.8,42.2,45.9,49.9,51.6,54.7,54.5,55.9,56.3,56.9,57.5,57.0,57.5,57.7,58.1,58.3,58.2,58.4,58.3,57.3,58.9,58.8,58.1,58.5,58.0,58.8,58.9,58.9,57.9,58.9,58.1,58.8,58.3,58.6,58.4,58.9,59.1
Rank: 8,9,9,9,9,9,9,9,9,9,9,9,9,9,9,9,9,9,9,9,9,9,9,9,9,9,9,9,9,9,10,10,9,10,9,9,9,9,9,9
Seed 6/10
Train loss: 1.766,1.6365,1.5547,1.4924,1.4655,1.4303,1.4014,1.3753,1.304,1.2618,1.2333,1.2002,1.1794,1.169,1.1677,1.1312,1.1154,1.116,1.096,1.0904,1.1032,1.0974,1.073,1.0867,1.0778,1.0687,1.0541,1.0423,1.06,1.0572,1.0792,1.0294,1.0428,1.0348,1.0332,1.0465,1.0363,1.0198,1.039,1.0215
Test loss: 1.7612,1.6311,1.5598,1.5046,1.4773,1.4486,1.4283,1.3988,1.3208,1.2827,1.2577,1.2312,1.2193,1.2183,1.2208,1.1969,1.1862,1.19,1.184,1.183,1.1992,1.194,1.1763,1.1892,1.1852,1.197,1.1845,1.1731,1.1941,1.19,1.206,1.1863,1.1897,1.2029,1.2059,1.2062,1.1909,1.204,1.209,1.1985
Train accuracy: 30.9,30.9,38.5,37.6,37.0,40.6,43.4,45.5,44.9,44.8,49.5,50.3,50.5,49.7,50.7,51.6,51.9,52.4,53.2,53.4,52.6,53.0,54.0,53.1,53.8,54.6,54.9,54.8,54.8,54.1,53.0,55.2,54.5,54.9,55.3,54.5,54.6,55.5,54.8,55.4
Test accuracy: 31.2,30.4,37.5,37.5,37.1,41.0,43.6,45.5,44.3,44.6,48.8,49.5,49.7,48.9,50.0,50.5,51.1,51.3,51.8,52.1,51.3,51.8,52.6,51.8,52.4,52.6,52.7,52.9,52.9,52.1,51.5,53.0,52.6,52.6,52.7,52.6,52.8,53.1,52.5,52.6
Rank: 6,7,7,7,7,7,7,8,8,8,8,8,8,8,8,8,8,8,8,8,8,8,8,8,8,8,8,8,8,9,9,8,9,8,8,9,9,9,9,9
Seed 7/10
Train loss: 1.8297,1.6996,1.6404,1.5366,1.4692,1.4231,1.4059,1.3881,1.3864,1.3494,1.394,1.3287,1.3348,1.3161,1.3065,1.3144,1.2934,1.2796,1.2741,1.2733,1.2732,1.2734,1.2614,1.2716,1.2564,1.2447,1.2534,1.2485,1.2425,1.251,1.2493,1.2472,1.2296,1.2308,1.256,1.221,1.2146,1.2119,1.2167,1.213
Test loss: 1.83,1.7029,1.6522,1.5506,1.4926,1.4536,1.4387,1.4234,1.4176,1.3985,1.4304,1.3781,1.3896,1.3837,1.3786,1.3786,1.3767,1.368,1.3557,1.3657,1.3569,1.374,1.3732,1.3796,1.3633,1.3612,1.3649,1.3734,1.368,1.378,1.3601,1.3825,1.3618,1.3694,1.3825,1.374,1.361,1.367,1.3801,1.3687
Train accuracy: 21.6,33.6,34.8,38.4,39.0,41.0,41.6,41.6,42.2,43.4,42.0,44.1,44.1,44.6,44.9,44.7,45.7,46.0,46.1,46.1,45.9,46.0,46.6,46.3,46.5,46.9,46.6,46.8,47.0,46.6,46.4,46.6,47.2,47.1,46.0,47.7,47.7,47.9,47.5,47.5
Test accuracy: 21.3,33.7,34.4,38.1,38.6,40.8,41.5,41.1,41.9,42.6,41.3,43.5,43.6,43.4,43.8,43.7,44.4,45.0,44.7,44.5,44.2,44.5,44.7,44.9,44.9,45.0,44.9,45.0,44.9,44.6,44.5,44.4,45.1,44.8,44.1,45.5,45.5,45.6,45.1,45.0
Rank: 7,7,8,8,8,8,8,8,8,8,8,8,8,8,8,8,8,8,8,8,8,8,8,8,8,8,8,8,8,8,8,8,8,8,8,8,8,8,8,8
Seed 8/10
Train loss: 1.8021,1.6479,1.5434,1.4777,1.4432,1.4033,1.3861,1.3431,1.3183,1.3251,1.3034,1.2899,1.2754,1.2815,1.2661,1.2768,1.2632,1.2693,1.2677,1.2844,1.2431,1.2625,1.2823,1.2396,1.2331,1.2396,1.2284,1.2395,1.2382,1.2254,1.2262,1.2241,1.2201,1.2325,1.2149,1.2112,1.2008,1.2034,1.2178,1.2204
Test loss: 1.8012,1.6543,1.5477,1.4912,1.456,1.4206,1.4069,1.366,1.3522,1.3658,1.3429,1.3355,1.3247,1.3244,1.325,1.33,1.3173,1.3246,1.325,1.3538,1.313,1.3295,1.3496,1.3242,1.3099,1.3194,1.3065,1.3241,1.3127,1.3154,1.3074,1.3166,1.3167,1.3269,1.3206,1.312,1.307,1.2993,1.3101,1.328
Train accuracy: 24.5,25.2,34.0,35.1,35.9,40.5,42.0,43.9,45.1,44.3,45.3,45.5,45.6,45.4,45.7,45.4,45.8,45.6,45.8,45.1,46.2,45.6,45.1,46.7,46.6,46.4,46.9,46.7,46.3,46.8,47.2,47.0,47.4,46.9,47.2,47.6,47.9,47.6,46.9,47.2
Test accuracy: 24.5,25.0,33.8,35.0,35.6,40.4,41.8,43.7,44.7,43.5,44.8,44.6,45.0,44.5,44.9,44.3,45.0,44.7,44.9,43.7,44.9,44.6,43.8,45.4,45.1,45.1,45.1,45.3,44.9,45.1,45.7,44.8,45.4,45.0,45.2,45.8,45.7,45.5,45.0,45.0
Rank: 6,7,7,7,8,8,8,8,7,8,8,8,8,8,8,8,8,8,8,9,8,8,9,9,9,9,9,9,9,9,9,9,9,9,9,9,9,9,9,9
Seed 9/10
Train loss: 1.7684,1.6147,1.4928,1.4158,1.3595,1.3216,1.2825,1.2657,1.23,1.2519,1.1928,1.1825,1.1666,1.1468,1.1365,1.1269,1.1175,1.1006,1.1047,1.0894,1.0831,1.076,1.069,1.0511,1.047,1.0533,1.0385,1.0281,1.0456,1.0199,1.0025,1.0061,0.9917,0.9754,0.9895,0.9881,0.9944,0.9925,0.9746,0.9663
Test loss: 1.7658,1.6092,1.4998,1.4175,1.3684,1.3261,1.2824,1.2714,1.2562,1.2702,1.2136,1.2131,1.1921,1.181,1.1702,1.174,1.1636,1.1447,1.1615,1.1515,1.1431,1.1366,1.142,1.1256,1.1201,1.1314,1.1311,1.1159,1.1456,1.1283,1.0967,1.1104,1.1015,1.0882,1.1152,1.1253,1.1368,1.1307,1.1181,1.1082
Train accuracy: 28.3,34.2,39.8,38.7,39.8,42.4,43.3,46.7,48.0,46.1,50.3,48.4,48.5,51.1,49.5,50.4,52.1,51.0,54.0,54.4,55.2,55.6,55.4,56.3,57.0,55.3,57.3,56.6,55.4,57.7,58.8,57.7,58.4,58.9,58.4,58.6,57.4,58.1,59.5,59.3
Test accuracy: 28.7,34.7,39.7,38.6,39.8,43.8,44.6,47.5,47.6,46.6,50.2,47.7,48.0,50.8,49.4,49.8,51.4,50.7,52.9,53.1,54.2,54.2,54.0,54.7,55.6,53.8,55.4,54.9,53.4,55.6,57.3,56.3,56.5,56.4,56.7,56.2,54.7,55.7,57.5,57.0
Rank: 8,9,9,9,8,8,8,8,8,9,8,8,9,9,9,9,9,9,9,9,9,9,9,9,9,9,9,9,9,9,9,9,9,9,9,9,9,9,9,8
Seed 10/10
Train loss: 1.704,1.4506,1.3498,1.2937,1.2413,1.1954,1.1113,1.0589,1.0486,0.9881,0.9739,0.9498,0.925,0.9094,0.9081,0.8957,0.8823,0.8721,0.8652,0.8571,0.8602,0.8465,0.8439,0.8294,0.8418,0.8212,0.8137,0.81,0.7927,0.8169,0.8173,0.791,0.7713,0.792,0.8012,0.7717,0.7789,0.7839,0.7796,0.7583
Test loss: 1.7046,1.4583,1.3599,1.3098,1.2639,1.2246,1.1464,1.0962,1.0863,1.0343,1.034,1.0098,0.9919,0.9863,0.9827,0.9799,0.9752,0.9654,0.9648,0.967,0.9664,0.9561,0.9609,0.958,0.9688,0.9627,0.9589,0.9636,0.9468,0.978,0.975,0.9495,0.9457,0.9616,0.9764,0.9595,0.9544,0.9676,0.9809,0.953
Train accuracy: 24.4,39.8,43.7,45.3,47.5,52.2,60.1,60.7,59.0,62.8,62.9,64.2,63.7,65.0,64.5,63.1,63.8,66.0,65.0,67.4,67.3,69.2,69.2,69.8,69.7,70.5,70.5,70.6,71.1,70.7,70.4,71.7,72.4,72.0,71.6,73.1,72.8,72.7,71.6,72.1
Test accuracy: 24.1,40.1,43.6,45.0,47.0,51.2,59.1,59.2,58.3,60.9,61.0,61.7,61.5,62.5,62.4,60.0,61.0,63.3,62.1,64.0,64.0,65.6,65.5,66.1,66.1,66.0,66.1,65.7,66.3,66.3,65.6,66.6,67.5,67.5,66.6,67.7,67.7,67.5,66.5,66.9
Rank: 9,10,9,8,10,10,10,10,10,10,10,10,10,10,10,10,10,10,10,10,10,10,10,10,10,10,10,10,10,10,10,10,10,10,10,10,10,10,10,10
