Seed 1/10
Train loss: 1.6898,1.579,1.5435,1.4538,1.4509,1.4256,1.3779,1.3727,1.3504,1.328,1.3183,1.3154,1.2994,1.3184,1.2777,1.2661,1.2579,1.2796,1.2519,1.2297,1.2232,1.223,1.214,1.254,1.2025,1.1949,1.1908,1.1869,1.1853,1.1787,1.188,1.1704,1.1703,1.1736,1.1718,1.1539,1.1552,1.1516,1.1461,1.1447
Test loss: 1.6903,1.5786,1.5475,1.4603,1.4538,1.4368,1.3911,1.3905,1.3696,1.3483,1.3405,1.3396,1.3256,1.3406,1.3081,1.3014,1.297,1.3114,1.2829,1.2709,1.2711,1.2674,1.2608,1.2908,1.2546,1.2557,1.2475,1.2498,1.249,1.2394,1.2519,1.2324,1.2328,1.2443,1.24,1.2281,1.2318,1.2344,1.225,1.2246
Train accuracy: 30.0,33.4,31.5,38.2,37.3,38.0,42.5,39.0,44.2,45.1,46.1,45.0,48.1,47.8,48.2,49.5,50.1,46.8,49.4,51.7,51.8,51.6,51.2,49.2,51.9,51.9,51.9,52.4,52.3,52.1,51.6,52.7,52.1,51.8,52.3,53.1,52.7,53.3,53.3,53.2
Test accuracy: 30.2,34.0,30.8,38.3,36.5,37.5,41.8,38.1,44.0,45.0,46.0,44.1,47.4,46.9,47.3,48.8,48.7,46.2,48.4,50.1,50.0,50.2,49.3,48.3,50.2,49.9,50.0,50.0,50.0,49.9,49.7,50.4,50.0,49.5,50.3,50.9,50.1,50.6,50.8,50.5
Seed 2/10
Train loss: 1.6461,1.535,1.4797,1.4405,1.4114,1.3925,1.3774,1.3722,1.3501,1.3384,1.3377,1.3211,1.325,1.3072,1.3023,1.2932,1.2885,1.2982,1.2763,1.2725,1.2669,1.2662,1.2691,1.2651,1.255,1.2404,1.229,1.2486,1.2382,1.2243,1.2171,1.2184,1.2267,1.2173,1.2206,1.2058,1.2142,1.2039,1.192,1.1941
Test loss: 1.6513,1.5439,1.4897,1.4567,1.428,1.4132,1.3993,1.3888,1.3734,1.3628,1.3635,1.3497,1.3564,1.3418,1.3373,1.3269,1.3248,1.3368,1.3161,1.3127,1.3132,1.3096,1.3138,1.3129,1.3066,1.2987,1.2877,1.3014,1.2979,1.2886,1.2879,1.2841,1.2959,1.288,1.2953,1.2705,1.2892,1.2746,1.2695,1.2747
Train accuracy: 32.0,37.2,37.8,38.6,39.2,39.5,41.7,40.1,40.9,41.9,41.7,42.1,41.0,42.1,42.6,44.7,43.5,42.7,43.4,44.7,45.1,45.2,46.1,45.2,47.2,48.4,49.5,47.9,48.7,49.5,49.8,49.5,49.0,49.7,48.7,49.9,48.5,49.8,50.5,50.4
Test accuracy: 31.6,36.8,37.7,38.4,39.0,39.0,41.5,39.8,40.5,41.8,41.5,41.8,40.8,41.9,42.1,44.3,42.9,42.0,43.1,44.6,44.8,44.7,45.7,44.5,46.0,46.9,48.2,46.8,47.3,47.8,48.2,47.8,47.5,48.3,47.1,48.5,46.9,48.2,48.7,48.9
Seed 3/10
Train loss: 0.9805,0.6779,0.551,0.4709,0.4161,0.3628,0.3454,0.3202,0.2939,0.2898,0.272,0.2713,0.2528,0.2534,0.255,0.2248,0.2199,0.2141,0.2061,0.2329,0.2183,0.2027,0.1848,0.2034,0.1951,0.1924,0.1778,0.1815,0.1715,0.1649,0.1625,0.1727,0.1634,0.1633,0.1543,0.1549,0.1684,0.1414,0.15,0.1684
Test loss: 0.9741,0.6892,0.5684,0.4967,0.4457,0.4085,0.3917,0.3819,0.3551,0.3568,0.341,0.3536,0.3297,0.3356,0.3469,0.3119,0.3128,0.3215,0.317,0.3433,0.3167,0.3144,0.3027,0.3294,0.3276,0.3288,0.318,0.328,0.318,0.3119,0.3117,0.333,0.3193,0.3239,0.3276,0.3351,0.3507,0.3245,0.3336,0.3476
Train accuracy: 67.0,78.5,82.1,87.6,89.1,90.5,90.9,91.4,91.9,91.9,92.5,92.3,92.8,92.8,92.7,93.7,93.8,93.9,94.1,93.1,93.7,94.2,94.7,94.0,94.3,94.3,94.9,94.8,95.2,95.4,95.4,95.1,95.3,95.3,95.7,95.6,95.2,96.0,95.8,95.2
Test accuracy: 66.8,77.8,81.5,86.7,87.9,89.3,89.3,89.7,90.4,90.1,90.8,90.3,91.0,90.9,90.8,91.4,91.4,91.7,91.7,91.1,91.4,91.7,91.9,91.1,91.4,91.4,91.8,91.5,91.8,92.0,92.0,91.4,92.0,92.0,92.0,91.9,91.4,91.9,91.9,91.7
Seed 4/10
Train loss: 0.9831,0.657,0.535,0.4871,0.4328,0.3892,0.3671,0.3414,0.321,0.3024,0.3206,0.2963,0.2753,0.2749,0.2547,0.2616,0.248,0.2385,0.224,0.2341,0.2229,0.2137,0.2215,0.2001,0.2309,0.2004,0.201,0.2052,0.2128,0.2201,0.1846,0.1878,0.1801,0.1699,0.1801,0.1941,0.1993,0.1712,0.1805,0.1661
Test loss: 0.9811,0.6712,0.5626,0.5195,0.4754,0.431,0.4137,0.3889,0.3789,0.3596,0.3807,0.3637,0.3509,0.3513,0.3375,0.3529,0.3445,0.3269,0.3212,0.3432,0.331,0.3243,0.3396,0.3218,0.3597,0.3293,0.3307,0.3391,0.3595,0.3661,0.3454,0.3387,0.3415,0.327,0.3351,0.3613,0.3684,0.3387,0.3545,0.3289
Train accuracy: 62.3,78.6,86.4,87.7,89.0,90.0,90.3,90.9,91.5,92.0,91.2,91.7,92.6,92.3,93.1,92.8,93.2,93.6,93.8,93.5,93.9,94.1,93.7,94.6,93.3,94.5,94.4,94.3,94.2,93.9,94.9,94.9,95.0,95.4,94.9,94.3,94.6,95.2,94.9,95.3
Test accuracy: 62.0,78.6,86.0,87.1,88.3,89.2,89.3,89.6,90.1,90.6,90.0,90.2,90.8,90.9,91.3,90.8,91.3,91.5,91.9,91.2,91.6,91.8,91.2,92.0,90.6,91.9,91.7,91.6,91.3,90.6,91.5,91.9,91.6,92.2,91.8,91.5,91.7,91.8,91.5,92.1
Seed 5/10
Train loss: 0.8024,0.5526,0.4715,0.3668,0.3253,0.289,0.2618,0.2563,0.2352,0.2291,0.2214,0.2122,0.1983,0.1947,0.1841,0.1925,0.1781,0.1686,0.1661,0.1646,0.1672,0.1604,0.1743,0.149,0.1506,0.1677,0.1527,0.1364,0.1566,0.1507,0.1537,0.1824,0.1406,0.1345,0.1342,0.1491,0.1371,0.1354,0.1305,0.1382
Test loss: 0.7917,0.5508,0.4818,0.3864,0.3502,0.3207,0.299,0.3037,0.2897,0.2836,0.2843,0.2763,0.2767,0.274,0.2714,0.2831,0.27,0.2624,0.2704,0.2664,0.2845,0.2833,0.3058,0.2782,0.2804,0.3096,0.2998,0.2785,0.302,0.3101,0.313,0.33,0.308,0.3088,0.3001,0.3217,0.3143,0.3218,0.3078,0.3192
Train accuracy: 76.8,87.5,89.1,91.1,91.4,92.1,92.8,92.9,93.4,93.6,93.7,94.0,94.3,94.3,94.7,94.4,94.8,95.2,95.2,95.2,95.2,95.4,94.9,95.7,95.7,95.0,95.5,96.1,95.2,95.6,95.4,94.6,95.9,96.0,96.1,95.7,96.0,95.9,96.2,96.0
Test accuracy: 77.3,87.6,88.5,90.5,90.5,91.2,91.7,91.6,91.9,92.1,92.0,92.2,92.2,92.3,92.4,92.1,92.3,92.6,92.6,92.8,92.5,92.3,91.7,92.7,92.5,91.7,92.4,92.9,92.1,92.4,92.0,91.5,92.3,92.4,92.7,92.3,92.4,92.0,92.5,92.2
Seed 6/10
Train loss: 2.3013,2.3012,2.3012,2.3012,2.3012,2.3012,2.3012,2.3012,2.3012,2.3012,2.3012,2.3012,2.3012,2.3012,2.3012,2.3012,2.3012,2.3012,2.3012,2.3012,2.3012,2.3012,2.3012,2.3012,2.3012,2.3012,2.3012,2.3012,2.3012,2.3012,2.3012,2.3012,2.3012,2.3012,2.3012,2.3012,2.3012,2.3012,2.3012,2.3012
Test loss: 2.3011,2.3011,2.3011,2.3011,2.3011,2.3011,2.3011,2.3011,2.3011,2.3011,2.3011,2.3011,2.3011,2.3011,2.3011,2.3011,2.3011,2.3011,2.3011,2.3011,2.3011,2.3011,2.3011,2.3011,2.3011,2.3011,2.3011,2.3011,2.3011,2.3011,2.3011,2.3011,2.3011,2.3011,2.3011,2.3011,2.3011,2.3011,2.3011,2.3011
Train accuracy: 11.2,11.2,11.2,11.2,11.2,11.2,11.2,11.2,11.2,11.2,11.2,11.2,11.2,11.2,11.2,11.2,11.2,11.2,11.2,11.2,11.2,11.2,11.2,11.2,11.2,11.2,11.2,11.2,11.2,11.2,11.2,11.2,11.2,11.2,11.2,11.2,11.2,11.2,11.2,11.2
Test accuracy: 11.3,11.3,11.3,11.3,11.3,11.3,11.3,11.3,11.3,11.3,11.3,11.3,11.3,11.3,11.3,11.3,11.3,11.3,11.3,11.3,11.3,11.3,11.3,11.3,11.3,11.3,11.3,11.3,11.3,11.3,11.3,11.3,11.3,11.3,11.3,11.3,11.3,11.3,11.3,11.3
Seed 7/10
Train loss: 0.9888,0.6479,0.5198,0.4153,0.3564,0.328,0.3006,0.2724,0.2563,0.2537,0.2438,0.2174,0.2162,0.2112,0.2016,0.1977,0.1927,0.1891,0.1834,0.1805,0.1828,0.1826,0.1808,0.1497,0.1728,0.1504,0.1649,0.1516,0.1433,0.1558,0.1536,0.1405,0.1329,0.1421,0.1427,0.1451,0.1426,0.1349,0.1307,0.1273
Test loss: 0.9967,0.6608,0.535,0.4391,0.3943,0.3706,0.3483,0.3317,0.3221,0.325,0.3246,0.3113,0.3144,0.317,0.3091,0.3165,0.3148,0.313,0.3165,0.3187,0.3225,0.3288,0.3278,0.3104,0.3216,0.3167,0.3254,0.3302,0.3181,0.3312,0.331,0.3263,0.3146,0.3341,0.3293,0.3443,0.3436,0.3396,0.3314,0.3305
Train accuracy: 68.4,85.5,87.9,90.3,91.7,91.9,92.6,93.2,93.6,93.5,93.9,94.6,94.5,94.6,94.9,95.0,95.1,95.1,95.3,95.4,95.3,95.3,95.4,96.3,95.6,96.3,95.7,96.1,96.5,96.1,96.1,96.5,96.7,96.4,96.4,96.3,96.3,96.6,96.7,96.8
Test accuracy: 68.0,85.3,87.8,90.0,91.0,91.2,92.0,92.2,92.6,92.3,92.4,92.6,92.4,92.3,92.6,92.3,92.6,92.5,92.6,92.7,92.7,92.5,92.4,92.9,92.4,92.8,92.5,92.7,92.8,92.6,92.8,92.8,93.1,92.9,92.7,92.4,92.5,92.8,92.8,93.1
Seed 8/10
Train loss: 0.8941,0.6108,0.4734,0.4055,0.3634,0.3309,0.3001,0.2877,0.2806,0.2417,0.2318,0.2304,0.2149,0.2126,0.2115,0.2051,0.203,0.1963,0.181,0.1838,0.1953,0.1863,0.1786,0.1612,0.1788,0.1714,0.1685,0.1607,0.1668,0.1485,0.1532,0.15,0.1575,0.1452,0.1332,0.1565,0.1487,0.1386,0.1576,0.1309
Test loss: 0.8822,0.6073,0.4752,0.4122,0.375,0.3524,0.3301,0.325,0.3268,0.2905,0.2879,0.2904,0.2786,0.283,0.286,0.2878,0.2874,0.2853,0.2743,0.2853,0.295,0.2929,0.2851,0.2783,0.297,0.2993,0.2924,0.2882,0.306,0.2922,0.2933,0.2901,0.3039,0.2976,0.2885,0.3139,0.311,0.3005,0.3147,0.3069
Train accuracy: 69.6,86.4,89.6,90.6,91.2,91.7,92.5,92.5,92.6,93.9,94.0,93.9,94.4,94.3,94.2,94.4,94.4,94.5,95.1,95.0,94.6,94.8,95.2,95.6,95.1,95.3,95.3,95.6,95.5,96.0,95.8,95.9,95.7,96.0,96.4,95.7,96.0,96.3,95.7,96.4
Test accuracy: 69.3,86.6,89.5,90.4,90.8,91.0,91.7,91.5,91.5,92.5,92.3,92.3,92.6,92.4,92.5,92.4,92.5,92.5,92.9,92.7,92.3,92.5,92.6,92.8,92.6,92.4,92.7,92.9,92.5,92.9,92.9,92.9,92.7,92.9,93.1,92.8,92.9,93.0,92.8,93.1
Seed 9/10
Train loss: 0.8889,0.739,0.5803,0.5245,0.4442,0.4391,0.4043,0.3539,0.3406,0.3041,0.2935,0.2785,0.2672,0.2507,0.2475,0.244,0.2407,0.2312,0.22,0.214,0.2099,0.1973,0.2123,0.2035,0.1821,0.1831,0.1803,0.1846,0.1909,0.1863,0.1791,0.1782,0.1895,0.1636,0.1679,0.164,0.1607,0.1752,0.2059,0.1583
Test loss: 0.8888,0.7459,0.5949,0.5457,0.47,0.4671,0.4291,0.3881,0.383,0.3546,0.3587,0.3447,0.3389,0.3161,0.3223,0.3195,0.3265,0.3117,0.3133,0.3023,0.3037,0.2907,0.3079,0.3069,0.2873,0.2954,0.2961,0.2956,0.3153,0.3148,0.305,0.3017,0.3265,0.2908,0.3015,0.2966,0.3022,0.313,0.3293,0.3101
Train accuracy: 72.4,78.2,86.8,87.1,90.1,89.1,90.0,91.1,91.1,92.1,92.4,92.8,93.1,93.4,93.6,93.6,93.7,93.7,94.2,94.3,94.6,94.7,94.4,94.5,95.2,95.2,95.3,95.1,95.0,95.0,95.3,95.3,94.9,95.7,95.6,95.7,95.8,95.4,94.2,95.9
Test accuracy: 73.0,78.7,86.2,86.3,89.3,88.4,89.4,90.2,89.8,90.7,90.7,91.1,91.1,91.5,91.7,91.7,91.7,91.8,91.8,92.0,91.8,92.4,92.2,92.0,92.6,92.5,92.3,92.4,92.1,92.1,92.2,92.3,91.7,92.6,92.4,92.5,92.6,92.1,91.4,92.3
Seed 10/10
Train loss: 0.9117,0.6699,0.5046,0.4304,0.3888,0.3572,0.3233,0.3091,0.287,0.2765,0.2578,0.2609,0.2505,0.2411,0.231,0.2317,0.2443,0.211,0.2201,0.2127,0.212,0.2128,0.1907,0.1895,0.1943,0.1901,0.1737,0.1653,0.1722,0.1701,0.1617,0.1665,0.1574,0.1674,0.1591,0.1637,0.1775,0.1573,0.1523,0.1699
Test loss: 0.8907,0.6705,0.5093,0.443,0.4081,0.3842,0.3554,0.3486,0.3279,0.3258,0.3076,0.3178,0.3136,0.3027,0.2982,0.3053,0.3231,0.2996,0.3136,0.3018,0.3084,0.3166,0.3019,0.3028,0.3053,0.3062,0.3056,0.2953,0.3064,0.3013,0.3039,0.302,0.2945,0.316,0.3123,0.312,0.3309,0.3145,0.3061,0.3271
Train accuracy: 71.1,82.3,87.1,89.2,90.2,90.4,91.6,91.9,92.5,92.5,93.3,93.0,93.1,93.4,93.7,93.6,93.1,94.2,93.8,94.2,94.3,93.9,94.7,94.5,94.7,94.6,95.2,95.4,95.0,95.2,95.5,95.4,95.6,95.2,95.6,95.3,94.9,95.6,95.7,95.1
Test accuracy: 72.3,82.3,87.1,89.1,90.0,89.9,90.9,91.1,91.6,91.3,92.1,91.8,91.5,92.0,92.3,92.0,91.4,92.3,92.1,92.3,92.4,91.8,92.3,92.2,92.5,92.2,92.4,92.8,92.3,92.5,92.7,92.5,92.8,92.4,92.7,92.5,91.8,92.6,92.9,92.3
