Seed 1/10
Train loss: 0.2159,0.1341,0.1077,0.0918,0.07,0.0654,0.0566,0.0555,0.0526,0.0458,0.0414,0.0423,0.0351,0.0302,0.0436,0.0402,0.033,0.0349,0.0273,0.031,0.029,0.0231,0.0274,0.0247,0.0241,0.0308,0.0209,0.0193,0.0155,0.0119,0.0132,0.0138,0.0201,0.016,0.0118,0.0123,0.0202,0.0132,0.0192,0.0138
Test loss: 0.207,0.1329,0.1171,0.1113,0.0993,0.1055,0.104,0.1135,0.1163,0.1163,0.1179,0.1269,0.1283,0.1161,0.1388,0.1391,0.1321,0.1315,0.135,0.1421,0.135,0.135,0.1374,0.1426,0.1412,0.1649,0.1579,0.1586,0.1468,0.1354,0.134,0.1394,0.1643,0.1433,0.151,0.1471,0.1521,0.165,0.1758,0.1674
Train accuracy: 93.7,96.2,96.9,97.3,97.9,98.1,98.3,98.4,98.3,98.6,98.7,98.8,99.0,99.1,98.7,98.8,99.0,98.9,99.2,99.1,99.2,99.3,99.2,99.3,99.2,99.1,99.4,99.4,99.6,99.7,99.6,99.6,99.5,99.5,99.6,99.7,99.4,99.6,99.4,99.6
Test accuracy: 93.9,96.1,96.5,96.5,97.2,97.0,97.1,97.0,97.0,97.1,97.2,97.1,97.1,97.4,97.1,97.0,97.3,97.2,97.3,97.4,97.3,97.5,97.4,97.3,97.3,97.1,97.3,97.3,97.5,97.5,97.6,97.5,97.3,97.5,97.6,97.7,97.5,97.4,97.1,97.3
Seed 2/10
Train loss: 0.2105,0.1341,0.1066,0.0958,0.0782,0.0723,0.0613,0.0723,0.0476,0.0583,0.0455,0.044,0.0416,0.0294,0.0364,0.0329,0.0197,0.0246,0.0186,0.022,0.016,0.0335,0.0158,0.0137,0.016,0.0179,0.0129,0.0107,0.0151,0.0134,0.0145,0.0139,0.0118,0.0093,0.0149,0.0099,0.0067,0.0062,0.016,0.0087
Test loss: 0.2106,0.1432,0.1258,0.125,0.1204,0.1251,0.1196,0.1383,0.1259,0.1334,0.1396,0.1466,0.1507,0.1364,0.1533,0.1519,0.1469,0.1533,0.1529,0.1698,0.1668,0.1721,0.1588,0.1627,0.176,0.1796,0.1577,0.1565,0.1773,0.1701,0.1801,0.1965,0.1853,0.1758,0.2016,0.1868,0.186,0.1816,0.192,0.1852
Train accuracy: 93.9,95.9,96.7,97.0,97.6,97.8,98.1,97.6,98.5,98.2,98.6,98.6,98.8,99.1,98.9,99.0,99.4,99.2,99.4,99.3,99.5,99.0,99.5,99.6,99.5,99.4,99.6,99.7,99.6,99.6,99.6,99.6,99.6,99.7,99.5,99.7,99.8,99.8,99.5,99.7
Test accuracy: 94.0,95.7,96.1,96.2,96.5,96.5,96.8,96.3,96.9,96.7,96.7,96.8,96.8,97.1,96.9,97.0,97.3,97.1,97.2,97.1,97.2,96.8,97.3,97.4,97.3,97.1,97.5,97.7,97.3,97.4,97.3,97.1,97.3,97.5,97.2,97.5,97.6,97.5,97.2,97.4
Seed 3/10
Train loss: 0.3477,0.2394,0.194,0.1646,0.1426,0.1286,0.1158,0.1123,0.1176,0.1213,0.0919,0.0861,0.0749,0.068,0.0648,0.0699,0.063,0.0639,0.0696,0.0694,0.0761,0.0563,0.0563,0.0611,0.0575,0.0456,0.0389,0.0346,0.04,0.0424,0.0404,0.0358,0.0345,0.0349,0.0292,0.056,0.0814,0.0364,0.0313,0.0243
Test loss: 0.332,0.2425,0.2067,0.1858,0.1713,0.1659,0.1586,0.1636,0.1652,0.1753,0.1613,0.1582,0.1463,0.1437,0.1449,0.1601,0.1596,0.166,0.1682,0.1782,0.1898,0.1728,0.1709,0.1761,0.1872,0.1795,0.1768,0.1663,0.1815,0.1847,0.1837,0.1745,0.174,0.1774,0.1766,0.2226,0.249,0.2023,0.2009,0.1823
Train accuracy: 89.9,92.7,94.2,95.1,95.8,96.2,96.6,96.7,96.4,96.4,97.3,97.4,97.7,98.0,98.0,97.9,98.0,98.0,97.9,97.9,97.8,98.3,98.3,98.2,98.3,98.6,98.9,99.0,98.9,98.7,98.8,98.9,99.0,98.9,99.1,98.4,97.7,98.9,99.1,99.3
Test accuracy: 90.3,92.5,93.8,94.6,95.1,95.4,95.7,95.7,95.6,95.5,96.0,96.0,96.4,96.5,96.5,96.3,96.4,96.3,96.2,96.2,95.8,96.3,96.2,96.1,96.2,96.2,96.5,96.6,96.5,96.4,96.2,96.4,96.6,96.6,96.6,95.9,95.7,96.0,96.5,96.5
Seed 4/10
Train loss: 1.101,0.679,0.5356,0.4214,0.1815,0.1467,0.1196,0.1061,0.0961,0.0939,0.0856,0.0766,0.0787,0.0662,0.0709,0.0689,0.0563,0.0496,0.0555,0.0502,0.043,0.0422,0.0508,0.0447,0.0456,0.0438,0.0435,0.0386,0.0427,0.0322,0.0307,0.0307,0.0301,0.0369,0.0324,0.0287,0.0312,0.0265,0.0277,0.0256
Test loss: 1.1014,0.6857,0.5485,0.4312,0.1924,0.1714,0.1555,0.1536,0.1478,0.1502,0.1513,0.1426,0.1602,0.1512,0.1615,0.16,0.1585,0.1521,0.1655,0.1599,0.1608,0.1577,0.1783,0.1689,0.1857,0.1769,0.177,0.1818,0.1954,0.173,0.1779,0.1766,0.1895,0.1916,0.1953,0.1951,0.2006,0.1932,0.1849,0.1931
Train accuracy: 63.3,81.7,86.9,89.3,94.8,95.6,96.5,96.9,97.2,97.1,97.3,97.6,97.6,98.0,97.8,97.9,98.2,98.5,98.2,98.5,98.7,98.7,98.4,98.6,98.7,98.7,98.7,98.8,98.7,99.0,99.1,99.1,99.1,99.0,99.0,99.2,99.1,99.2,99.2,99.2
Test accuracy: 63.3,81.8,86.6,89.1,94.5,95.3,95.8,96.0,96.0,96.0,96.1,96.3,96.1,96.3,96.0,96.2,96.3,96.4,96.3,96.4,96.5,96.4,96.3,96.5,96.4,96.4,96.5,96.4,96.4,96.7,96.7,96.8,96.6,96.6,96.5,96.7,96.5,96.5,96.7,96.6
Seed 5/10
Train loss: 2.3013,2.3012,2.3012,2.3012,2.3012,2.3012,2.3012,2.3012,2.3012,2.3012,2.3012,2.3012,2.3012,2.3012,2.3012,2.3012,2.3012,2.3012,2.3012,2.3012,2.3012,2.3012,2.3012,2.3012,2.3012,2.3012,2.3012,2.3012,2.3012,2.3012,2.3012,2.3012,2.3012,2.3012,2.3012,2.3012,2.3012,2.3012,2.3012,2.3012
Test loss: 2.3012,2.3011,2.3011,2.3011,2.3011,2.3011,2.3011,2.3011,2.3011,2.3011,2.3011,2.3011,2.3011,2.3011,2.3011,2.3011,2.3011,2.3011,2.3011,2.3011,2.3011,2.3011,2.3011,2.3011,2.3011,2.3011,2.3011,2.3011,2.3011,2.3011,2.3011,2.3011,2.3011,2.3011,2.3011,2.3011,2.3011,2.3011,2.3011,2.3011
Train accuracy: 11.2,11.2,11.2,11.2,11.2,11.2,11.2,11.2,11.2,11.2,11.2,11.2,11.2,11.2,11.2,11.2,11.2,11.2,11.2,11.2,11.2,11.2,11.2,11.2,11.2,11.2,11.2,11.2,11.2,11.2,11.2,11.2,11.2,11.2,11.2,11.2,11.2,11.2,11.2,11.2
Test accuracy: 11.3,11.3,11.3,11.3,11.3,11.3,11.3,11.3,11.3,11.3,11.3,11.3,11.3,11.3,11.3,11.3,11.3,11.3,11.3,11.3,11.3,11.3,11.3,11.3,11.3,11.3,11.3,11.3,11.3,11.3,11.3,11.3,11.3,11.3,11.3,11.3,11.3,11.3,11.3,11.3
Seed 6/10
Train loss: 0.2099,0.1295,0.1011,0.0773,0.0697,0.0591,0.0574,0.0516,0.0449,0.0502,0.0442,0.0327,0.0375,0.0371,0.035,0.0315,0.029,0.0151,0.02,0.0146,0.0233,0.0194,0.0113,0.0099,0.0213,0.017,0.0107,0.0107,0.011,0.0112,0.0164,0.0163,0.0079,0.014,0.012,0.0055,0.0121,0.0047,0.0093,0.0068
Test loss: 0.2069,0.139,0.1213,0.1056,0.1031,0.1052,0.1135,0.1138,0.1054,0.1321,0.1304,0.1209,0.1257,0.1256,0.1408,0.1403,0.1377,0.1193,0.1236,0.1251,0.1466,0.1475,0.1382,0.1329,0.1635,0.1509,0.1396,0.1404,0.1513,0.165,0.1563,0.1677,0.1483,0.1772,0.1604,0.1559,0.1711,0.1655,0.1638,0.1604
Train accuracy: 94.1,96.3,97.0,97.6,97.9,98.2,98.2,98.4,98.6,98.4,98.7,99.0,98.8,98.8,98.9,99.0,99.1,99.5,99.3,99.5,99.3,99.4,99.7,99.7,99.4,99.5,99.6,99.7,99.7,99.6,99.5,99.5,99.7,99.6,99.6,99.8,99.6,99.9,99.7,99.8
Test accuracy: 94.2,96.2,96.6,97.2,97.3,97.3,97.3,97.2,97.4,97.2,97.1,97.2,97.4,97.3,97.1,97.2,97.2,97.7,97.6,97.6,97.2,97.3,97.6,97.6,97.4,97.3,97.8,97.6,97.7,97.5,97.6,97.3,97.6,97.6,97.5,97.8,97.4,97.6,97.6,97.7
Seed 7/10
Train loss: 1.0137,0.8586,0.6437,0.5259,0.4463,0.391,0.3269,0.2909,0.2711,0.2489,0.2457,0.2375,0.2272,0.2176,0.2179,0.197,0.2005,0.1909,0.1848,0.189,0.1823,0.1723,0.1739,0.1765,0.1654,0.1608,0.1633,0.1566,0.144,0.1527,0.1492,0.1686,0.159,0.1478,0.1655,0.1536,0.1587,0.1493,0.1419,0.1559
Test loss: 1.0137,0.8633,0.6547,0.5415,0.4696,0.4201,0.3512,0.3251,0.3139,0.2992,0.2933,0.295,0.2967,0.2938,0.2815,0.2759,0.2828,0.2817,0.2737,0.284,0.2765,0.2793,0.2807,0.2885,0.2777,0.2799,0.2718,0.273,0.2784,0.2886,0.2888,0.2961,0.3077,0.2914,0.3306,0.3054,0.3167,0.3167,0.3169,0.3164
Train accuracy: 64.8,69.4,78.7,81.6,88.6,90.2,91.9,92.7,93.0,93.4,93.5,93.7,94.0,94.2,94.0,94.7,94.6,94.8,95.0,94.8,95.0,95.3,95.2,95.1,95.4,95.6,95.4,95.7,96.1,95.8,95.9,95.2,95.6,96.0,95.4,95.8,95.6,96.0,96.1,95.9
Test accuracy: 64.8,69.3,78.9,81.0,88.2,89.4,91.1,91.6,91.8,92.2,92.4,92.3,92.2,92.3,92.5,92.8,92.7,92.8,93.0,92.6,92.9,92.9,92.8,92.9,93.0,92.9,93.1,93.2,93.3,93.0,92.9,92.4,92.8,93.0,92.5,92.8,92.4,92.7,92.9,92.7
Seed 8/10
Train loss: 1.7505,1.6794,1.5549,1.4987,1.4461,1.4282,1.4001,1.3892,0.9522,0.842,0.7847,0.6777,0.6399,0.6114,0.5938,0.5754,0.5732,0.5493,0.5432,0.5399,0.5234,0.5208,0.5057,0.5103,0.5014,0.528,0.497,0.5124,0.4936,0.4977,0.4947,0.4851,0.4759,0.471,0.4798,0.4747,0.4603,0.4612,0.4604,0.4582
Test loss: 1.7636,1.6921,1.5613,1.5092,1.4522,1.4322,1.4076,1.3992,0.962,0.8495,0.7935,0.6891,0.651,0.6255,0.6155,0.599,0.6053,0.586,0.579,0.5888,0.5705,0.5731,0.5647,0.5674,0.5582,0.5971,0.5739,0.5861,0.5637,0.5657,0.5596,0.5625,0.5629,0.5477,0.5586,0.5671,0.557,0.554,0.5575,0.5554
Train accuracy: 30.1,34.1,41.0,43.0,44.2,44.8,45.2,45.8,63.2,66.0,67.4,74.2,74.7,75.2,76.3,76.4,76.7,76.8,77.0,76.7,77.4,77.3,77.6,77.3,77.7,76.6,77.5,76.9,77.6,77.7,77.5,77.9,78.0,78.1,77.6,77.9,78.3,78.5,78.4,78.4
Test accuracy: 30.1,34.2,41.6,43.2,44.3,45.6,45.5,46.0,63.2,65.9,67.2,73.7,74.6,74.9,75.9,75.7,75.9,75.7,76.2,75.5,76.2,76.1,76.4,76.0,76.5,75.0,76.0,75.4,76.0,76.2,76.2,76.2,76.2,76.4,76.0,76.0,76.2,76.5,76.4,76.2
Seed 9/10
Train loss: 0.1854,0.1072,0.0861,0.0947,0.0883,0.0672,0.0645,0.0668,0.0344,0.0339,0.0295,0.0433,0.0323,0.0259,0.0208,0.0244,0.0165,0.0151,0.0157,0.0158,0.0384,0.0082,0.0142,0.0093,0.0115,0.01,0.0115,0.0076,0.0104,0.0073,0.0087,0.0125,0.0097,0.0144,0.0245,0.0044,0.0077,0.0071,0.0043,0.0071
Test loss: 0.1803,0.1237,0.1182,0.1354,0.136,0.1187,0.1234,0.1362,0.1083,0.1133,0.1097,0.1328,0.128,0.1147,0.1212,0.1267,0.1129,0.1279,0.124,0.136,0.1461,0.1208,0.1321,0.1306,0.1364,0.1432,0.1325,0.1404,0.1441,0.144,0.1522,0.1536,0.1582,0.1574,0.1727,0.1396,0.1645,0.1558,0.1443,0.1533
Train accuracy: 94.5,96.8,97.4,97.1,97.4,98.1,98.1,98.0,99.0,99.0,99.1,98.7,99.0,99.2,99.4,99.3,99.5,99.5,99.5,99.5,98.8,99.7,99.6,99.7,99.7,99.7,99.7,99.8,99.7,99.8,99.8,99.7,99.7,99.6,99.4,99.9,99.8,99.8,99.9,99.8
Test accuracy: 94.6,96.4,96.6,96.0,96.3,97.1,97.0,96.5,97.4,97.5,97.6,97.1,97.2,97.6,97.5,97.5,97.8,97.5,97.8,97.5,97.2,97.9,97.6,97.6,97.9,97.8,97.8,97.7,97.7,97.9,97.7,97.7,97.8,97.6,97.5,97.9,97.7,98.1,98.0,97.8
Seed 10/10
Train loss: 0.5728,0.21,0.1397,0.1097,0.0962,0.0833,0.0871,0.0734,0.0687,0.0662,0.0612,0.0511,0.0457,0.0473,0.0408,0.0535,0.0386,0.0369,0.0336,0.0304,0.0307,0.0402,0.033,0.0287,0.043,0.0239,0.0232,0.0278,0.02,0.0233,0.0224,0.0177,0.0219,0.0188,0.0247,0.0182,0.0349,0.0186,0.0154,0.0146
Test loss: 0.5677,0.2087,0.1515,0.1287,0.1214,0.1175,0.1303,0.1241,0.13,0.1298,0.1367,0.1232,0.1245,0.139,0.1287,0.1729,0.1322,0.1433,0.1411,0.1509,0.161,0.1764,0.1763,0.1647,0.184,0.1549,0.1547,0.1796,0.1629,0.1849,0.1767,0.1694,0.1867,0.1688,0.1852,0.1734,0.2163,0.1853,0.1824,0.1725
Train accuracy: 84.3,94.4,96.0,96.8,97.3,97.5,97.4,97.7,97.9,97.9,98.1,98.4,98.6,98.5,98.7,98.3,98.8,98.8,99.0,99.1,99.0,98.8,98.9,99.1,98.6,99.3,99.3,99.1,99.4,99.3,99.3,99.5,99.4,99.4,99.2,99.5,98.9,99.4,99.5,99.6
Test accuracy: 84.9,94.3,95.5,96.2,96.4,96.5,96.3,96.5,96.5,96.7,96.6,96.9,96.9,96.7,97.0,96.2,97.0,96.9,97.0,97.0,96.8,96.5,96.6,96.8,96.3,96.9,96.9,96.7,97.0,96.7,96.9,96.9,96.7,96.9,96.8,97.0,96.4,96.7,96.8,97.0
