Seed 1/10
Train loss: 0.8948,0.6505,0.5657,0.5041,0.4675,0.439,0.4151,0.3993,0.3856,0.3708,0.365,0.3508,0.34,0.3308,0.3165,0.2775,0.2538,0.2367,0.2416,0.2339,0.2568,0.2265,0.2369,0.207,0.2311,0.2173,0.1955,0.2269,0.1713,0.1858,0.1663,0.1808,0.1635,0.1648,0.1662,0.1985,0.1702,0.1401,0.154,0.1439
Test loss: 0.8994,0.666,0.5936,0.541,0.515,0.497,0.4834,0.4822,0.4804,0.4748,0.4816,0.4815,0.4848,0.4854,0.4775,0.4399,0.4299,0.4238,0.4318,0.4352,0.4727,0.445,0.4758,0.4528,0.4895,0.4828,0.4619,0.5233,0.4522,0.4801,0.4858,0.5467,0.4928,0.4978,0.4824,0.582,0.5558,0.5387,0.5265,0.5429
Train accuracy: 72.3,79.4,80.4,81.7,82.6,83.1,83.7,84.4,84.8,85.4,85.3,85.7,86.2,87.3,89.7,92.2,92.8,93.5,93.0,93.5,92.7,93.4,93.2,94.2,93.2,93.7,94.2,93.6,95.1,94.7,95.4,95.0,95.2,95.2,95.1,94.3,95.0,96.0,95.5,95.8
Test accuracy: 72.5,78.8,79.5,80.7,81.2,81.7,82.2,82.6,83.1,83.4,83.1,83.2,83.4,84.5,87.0,89.5,90.0,90.6,90.1,90.5,89.6,90.3,89.7,90.5,89.9,90.3,90.3,89.9,91.1,90.8,91.5,91.0,91.1,91.1,91.1,90.2,90.5,91.3,90.6,91.2
Seed 2/10
Train loss: 1.799,1.2793,0.975,0.7916,0.6305,0.5261,0.4523,0.4131,0.3825,0.3606,0.3437,0.3264,0.3209,0.3122,0.3082,0.3008,0.3073,0.3002,0.2989,0.2877,0.3094,0.2879,0.2944,0.2758,0.3161,0.2739,0.2709,0.2829,0.2696,0.2648,0.2586,0.2658,0.2557,0.2589,0.2901,0.2543,0.2527,0.2701,0.2466,0.2629
Test loss: 1.796,1.27,0.9704,0.8014,0.657,0.5617,0.4936,0.4668,0.4521,0.4421,0.4399,0.4386,0.4413,0.4469,0.4541,0.4628,0.4777,0.4875,0.4955,0.5002,0.5365,0.5278,0.5455,0.5264,0.5731,0.5571,0.583,0.5843,0.5728,0.58,0.5839,0.6304,0.6144,0.6069,0.6377,0.6437,0.6395,0.6626,0.6572,0.6852
Train accuracy: 21.2,53.2,64.9,67.5,75.3,82.1,83.8,84.6,85.1,85.6,85.8,86.2,86.2,86.3,86.4,86.6,86.2,86.5,86.6,86.9,86.3,86.9,86.8,87.1,86.0,87.3,87.5,87.1,87.4,87.5,87.6,87.5,87.8,87.6,86.6,87.8,87.6,87.3,87.9,87.6
Test accuracy: 21.8,53.5,65.2,67.6,75.0,81.6,83.1,83.5,83.8,84.2,84.3,84.6,84.5,84.4,84.5,84.5,84.0,84.5,84.2,84.4,83.9,84.2,84.1,84.5,83.5,84.5,84.4,84.3,84.2,84.5,84.3,84.4,84.5,84.3,83.6,84.3,84.0,83.9,84.3,84.4
Seed 3/10
Train loss: 1.7707,1.6641,1.6129,1.5738,1.544,1.5193,1.4932,1.4776,1.4586,1.4467,1.435,1.4263,1.4149,1.4028,1.4043,1.3894,1.3861,1.3761,1.3687,1.3627,1.3682,1.3543,1.3554,1.3416,1.3353,1.3386,1.3324,1.3217,1.3337,1.334,1.3214,1.3379,1.3044,1.3021,1.3085,1.3061,1.2978,1.3067,1.3216,1.2952
Test loss: 1.7666,1.6669,1.618,1.5832,1.5567,1.5382,1.5178,1.5068,1.4925,1.4942,1.4861,1.4829,1.4826,1.4773,1.4851,1.4937,1.484,1.4894,1.4783,1.4844,1.4913,1.5054,1.4994,1.4992,1.5099,1.5264,1.5037,1.5124,1.5092,1.5067,1.553,1.5432,1.5219,1.5264,1.5724,1.5541,1.5547,1.5953,1.5786,1.5398
Train accuracy: 27.4,31.4,33.6,35.2,36.5,37.3,39.1,39.1,40.5,41.1,41.5,42.0,42.8,42.9,42.5,43.7,43.3,43.8,43.8,44.0,43.2,44.7,43.9,44.4,45.0,44.4,44.7,45.1,44.8,44.1,45.6,43.7,45.7,45.6,46.3,45.6,45.8,46.3,44.8,45.4
Test accuracy: 27.2,31.7,33.7,35.1,36.7,37.0,38.9,38.8,40.0,40.8,40.9,41.4,42.0,41.7,41.4,42.7,42.6,42.5,42.3,42.7,41.5,43.1,42.6,42.7,43.4,42.6,42.8,43.5,42.9,42.3,43.7,41.7,43.4,43.6,44.6,43.6,43.7,44.1,42.6,43.0
Seed 4/10
Train loss: 2.3023,2.3012,2.3012,2.3012,2.3012,2.3012,2.3012,2.3012,2.3012,2.3012,2.3012,2.3012,2.3012,2.3012,2.3012,2.3012,2.3012,2.3012,2.3012,2.3012,2.3012,2.3012,2.3012,2.3012,2.3012,2.3012,2.3012,2.3012,2.3012,2.3012,2.3012,2.3012,2.3012,2.3012,2.3012,2.3012,2.3012,2.3012,2.3012,2.3012
Test loss: 2.3022,2.3011,2.3011,2.3011,2.3011,2.3011,2.3011,2.3011,2.3011,2.3011,2.3011,2.3011,2.3011,2.3011,2.3011,2.3011,2.3011,2.3011,2.3011,2.3011,2.3011,2.3011,2.3011,2.3011,2.3011,2.3011,2.3011,2.3011,2.3011,2.3011,2.3011,2.3011,2.3011,2.3011,2.3011,2.3011,2.3011,2.3011,2.3011,2.3011
Train accuracy: 10.4,11.2,11.2,11.2,11.2,11.2,11.2,11.2,11.2,11.2,11.2,11.2,11.2,11.2,11.2,11.2,11.2,11.2,11.2,11.2,11.2,11.2,11.2,11.2,11.2,11.2,11.2,11.2,11.2,11.2,11.2,11.2,11.2,11.2,11.2,11.2,11.2,11.2,11.2,11.2
Test accuracy: 10.3,11.3,11.3,11.3,11.3,11.3,11.3,11.3,11.3,11.3,11.3,11.3,11.3,11.3,11.3,11.3,11.3,11.3,11.3,11.3,11.3,11.3,11.3,11.3,11.3,11.3,11.3,11.3,11.3,11.3,11.3,11.3,11.3,11.3,11.3,11.3,11.3,11.3,11.3,11.3
Seed 5/10
Train loss: 1.8025,1.7063,1.6209,1.5419,1.5011,1.4634,1.4361,1.4183,1.4027,1.3854,1.3728,1.3587,1.357,1.3398,1.3374,1.3304,1.3133,1.3159,1.3084,1.3056,1.2876,1.2981,1.2788,1.2849,1.2747,1.2646,1.2617,1.2598,1.2759,1.2682,1.2605,1.2506,1.2344,1.2398,1.2277,1.2427,1.2234,1.2323,1.2394,1.2202
Test loss: 1.807,1.7109,1.6218,1.5455,1.5112,1.4778,1.454,1.4386,1.4275,1.4254,1.4162,1.4005,1.4134,1.3967,1.4056,1.4186,1.3961,1.4083,1.3981,1.4093,1.3881,1.4012,1.3848,1.4144,1.402,1.4066,1.4041,1.4028,1.4245,1.4258,1.4159,1.4459,1.3992,1.4471,1.4138,1.4375,1.4359,1.4434,1.4664,1.4541
Train accuracy: 24.4,26.4,32.9,35.2,38.2,39.5,41.1,41.3,41.7,42.3,42.4,42.4,41.7,43.5,43.5,43.7,44.4,44.1,45.0,46.2,47.3,46.9,47.7,47.7,48.0,49.0,49.2,49.2,48.6,48.8,48.6,50.3,49.6,50.5,50.1,49.7,50.5,49.5,50.4,50.5
Test accuracy: 24.4,26.7,33.1,35.1,38.3,39.5,41.0,41.1,41.9,42.3,42.3,42.5,41.6,43.6,43.5,43.6,44.0,43.7,44.5,45.6,46.4,46.0,46.6,46.2,46.5,47.5,47.5,47.8,47.4,47.5,47.4,48.6,47.9,48.6,48.3,47.9,48.7,47.4,48.6,48.6
Seed 6/10
Train loss: 1.029,0.7761,0.6501,0.58,0.5174,0.4113,0.3702,0.3301,0.2972,0.2717,0.2526,0.2348,0.2362,0.2163,0.2195,0.205,0.2001,0.1924,0.179,0.1805,0.169,0.1735,0.1574,0.1729,0.1752,0.1496,0.1472,0.1436,0.1365,0.1459,0.1487,0.1375,0.1422,0.1376,0.1187,0.1122,0.1173,0.121,0.1177,0.1098
Test loss: 1.018,0.7701,0.6557,0.595,0.5421,0.4509,0.4199,0.3945,0.3721,0.3574,0.3528,0.3434,0.3517,0.3506,0.3623,0.3553,0.3624,0.3628,0.3589,0.3704,0.3714,0.3815,0.3801,0.4019,0.4131,0.4098,0.4164,0.4193,0.4158,0.4346,0.4534,0.4503,0.4557,0.4648,0.4577,0.457,0.462,0.4881,0.4652,0.4768
Train accuracy: 61.5,71.5,76.7,78.9,81.7,89.0,90.1,91.0,91.9,92.7,93.2,93.6,93.6,94.1,93.8,94.2,94.4,94.6,95.0,94.9,95.2,94.9,95.6,95.4,94.9,95.7,95.9,95.9,96.2,96.0,96.0,96.1,96.0,96.1,96.6,96.9,96.7,96.6,96.7,96.8
Test accuracy: 61.0,71.8,76.6,79.0,81.2,88.2,89.0,89.8,90.7,91.3,91.6,91.7,91.8,91.9,91.6,92.1,92.0,92.1,92.4,92.2,92.3,91.8,92.2,92.1,91.6,92.0,92.2,92.1,92.4,92.5,92.1,92.1,92.4,92.0,92.5,92.7,92.3,92.3,92.4,92.3
Seed 7/10
Train loss: 1.7418,1.6356,1.5909,1.0,0.7812,0.6766,0.5978,0.5377,0.5051,0.4851,0.4651,0.4495,0.4386,0.4297,0.4186,0.4195,0.407,0.4005,0.3989,0.3932,0.389,0.3884,0.3822,0.3959,0.3714,0.3674,0.356,0.3625,0.3531,0.3501,0.3534,0.3478,0.339,0.3393,0.3316,0.3318,0.3476,0.3231,0.3277,0.3199
Test loss: 1.7415,1.6378,1.5955,1.0189,0.8102,0.7176,0.6528,0.6014,0.5778,0.5638,0.5553,0.55,0.549,0.5465,0.5509,0.5586,0.5656,0.5741,0.5774,0.5852,0.5923,0.602,0.6081,0.6188,0.6175,0.618,0.631,0.6526,0.6383,0.6503,0.6721,0.6511,0.6456,0.659,0.6647,0.687,0.7113,0.6754,0.7103,0.6826
Train accuracy: 22.9,31.8,34.5,64.5,76.5,77.6,79.8,81.4,81.8,82.2,82.8,83.2,83.7,83.7,83.9,83.7,84.2,84.5,84.3,84.6,84.5,84.6,84.9,84.3,85.0,84.9,85.4,85.5,85.4,85.5,85.5,85.5,85.6,85.7,85.7,86.1,85.7,86.1,86.2,86.0
Test accuracy: 22.4,31.6,34.7,64.5,76.3,76.8,78.7,80.1,80.4,80.8,81.4,81.5,81.9,81.7,81.9,81.4,81.8,81.9,81.6,81.9,81.5,81.7,81.8,81.1,82.0,82.2,81.8,82.0,81.7,82.1,82.3,81.6,81.5,81.7,81.7,82.0,82.0,81.7,81.7,82.0
Seed 8/10
Train loss: 0.6204,0.4705,0.3764,0.2996,0.2264,0.1801,0.1517,0.1288,0.1305,0.1199,0.1069,0.1082,0.0937,0.0887,0.0825,0.0909,0.0802,0.0979,0.0915,0.1032,0.0778,0.0817,0.0702,0.0721,0.0814,0.0639,0.0639,0.0697,0.0631,0.0666,0.0602,0.078,0.0545,0.0516,0.0627,0.0569,0.0391,0.0586,0.0396,0.0535
Test loss: 0.6051,0.471,0.392,0.3224,0.2694,0.2356,0.2204,0.2161,0.2368,0.2367,0.2334,0.2561,0.2514,0.2554,0.2581,0.2839,0.2808,0.3213,0.3299,0.3414,0.3193,0.3402,0.3376,0.3641,0.3751,0.3268,0.3339,0.3618,0.3622,0.3631,0.3941,0.3999,0.3791,0.3757,0.3931,0.4074,0.3457,0.4161,0.3812,0.4204
Train accuracy: 82.6,83.5,86.4,92.5,94.4,95.5,96.1,96.7,96.5,96.8,97.1,97.0,97.5,97.5,97.7,97.4,97.8,97.5,97.7,97.2,97.9,97.7,98.1,98.1,97.8,98.2,98.2,98.1,98.3,98.1,98.4,98.0,98.6,98.6,98.3,98.6,98.9,98.5,99.0,98.6
Test accuracy: 83.0,83.5,86.4,91.3,92.9,93.9,94.4,94.5,94.3,94.6,94.7,94.3,94.6,94.5,94.8,94.4,94.5,94.5,94.5,93.9,94.6,94.0,94.4,94.6,94.2,94.5,94.6,94.7,94.7,94.6,94.5,94.5,94.8,94.6,94.8,94.5,94.8,94.8,94.8,94.6
Seed 9/10
Train loss: 0.3911,0.2314,0.1965,0.175,0.1476,0.1322,0.1129,0.0993,0.0955,0.0778,0.0745,0.0678,0.075,0.0678,0.0699,0.0685,0.0956,0.0518,0.0464,0.0461,0.0386,0.0538,0.0346,0.0586,0.0285,0.0356,0.0312,0.0291,0.0527,0.0459,0.0261,0.0318,0.0395,0.0215,0.0279,0.029,0.0347,0.0312,0.018,0.0285
Test loss: 0.3857,0.2426,0.2184,0.2088,0.1933,0.1871,0.1801,0.1764,0.1805,0.1765,0.1857,0.182,0.205,0.2102,0.2286,0.234,0.2646,0.2453,0.2449,0.2487,0.2551,0.2789,0.2536,0.279,0.2581,0.2734,0.283,0.2839,0.3311,0.3204,0.3015,0.3276,0.345,0.2969,0.3212,0.3185,0.3176,0.3535,0.3187,0.3673
Train accuracy: 88.9,93.7,94.2,94.8,95.7,96.0,96.6,97.1,97.1,97.6,97.7,97.9,97.6,97.9,97.8,97.8,97.1,98.4,98.5,98.6,98.8,98.4,98.9,98.2,99.2,98.9,99.0,99.1,98.3,98.6,99.2,98.9,98.7,99.4,99.1,99.1,98.9,99.1,99.5,99.1
Test accuracy: 88.8,93.3,93.5,94.2,94.6,95.0,95.3,95.6,95.5,95.8,95.8,96.1,95.5,95.7,95.5,95.4,94.8,95.7,95.8,95.7,95.9,95.8,95.9,95.4,96.1,95.9,96.1,96.0,95.2,95.7,96.0,95.6,95.6,96.1,95.8,95.9,95.7,96.1,96.3,95.9
Seed 10/10
Train loss: 0.5304,0.3188,0.2418,0.206,0.1793,0.1516,0.148,0.141,0.1175,0.1164,0.1237,0.0772,0.0776,0.0676,0.0657,0.0667,0.0738,0.0552,0.0613,0.0651,0.0512,0.0496,0.0554,0.0397,0.034,0.0319,0.0376,0.0406,0.0331,0.0364,0.0353,0.031,0.0381,0.0256,0.0275,0.0224,0.0248,0.0309,0.0304,0.0259
Test loss: 0.539,0.3486,0.2873,0.2687,0.2588,0.2418,0.2539,0.262,0.2489,0.2652,0.29,0.2425,0.2496,0.2472,0.25,0.2667,0.2914,0.2757,0.2833,0.3013,0.2863,0.2865,0.2948,0.2797,0.2677,0.2923,0.2964,0.3163,0.3043,0.2987,0.3408,0.3317,0.3247,0.3274,0.3155,0.3375,0.3544,0.3369,0.3424,0.3427
Train accuracy: 80.2,93.3,94.4,94.7,95.1,95.6,95.6,95.7,96.4,96.4,96.2,97.6,97.6,97.9,98.0,98.0,97.8,98.4,98.2,98.1,98.5,98.6,98.4,98.8,99.0,99.1,98.9,98.9,99.1,99.0,99.0,99.1,99.0,99.3,99.3,99.4,99.3,99.2,99.2,99.3
Test accuracy: 80.0,92.7,93.4,93.4,93.7,94.1,93.6,93.7,94.3,94.3,94.0,95.3,95.3,95.5,95.6,95.5,95.1,95.4,95.4,95.3,95.5,95.4,95.4,95.8,95.8,95.8,95.6,95.5,95.8,95.5,95.7,95.7,95.7,95.9,95.7,95.9,95.8,95.9,95.8,95.7
