Seed 1/10
Train loss: 0.3189,0.2171,0.1739,0.1514,0.1226,0.1113,0.104,0.0815,0.0791,0.073,0.0639,0.0616,0.062,0.0506,0.0514,0.0467,0.0436,0.0585,0.0455,0.0387,0.0357,0.0324,0.0326,0.0431,0.0297,0.0339,0.0298,0.027,0.0263,0.0282,0.0221,0.0215,0.0231,0.0223,0.0218,0.0219,0.0276,0.0211,0.0163,0.0291
Test loss: 0.3169,0.2279,0.1921,0.1758,0.1536,0.1482,0.1491,0.1378,0.1479,0.1497,0.1481,0.1471,0.1645,0.1477,0.1558,0.1629,0.158,0.1888,0.1688,0.1652,0.1745,0.1781,0.1819,0.1942,0.1817,0.192,0.1875,0.1848,0.1833,0.19,0.1894,0.1932,0.1845,0.1899,0.1992,0.1985,0.2152,0.2092,0.1975,0.2402
Train accuracy: 90.4,93.5,94.7,95.4,96.3,96.6,96.8,97.5,97.5,97.9,98.1,98.2,98.1,98.4,98.5,98.6,98.7,98.3,98.6,98.8,99.0,99.0,99.0,98.7,99.1,99.0,99.1,99.2,99.2,99.2,99.3,99.4,99.3,99.3,99.4,99.4,99.2,99.4,99.5,99.2
Test accuracy: 90.9,93.4,94.5,94.9,95.6,95.9,95.8,96.2,96.1,96.2,96.3,96.4,96.1,96.4,96.4,96.4,96.5,95.9,96.4,96.5,96.7,96.3,96.4,96.4,96.5,96.5,96.5,96.7,96.7,96.5,96.5,96.7,96.7,96.8,96.8,96.8,96.6,96.7,96.8,96.3
Seed 2/10
Train loss: 0.3077,0.198,0.182,0.1492,0.1104,0.098,0.0848,0.082,0.0775,0.066,0.0593,0.061,0.0685,0.0607,0.0517,0.0566,0.0483,0.0437,0.0425,0.041,0.0428,0.033,0.0406,0.0357,0.0351,0.0343,0.0383,0.0299,0.0305,0.033,0.0279,0.0323,0.0193,0.0292,0.0294,0.0246,0.0246,0.0272,0.0193,0.0166
Test loss: 0.2875,0.196,0.1868,0.164,0.1374,0.1352,0.1318,0.1361,0.1447,0.1332,0.1445,0.1495,0.1558,0.1558,0.1549,0.1691,0.1643,0.1636,0.1672,0.174,0.1763,0.1723,0.1754,0.1795,0.1916,0.1905,0.2041,0.1911,0.193,0.2007,0.2025,0.209,0.1895,0.2012,0.1987,0.2015,0.2072,0.2019,0.1954,0.2129
Train accuracy: 90.9,94.2,94.5,95.4,96.5,96.8,97.2,97.3,97.5,97.9,98.1,98.1,97.8,98.1,98.3,98.2,98.5,98.6,98.7,98.7,98.7,98.9,98.7,98.9,98.9,98.9,98.9,99.1,99.1,99.0,99.2,99.0,99.4,99.1,99.1,99.2,99.2,99.2,99.4,99.5
Test accuracy: 91.5,94.3,94.5,95.2,96.0,96.0,96.2,96.2,96.2,96.5,96.3,96.3,96.4,96.4,96.3,96.2,96.5,96.7,96.6,96.4,96.5,96.6,96.5,96.5,96.4,96.4,96.5,96.6,96.5,96.3,96.5,96.3,96.9,96.6,96.5,96.6,96.6,96.6,96.8,96.6
Seed 3/10
Train loss: 0.2081,0.1366,0.1047,0.0894,0.078,0.0675,0.0524,0.0497,0.0487,0.0351,0.0408,0.0318,0.0593,0.0276,0.027,0.0261,0.0252,0.0222,0.0251,0.0306,0.0295,0.019,0.0159,0.0139,0.0181,0.0137,0.0182,0.0135,0.0137,0.0203,0.0124,0.0067,0.021,0.0138,0.0066,0.0117,0.0043,0.0149,0.0126,0.0102
Test loss: 0.2164,0.1424,0.1155,0.1072,0.1008,0.1028,0.0968,0.1051,0.1084,0.1033,0.1092,0.107,0.1409,0.1116,0.1247,0.1213,0.1318,0.123,0.139,0.1364,0.1591,0.141,0.1454,0.1351,0.144,0.145,0.1512,0.1378,0.15,0.1567,0.1419,0.1385,0.1825,0.145,0.1447,0.1509,0.1356,0.1611,0.1761,0.1676
Train accuracy: 93.8,96.0,96.9,97.3,97.7,97.9,98.4,98.5,98.5,99.0,98.8,99.0,98.2,99.2,99.2,99.2,99.2,99.4,99.2,99.0,99.1,99.4,99.5,99.6,99.4,99.6,99.4,99.6,99.6,99.4,99.6,99.8,99.4,99.5,99.8,99.6,99.9,99.5,99.6,99.7
Test accuracy: 93.9,95.8,96.7,97.0,97.2,97.2,97.4,97.3,97.3,97.5,97.4,97.6,97.0,97.5,97.3,97.5,97.4,97.6,97.3,97.5,97.3,97.5,97.4,97.5,97.3,97.4,97.7,97.6,97.5,97.5,97.7,97.8,97.3,97.7,97.8,97.4,97.8,97.4,97.6,97.7
Seed 4/10
Train loss: 0.8338,0.5646,0.4458,0.3746,0.3364,0.3031,0.2765,0.2605,0.2552,0.2425,0.2217,0.2041,0.1974,0.2163,0.1894,0.187,0.1683,0.1642,0.17,0.1683,0.1579,0.1563,0.1473,0.1484,0.1432,0.1449,0.1374,0.1293,0.1332,0.1341,0.1234,0.1169,0.1203,0.1234,0.1288,0.1125,0.1192,0.105,0.1214,0.1304
Test loss: 0.8155,0.5558,0.4485,0.385,0.3535,0.3276,0.3079,0.2948,0.2963,0.2902,0.2749,0.261,0.257,0.2786,0.2557,0.2619,0.2498,0.2486,0.2572,0.2548,0.2544,0.2572,0.2526,0.2543,0.2594,0.2609,0.2581,0.2647,0.2653,0.2703,0.2524,0.2618,0.2635,0.2703,0.2943,0.274,0.2849,0.272,0.2829,0.2996
Train accuracy: 75.8,86.7,89.6,91.5,92.2,92.8,93.3,93.7,93.6,93.8,94.4,94.9,94.9,94.2,95.0,94.9,95.5,95.6,95.4,95.4,95.5,95.7,96.0,96.0,96.0,95.9,96.2,96.5,96.3,96.1,96.5,96.8,96.6,96.4,96.3,96.8,96.6,96.9,96.4,96.2
Test accuracy: 75.7,86.7,89.4,91.0,91.7,92.2,92.3,92.5,92.3,92.5,92.9,93.2,93.3,92.6,93.2,93.1,93.5,93.5,93.4,93.2,93.5,93.4,93.5,93.4,93.4,93.2,93.8,93.7,93.7,93.2,93.7,93.7,93.4,93.5,93.0,93.6,93.4,93.6,93.2,92.9
Seed 5/10
Train loss: 1.6945,1.5908,1.5351,1.4922,1.4711,1.4428,1.4274,1.4098,1.3947,1.3964,1.3861,1.3779,1.3681,1.3495,1.3614,1.3344,1.3557,1.3538,1.3207,1.3354,1.3222,1.3151,1.3032,1.2952,1.2925,1.2944,1.2982,1.2842,1.3071,1.2821,1.2794,1.29,1.2785,1.2804,1.2881,1.2735,1.2612,1.2711,1.2605,1.2593
Test loss: 1.6852,1.5879,1.5395,1.493,1.4755,1.4502,1.4345,1.422,1.4069,1.407,1.397,1.3923,1.3834,1.3654,1.3813,1.3541,1.3714,1.3754,1.345,1.3492,1.3373,1.3377,1.3285,1.3254,1.3176,1.321,1.3253,1.3123,1.3308,1.3165,1.3091,1.3248,1.3068,1.3143,1.3142,1.3109,1.298,1.3144,1.2985,1.2932
Train accuracy: 35.5,37.9,38.7,39.9,39.9,40.3,41.1,43.0,44.2,43.2,44.0,43.9,44.6,45.7,44.2,46.1,46.4,45.1,46.1,45.7,46.1,45.8,46.6,47.0,47.0,46.7,46.3,47.0,47.2,46.9,46.9,46.6,46.8,46.9,47.2,47.5,47.4,47.0,47.6,47.6
Test accuracy: 35.6,37.3,38.0,39.2,39.0,39.8,40.5,42.4,43.4,42.9,43.5,43.1,44.0,45.1,43.1,45.3,45.7,44.6,45.4,45.1,45.4,45.1,45.6,46.1,46.0,45.9,45.2,46.2,46.4,45.7,46.0,45.5,45.8,45.9,46.7,46.5,46.5,45.8,46.4,46.6
Seed 6/10
Train loss: 1.0776,0.8614,0.7054,0.5426,0.4926,0.4394,0.4154,0.4061,0.3806,0.391,0.3869,0.3845,0.3909,0.3518,0.1735,0.1098,0.0869,0.0851,0.076,0.0745,0.0604,0.0603,0.0502,0.0508,0.05,0.0436,0.0463,0.0438,0.04,0.04,0.0312,0.0326,0.0358,0.0345,0.0308,0.0285,0.0303,0.0341,0.0424,0.0233
Test loss: 1.0927,0.8724,0.7178,0.5656,0.5215,0.4712,0.4566,0.4561,0.4383,0.45,0.4496,0.4444,0.457,0.4247,0.2158,0.1651,0.1406,0.1496,0.1512,0.1477,0.1389,0.1419,0.1396,0.1373,0.1532,0.1575,0.1532,0.1601,0.1595,0.1609,0.1588,0.1619,0.1747,0.1806,0.1685,0.1905,0.1691,0.1925,0.1855,0.1669
Train accuracy: 60.1,68.3,75.5,81.4,82.4,83.8,84.4,84.4,85.0,84.6,84.7,84.7,84.5,85.5,96.0,97.4,97.8,97.7,98.0,97.9,98.4,98.3,98.6,98.6,98.6,98.8,98.7,98.8,98.9,98.9,99.2,99.1,99.0,99.0,99.2,99.2,99.2,99.1,98.7,99.4
Test accuracy: 59.8,68.3,75.2,81.0,82.0,83.2,83.6,83.2,83.9,83.7,83.6,83.7,83.5,84.2,95.3,96.2,96.6,96.4,96.6,96.5,96.8,96.7,96.9,96.8,96.7,96.6,96.7,96.6,97.0,96.6,96.9,97.0,96.6,96.7,96.9,96.7,96.8,96.7,96.5,96.8
Seed 7/10
Train loss: 0.1333,0.074,0.0604,0.0491,0.0332,0.0295,0.0253,0.0238,0.0189,0.0191,0.0164,0.0155,0.0169,0.011,0.0111,0.0126,0.0154,0.0143,0.0047,0.0232,0.0059,0.0162,0.0069,0.0056,0.0052,0.0052,0.0027,0.0068,0.0073,0.0048,0.0071,0.0037,0.0095,0.0121,0.002,0.0028,0.006,0.004,0.0023,0.0056
Test loss: 0.1386,0.0849,0.0762,0.0734,0.0628,0.0697,0.0707,0.0724,0.075,0.0738,0.073,0.0821,0.0846,0.0778,0.082,0.1016,0.106,0.1129,0.0872,0.1153,0.0915,0.1301,0.0954,0.099,0.0948,0.097,0.0922,0.0931,0.1038,0.1154,0.1094,0.1097,0.1078,0.1133,0.1042,0.1065,0.1187,0.1291,0.1094,0.1189
Train accuracy: 96.1,97.8,98.2,98.5,99.0,99.1,99.2,99.3,99.4,99.4,99.5,99.5,99.5,99.7,99.6,99.6,99.5,99.5,99.9,99.3,99.8,99.6,99.8,99.8,99.8,99.8,99.9,99.8,99.8,99.8,99.8,99.9,99.8,99.7,99.9,99.9,99.8,99.9,99.9,99.8
Test accuracy: 95.9,97.3,97.6,98.0,98.3,98.3,98.2,98.2,98.3,98.3,98.4,98.3,98.3,98.4,98.3,98.2,98.0,98.1,98.4,98.0,98.4,98.0,98.4,98.3,98.5,98.3,98.5,98.5,98.3,98.3,98.4,98.4,98.3,98.3,98.4,98.5,98.4,98.2,98.6,98.5
Seed 8/10
Train loss: 0.2046,0.1364,0.0908,0.0715,0.0604,0.0489,0.047,0.0433,0.0319,0.0363,0.0252,0.0229,0.0231,0.0177,0.021,0.0191,0.0199,0.0166,0.0173,0.0217,0.0185,0.0116,0.0141,0.0153,0.0178,0.0189,0.0131,0.0152,0.0135,0.0139,0.0099,0.0132,0.0076,0.0092,0.0133,0.0056,0.0107,0.0085,0.0065,0.0079
Test loss: 0.1962,0.1479,0.1081,0.0978,0.0916,0.0897,0.0979,0.0993,0.0969,0.1137,0.0987,0.1067,0.1088,0.1032,0.1179,0.1091,0.1147,0.112,0.1337,0.1374,0.1377,0.1364,0.1388,0.1405,0.148,0.1565,0.1382,0.1488,0.1568,0.1637,0.1435,0.1455,0.1403,0.1455,0.1559,0.1419,0.1492,0.1509,0.1499,0.1569
Train accuracy: 94.4,96.1,97.3,97.8,98.1,98.4,98.5,98.6,99.0,98.8,99.2,99.3,99.3,99.4,99.3,99.4,99.4,99.5,99.5,99.4,99.4,99.6,99.5,99.5,99.4,99.4,99.6,99.6,99.6,99.6,99.7,99.6,99.8,99.7,99.6,99.8,99.7,99.7,99.8,99.8
Test accuracy: 94.4,95.6,96.8,97.1,97.3,97.6,97.4,97.5,97.7,97.3,97.8,97.7,97.9,97.9,97.8,98.1,97.9,97.9,97.8,97.6,97.8,97.9,97.7,97.7,97.7,97.7,97.7,97.7,97.6,97.6,97.8,97.9,97.9,98.0,97.8,97.9,97.9,98.0,98.0,97.9
Seed 9/10
Train loss: 0.4864,0.2878,0.111,0.0812,0.0608,0.051,0.0431,0.0378,0.0325,0.0317,0.0346,0.0244,0.0192,0.02,0.0248,0.0198,0.0177,0.0148,0.0148,0.0168,0.0143,0.0147,0.011,0.0145,0.0102,0.0098,0.0089,0.0111,0.0092,0.0081,0.0062,0.0117,0.0065,0.0055,0.0091,0.0066,0.0057,0.0068,0.005,0.0043
Test loss: 0.4745,0.2817,0.1177,0.0928,0.0804,0.0782,0.0788,0.0828,0.0825,0.0855,0.0876,0.0875,0.0912,0.0912,0.1017,0.1037,0.0974,0.1,0.1061,0.1111,0.1094,0.1121,0.116,0.1274,0.1231,0.1205,0.1209,0.1303,0.1239,0.126,0.1129,0.145,0.1177,0.1348,0.1305,0.1319,0.1444,0.1346,0.1389,0.1297
Train accuracy: 85.3,92.4,96.7,97.6,98.2,98.5,98.7,98.8,99.0,99.0,98.9,99.3,99.4,99.4,99.2,99.4,99.5,99.6,99.5,99.5,99.5,99.6,99.7,99.5,99.7,99.7,99.8,99.6,99.7,99.8,99.8,99.6,99.8,99.8,99.7,99.8,99.8,99.8,99.8,99.9
Test accuracy: 85.9,92.5,96.6,97.2,97.6,97.6,97.7,97.6,97.8,97.8,97.7,97.8,97.9,97.8,97.6,97.7,97.9,98.1,97.9,97.9,97.9,98.0,97.9,97.7,98.0,97.9,98.1,97.9,97.8,97.9,98.0,97.8,98.1,98.0,97.9,97.8,98.0,97.9,97.8,98.1
Seed 10/10
Train loss: 0.3225,0.2291,0.1781,0.1527,0.1365,0.1147,0.1107,0.1001,0.0864,0.0804,0.0956,0.0699,0.057,0.068,0.0758,0.0488,0.0501,0.0474,0.0456,0.0404,0.0458,0.0432,0.0463,0.0617,0.0488,0.0418,0.0431,0.0345,0.0437,0.0371,0.0415,0.0324,0.0258,0.0425,0.0349,0.0355,0.0289,0.0212,0.0231,0.0367
Test loss: 0.3174,0.2373,0.1973,0.1783,0.1675,0.1519,0.154,0.148,0.1481,0.1542,0.175,0.1449,0.1256,0.1549,0.1662,0.141,0.1412,0.1479,0.1566,0.1547,0.1652,0.1696,0.1791,0.2054,0.1911,0.1796,0.1956,0.1838,0.1941,0.1897,0.1943,0.2029,0.1888,0.2047,0.1969,0.1866,0.2007,0.194,0.1983,0.2033
Train accuracy: 90.7,93.2,94.6,95.5,96.0,96.7,96.8,97.2,97.5,97.6,97.2,97.9,98.3,98.0,97.8,98.5,98.6,98.7,98.7,98.8,98.6,98.8,98.6,98.3,98.6,98.8,98.8,99.0,98.7,98.9,98.9,99.1,99.3,98.8,99.1,98.9,99.2,99.4,99.4,99.1
Test accuracy: 90.5,92.7,94.1,94.8,95.3,95.8,96.0,96.0,96.2,96.0,95.7,96.1,96.6,96.5,96.0,96.7,96.5,96.5,96.5,96.3,96.2,96.4,96.1,96.0,96.3,96.6,96.3,96.4,96.1,96.1,96.4,96.2,96.5,96.2,96.5,96.3,96.5,96.6,96.5,96.4
