Seed 1/10
Train loss: 2.3106,2.3013,2.3012,2.3012,2.3012,2.3012,2.3012,2.3012,2.3012,2.3012,2.3012,2.3012,2.3012,2.3012,2.3012,2.3012,2.3012,2.3012,2.3012,2.3012,2.3012,2.3012,2.3012,2.3012,2.3012,2.3012,2.3012,2.3012,2.3012,2.3012,2.3012,2.3012,2.3012,2.3012,2.3012,2.3012,2.3012,2.3012,2.3012,2.3012
Test loss: 2.3112,2.3013,2.3011,2.3011,2.3011,2.3011,2.3011,2.3011,2.3011,2.3011,2.3011,2.3011,2.3011,2.3011,2.3011,2.3011,2.3011,2.3011,2.3011,2.3011,2.3011,2.3011,2.3011,2.3011,2.3011,2.3011,2.3011,2.3011,2.3011,2.3011,2.3011,2.3011,2.3011,2.3011,2.3011,2.3011,2.3011,2.3011,2.3011,2.3011
Train accuracy: 10.4,11.2,11.2,11.2,11.2,11.2,11.2,11.2,11.2,11.2,11.2,11.2,11.2,11.2,11.2,11.2,11.2,11.2,11.2,11.2,11.2,11.2,11.2,11.2,11.2,11.2,11.2,11.2,11.2,11.2,11.2,11.2,11.2,11.2,11.2,11.2,11.2,11.2,11.2,11.2
Test accuracy: 10.3,11.3,11.3,11.3,11.3,11.3,11.3,11.3,11.3,11.3,11.3,11.3,11.3,11.3,11.3,11.3,11.3,11.3,11.3,11.3,11.3,11.3,11.3,11.3,11.3,11.3,11.3,11.3,11.3,11.3,11.3,11.3,11.3,11.3,11.3,11.3,11.3,11.3,11.3,11.3
Seed 2/10
Train loss: 1.7786,1.639,1.5744,1.5304,1.5002,1.4743,1.4544,1.4396,1.4283,1.4231,1.4097,1.3968,1.3909,1.385,1.3704,1.3612,1.3607,1.3798,1.3476,1.3412,1.337,1.3506,1.3167,1.3212,1.312,1.3217,1.3071,1.3008,1.2996,1.3137,1.3088,1.2996,1.2858,1.2868,1.2848,1.2807,1.2727,1.2731,1.277,1.2743
Test loss: 1.786,1.6514,1.5904,1.5528,1.5292,1.5074,1.4939,1.4815,1.4787,1.4765,1.4683,1.4633,1.4561,1.4586,1.4468,1.4486,1.4569,1.4843,1.4508,1.4522,1.4567,1.4762,1.4283,1.4333,1.444,1.4615,1.4454,1.4327,1.4467,1.4614,1.4508,1.4491,1.4466,1.4379,1.4737,1.4534,1.455,1.4507,1.4586,1.4724
Train accuracy: 29.3,31.8,34.2,36.0,36.8,37.5,37.8,38.1,38.7,38.5,39.7,40.1,41.1,41.8,43.1,43.4,44.1,42.5,44.7,44.8,44.8,44.1,45.4,45.4,45.9,45.5,45.8,45.9,46.0,45.1,45.3,45.6,46.4,46.4,46.3,46.4,46.5,46.5,46.4,46.3
Test accuracy: 29.0,30.8,33.0,34.9,35.8,36.7,37.0,37.4,37.7,37.7,38.6,38.9,39.7,40.7,41.6,41.8,42.7,41.2,43.2,43.2,43.1,42.7,43.8,44.0,44.7,44.0,44.1,44.4,44.2,43.9,43.8,44.0,44.6,44.7,44.7,44.6,44.7,44.9,44.6,44.6
Seed 3/10
Train loss: 1.8944,1.8142,1.7719,1.7483,1.7299,1.7166,1.7042,1.6963,1.6913,1.6833,1.6817,1.6779,1.6693,1.6774,1.6665,1.6626,1.6742,1.6584,1.6565,1.6686,1.6538,1.6556,1.6546,1.6563,1.6476,1.6893,1.6474,1.6487,1.6445,1.6427,1.6441,1.6447,1.5832,1.5133,1.4865,1.4771,1.4653,1.4528,1.4489,1.442
Test loss: 1.8961,1.8199,1.7776,1.7584,1.7407,1.7284,1.7197,1.7164,1.7068,1.71,1.707,1.7176,1.7093,1.7268,1.702,1.7002,1.7282,1.7116,1.7121,1.7326,1.7126,1.7148,1.7189,1.7155,1.7055,1.785,1.7142,1.6988,1.7229,1.7045,1.704,1.6986,1.6199,1.5579,1.5343,1.5306,1.5264,1.5229,1.5303,1.5173
Train accuracy: 20.3,30.5,30.6,30.9,30.8,30.8,31.0,31.1,30.9,31.2,31.0,31.4,31.4,31.5,31.3,31.4,31.5,31.6,31.6,31.6,31.7,31.7,31.7,31.7,31.8,31.8,31.8,31.6,31.8,31.9,32.0,32.4,36.1,38.2,38.6,39.0,39.2,39.5,39.6,39.5
Test accuracy: 19.9,30.4,30.5,30.7,30.7,30.6,30.9,30.9,30.8,30.9,30.7,30.9,31.1,31.3,31.1,31.0,31.1,31.3,31.3,31.3,31.4,31.2,31.2,31.3,31.3,31.6,31.3,31.0,31.2,31.3,31.4,32.1,35.8,37.8,38.1,38.5,38.5,38.9,38.7,38.5
Seed 4/10
Train loss: 1.8259,1.7087,1.635,1.5865,1.5476,1.5184,1.4936,1.4701,1.4485,1.4364,1.428,1.4182,1.4091,1.4038,1.3829,1.3822,1.3952,1.3746,1.364,1.3567,1.3532,1.3447,1.3228,1.3276,1.3164,1.3158,1.3105,1.2886,1.3013,1.2854,1.2995,1.2936,1.2803,1.273,1.2798,1.259,1.2869,1.2609,1.2543,1.2669
Test loss: 1.8285,1.7239,1.6627,1.624,1.5923,1.575,1.5542,1.5394,1.5255,1.5242,1.5284,1.5412,1.5371,1.5476,1.5291,1.5406,1.5719,1.5576,1.5562,1.57,1.5795,1.5901,1.5913,1.6013,1.604,1.6057,1.6029,1.6138,1.6276,1.6408,1.6667,1.6799,1.6451,1.6942,1.7087,1.6609,1.737,1.7317,1.7243,1.7709
Train accuracy: 18.8,26.9,31.7,37.0,39.6,41.2,41.8,42.4,43.0,43.3,43.2,43.2,43.9,44.6,43.8,44.1,42.9,44.1,44.3,44.3,44.8,45.2,45.9,44.9,44.9,45.4,45.0,46.4,45.1,46.1,45.5,45.6,46.5,47.1,46.3,46.5,46.1,47.0,46.5,46.8
Test accuracy: 19.2,26.7,31.6,36.1,38.4,40.5,41.3,42.1,42.2,42.3,42.4,42.4,43.2,43.3,42.5,42.9,41.1,42.6,42.9,43.0,43.0,43.6,43.9,42.9,43.3,43.1,43.0,44.2,42.9,43.6,43.3,42.8,44.4,44.3,44.0,43.7,43.7,44.1,43.6,43.8
Seed 5/10
Train loss: 1.7952,1.6939,1.6402,1.5945,1.5654,1.5393,1.5183,1.5045,1.4875,1.4765,1.4699,1.4791,1.4377,1.432,1.4198,1.4289,1.4241,1.408,1.3942,1.3959,1.3925,1.3999,1.3679,1.3745,1.3698,1.3741,1.3605,1.3476,1.3449,1.3522,1.3552,1.3475,1.3429,1.3456,1.3251,1.316,1.3435,1.3318,1.3201,1.3176
Test loss: 1.7858,1.6876,1.6401,1.6038,1.584,1.5628,1.5515,1.547,1.5421,1.5381,1.5413,1.5635,1.5251,1.536,1.5253,1.5474,1.5532,1.5464,1.5226,1.5401,1.5419,1.5799,1.5431,1.562,1.5613,1.5576,1.5691,1.5474,1.5726,1.5676,1.6153,1.6114,1.6205,1.6088,1.6105,1.591,1.6664,1.6414,1.6305,1.6122
Train accuracy: 28.1,32.2,34.6,37.0,37.8,39.4,40.1,40.7,41.5,42.1,41.7,41.2,42.5,43.0,43.3,42.6,42.8,43.8,43.6,44.0,44.1,44.5,44.8,44.6,44.2,43.8,44.7,45.0,45.2,44.8,45.4,45.4,45.4,45.4,45.6,45.9,45.7,45.9,45.8,45.7
Test accuracy: 28.6,31.9,34.3,37.0,37.8,39.1,39.5,39.8,40.8,41.2,40.6,40.0,41.2,41.8,42.0,41.5,41.6,42.5,42.5,42.9,43.0,43.5,43.1,42.8,42.6,42.3,43.2,43.2,43.3,43.1,43.5,43.5,43.5,43.2,43.3,43.8,43.6,43.8,43.6,43.5
Seed 6/10
Train loss: 1.751,1.6444,1.5858,1.5415,1.5069,1.4766,1.457,1.4412,1.4248,1.4028,1.4047,1.3771,1.3747,1.3687,1.366,1.3513,1.3443,1.3398,1.3286,1.3421,1.3185,1.3168,1.3235,1.3154,1.3352,1.2998,1.295,1.2908,1.2762,1.2913,1.2922,1.2831,1.286,1.2743,1.2797,1.2633,1.2612,1.2581,1.2635,1.2543
Test loss: 1.7459,1.6449,1.5919,1.5609,1.5322,1.5172,1.5068,1.5013,1.5046,1.4848,1.484,1.4704,1.4817,1.4974,1.4814,1.4815,1.4956,1.4942,1.5066,1.5094,1.4765,1.5061,1.4978,1.4884,1.4941,1.4915,1.517,1.5336,1.5375,1.567,1.5033,1.5276,1.5701,1.5203,1.4817,1.5391,1.5861,1.5569,1.5337,1.6193
Train accuracy: 30.8,28.3,29.4,36.5,40.7,43.1,42.4,44.1,43.9,44.6,44.0,45.0,44.2,44.7,45.0,45.4,45.6,44.7,46.3,45.4,45.6,45.7,45.4,45.3,44.4,46.0,46.2,46.5,47.0,46.3,45.7,46.3,46.7,46.6,46.1,47.1,47.1,47.2,46.7,47.3
Test accuracy: 30.6,28.2,28.4,35.5,39.8,42.5,41.5,43.4,43.1,44.0,43.2,44.2,43.5,43.6,44.5,44.4,44.8,43.6,45.2,44.5,44.5,44.4,44.3,44.0,43.5,44.7,44.8,45.3,45.4,45.1,44.8,44.9,45.2,45.1,44.8,45.8,45.4,45.7,45.1,45.9
Seed 7/10
Train loss: 1.7964,1.6603,1.598,1.561,1.5255,1.4985,1.4795,1.463,1.4441,1.4316,1.4279,1.4108,1.4117,1.3985,1.3905,1.3864,1.3738,1.3787,1.3873,1.367,1.3733,1.3441,1.3575,1.3431,1.332,1.3233,1.34,1.3188,1.3216,1.3259,1.3113,1.3225,1.3096,1.3086,1.3044,1.3049,1.2989,1.2917,1.2971,1.3049
Test loss: 1.802,1.6732,1.618,1.5867,1.5567,1.5415,1.5338,1.5157,1.5139,1.511,1.51,1.5065,1.513,1.5022,1.5151,1.5255,1.519,1.5143,1.565,1.5403,1.53,1.5365,1.5339,1.5242,1.5464,1.5477,1.5751,1.5461,1.5502,1.5596,1.5703,1.5612,1.5728,1.5775,1.5977,1.5924,1.6096,1.6101,1.5678,1.5979
Train accuracy: 29.3,33.4,36.0,36.3,38.0,39.5,40.6,41.3,42.1,42.3,41.4,42.7,42.9,42.8,42.6,43.2,43.4,43.4,43.2,44.0,42.9,44.4,43.6,44.2,44.7,44.7,44.3,44.9,44.9,44.7,45.2,44.7,44.8,45.2,45.4,45.3,45.5,45.6,45.3,44.5
Test accuracy: 29.6,33.5,35.5,35.3,37.3,38.6,39.7,40.4,41.2,41.7,40.7,41.8,42.1,41.7,41.9,42.2,42.4,41.9,42.1,42.5,41.4,42.9,42.1,43.0,43.2,43.0,42.8,43.2,43.1,42.8,43.4,42.8,43.1,43.2,43.2,43.2,43.5,43.7,43.4,42.5
Seed 8/10
Train loss: 1.7806,1.6492,1.5836,1.5426,1.5084,1.4839,1.4591,1.4445,1.4199,1.4142,1.3981,1.3863,1.382,1.3727,1.3551,1.3609,1.3644,1.3537,1.3379,1.3512,1.3491,1.3159,1.3498,1.3085,1.3105,1.3137,1.3139,1.2918,1.297,1.2979,1.3097,1.3053,1.2802,1.2985,1.2782,1.2715,1.2679,1.2719,1.2785,1.2677
Test loss: 1.7841,1.6547,1.594,1.5592,1.5325,1.5116,1.4888,1.4802,1.4682,1.455,1.4447,1.4382,1.4326,1.4226,1.4277,1.4174,1.4455,1.428,1.4213,1.4259,1.4228,1.4025,1.422,1.4097,1.4215,1.4117,1.3995,1.4044,1.4045,1.4192,1.4292,1.4282,1.4237,1.433,1.4223,1.4405,1.4483,1.4251,1.4358,1.4518
Train accuracy: 22.0,31.3,35.2,36.9,38.0,39.1,40.9,41.0,42.1,42.4,42.9,42.9,43.6,43.3,43.5,43.4,43.5,43.8,44.3,43.2,43.6,44.6,43.6,44.9,44.7,44.6,44.5,45.3,45.0,45.1,44.4,44.5,45.3,44.8,45.6,45.7,45.9,45.7,45.3,45.9
Test accuracy: 22.5,31.3,35.1,36.4,37.3,38.8,40.6,40.7,41.5,41.9,42.3,42.2,42.9,42.6,42.5,42.5,42.8,42.9,43.6,42.3,42.9,43.6,42.3,43.9,43.8,43.6,43.3,43.9,43.7,43.6,43.1,43.3,44.0,43.4,44.2,44.1,44.5,44.3,43.7,44.5
Seed 9/10
Train loss: 1.7142,1.5978,1.5307,1.4896,1.4508,1.4208,1.4029,1.3684,1.3557,1.3518,1.335,1.3307,1.3402,1.3103,1.3076,1.2952,1.2797,1.3065,1.2906,1.282,1.2549,1.2511,1.253,1.2389,1.2415,1.2292,1.2374,1.2198,1.201,1.1975,1.2102,1.1916,1.18,1.1946,1.1945,1.1802,1.1881,1.1602,1.1647,1.1556
Test loss: 1.7132,1.6043,1.5437,1.5098,1.4791,1.455,1.4503,1.4172,1.4112,1.4105,1.4094,1.4166,1.4334,1.41,1.4196,1.4131,1.4004,1.4534,1.4452,1.4338,1.4153,1.421,1.4501,1.4317,1.45,1.4414,1.4744,1.4405,1.4276,1.4392,1.4716,1.4671,1.4347,1.4514,1.5009,1.4606,1.5155,1.4593,1.4819,1.4777
Train accuracy: 29.7,36.2,37.8,38.9,39.3,40.3,40.8,42.7,43.3,44.3,46.5,46.0,46.2,46.5,46.8,47.1,48.2,48.1,48.6,49.4,48.7,49.4,49.9,49.6,50.4,49.9,50.3,49.5,50.8,51.1,51.2,51.4,51.1,50.0,51.2,50.8,51.8,52.0,52.3,52.1
Test accuracy: 29.7,36.3,38.0,39.3,39.1,40.6,40.6,43.0,43.4,44.0,45.8,45.2,45.2,45.5,45.4,45.7,46.9,46.6,47.2,47.9,46.7,48.0,48.2,48.0,48.9,47.8,48.5,47.6,48.9,49.2,49.3,49.1,48.8,48.1,48.6,48.7,49.7,49.6,50.0,49.3
Seed 10/10
Train loss: 1.7511,1.5795,1.4952,1.4391,1.4021,1.3681,1.3342,1.3016,1.2806,1.2631,1.2499,1.2473,1.2229,1.2177,1.2205,1.2116,1.1825,1.1882,1.1753,1.1718,1.1547,1.1592,1.1485,1.1393,1.1378,1.1299,1.124,1.1323,1.1159,1.102,1.1,1.1072,1.0937,1.09,1.0907,1.0788,1.0729,1.0921,1.0639,1.0705
Test loss: 1.7506,1.5895,1.5122,1.4618,1.4368,1.4087,1.3841,1.3621,1.3461,1.3383,1.3354,1.3398,1.3317,1.3278,1.3364,1.3287,1.3331,1.3352,1.3245,1.3257,1.3355,1.3202,1.3356,1.3396,1.3271,1.3489,1.3444,1.3627,1.3398,1.3265,1.3307,1.3403,1.3413,1.3184,1.3327,1.3451,1.3421,1.3668,1.3699,1.3483
Train accuracy: 25.8,29.4,33.9,37.6,38.3,38.8,39.8,41.8,44.2,44.5,46.0,46.1,46.7,47.2,46.6,47.1,48.7,47.6,48.6,48.7,49.5,48.6,49.1,49.5,50.8,51.1,51.3,51.0,53.0,53.6,53.6,53.1,53.9,54.4,53.4,55.1,55.0,53.9,55.4,54.5
Test accuracy: 25.4,29.5,33.7,36.6,38.0,39.0,40.3,42.4,43.9,44.1,45.7,44.9,45.6,45.8,45.0,45.8,47.3,46.4,47.2,47.1,47.9,46.9,47.5,48.0,49.3,49.6,49.9,49.2,51.4,51.6,51.5,50.9,51.8,52.5,51.1,52.7,52.5,51.8,52.5,51.9
