Seed 1/10
Train loss: 0.1082,0.0609,0.0535,0.0325,0.036,0.0227,0.018,0.0289,0.0094,0.018,0.0125,0.0085,0.0119,0.0078,0.0053,0.0046,0.0054,0.0034,0.0045,0.0048,0.0047,0.0038,0.0082,0.002,0.0058,0.0024,0.0014,0.0027,0.0018,0.0004,0.0151,0.002,0.0051,0.0018,0.0024,0.0009,0.0007,0.0054,0.0011,0.0002
Test loss: 0.1084,0.0765,0.0745,0.0643,0.0745,0.0596,0.0657,0.09,0.0631,0.0875,0.0867,0.0755,0.0848,0.0833,0.0758,0.0797,0.0764,0.0806,0.0749,0.0826,0.0826,0.093,0.0988,0.0769,0.1108,0.0754,0.09,0.0954,0.0905,0.075,0.1136,0.094,0.1177,0.0874,0.0951,0.0928,0.0951,0.116,0.0975,0.1008
Train accuracy: 96.8,98.1,98.3,99.0,98.8,99.2,99.4,99.0,99.7,99.4,99.6,99.7,99.6,99.7,99.8,99.8,99.8,99.9,99.8,99.8,99.8,99.9,99.7,99.9,99.8,99.9,99.9,99.9,99.9,100.0,99.5,99.9,99.8,99.9,99.9,100.0,100.0,99.9,100.0,100.0
Test accuracy: 96.7,97.5,97.7,98.1,98.0,98.3,98.3,97.9,98.5,98.2,98.2,98.6,98.4,98.4,98.7,98.8,98.7,98.7,98.6,98.5,98.5,98.6,98.5,98.7,98.4,98.7,98.6,98.5,98.5,98.7,98.3,98.5,98.4,98.7,98.6,98.7,98.7,98.6,98.8,98.8
Seed 2/10
Train loss: 0.0849,0.0643,0.0504,0.0356,0.0286,0.0286,0.0259,0.023,0.0213,0.0284,0.0135,0.0225,0.0248,0.0135,0.0087,0.0116,0.0164,0.0063,0.0117,0.0153,0.0042,0.0089,0.0036,0.0061,0.0077,0.0063,0.0031,0.0071,0.0049,0.0024,0.0027,0.0062,0.0027,0.0035,0.003,0.0085,0.0041,0.0039,0.0014,0.0019
Test loss: 0.0883,0.079,0.0693,0.0601,0.0564,0.0645,0.0681,0.0682,0.0738,0.0872,0.0713,0.088,0.0908,0.0766,0.0625,0.0773,0.0827,0.073,0.1043,0.0949,0.0896,0.085,0.0837,0.095,0.1031,0.091,0.0826,0.1097,0.0952,0.0873,0.0878,0.0909,0.0871,0.088,0.0907,0.0954,0.0933,0.1055,0.1026,0.1089
Train accuracy: 97.5,98.0,98.4,98.9,99.1,99.1,99.1,99.2,99.3,99.0,99.5,99.2,99.1,99.5,99.7,99.6,99.5,99.8,99.6,99.5,99.9,99.7,99.9,99.8,99.8,99.8,99.9,99.8,99.8,99.9,99.9,99.8,99.9,99.9,99.9,99.8,99.9,99.9,99.9,99.9
Test accuracy: 97.3,97.5,97.8,98.2,98.4,98.3,98.1,98.2,98.3,98.1,98.3,98.0,97.8,98.4,98.5,98.4,98.2,98.6,98.4,98.2,98.6,98.5,98.6,98.4,98.4,98.5,98.6,98.4,98.5,98.7,98.5,98.4,98.6,98.7,98.7,98.5,98.6,98.6,98.6,98.5
Seed 3/10
Train loss: 0.5415,0.2467,0.1767,0.1562,0.1416,0.1205,0.1163,0.1179,0.1006,0.1009,0.0864,0.077,0.0674,0.0641,0.0699,0.0583,0.0594,0.068,0.0631,0.0438,0.0425,0.0359,0.045,0.0542,0.0362,0.0411,0.0363,0.027,0.0332,0.028,0.0318,0.0238,0.022,0.0233,0.0536,0.0201,0.0297,0.0265,0.0253,0.0293
Test loss: 0.5352,0.2499,0.1927,0.1836,0.1792,0.1731,0.1774,0.1861,0.1794,0.1879,0.1896,0.1864,0.1744,0.1924,0.203,0.2037,0.2076,0.2245,0.2298,0.2159,0.2264,0.2135,0.2164,0.2497,0.2076,0.2334,0.2296,0.2249,0.2245,0.2278,0.2515,0.2418,0.2323,0.2469,0.269,0.2462,0.2688,0.2654,0.2717,0.2629
Train accuracy: 84.7,92.8,94.8,95.2,95.6,96.3,96.4,96.5,96.9,96.9,97.4,97.6,97.9,98.0,97.9,98.1,98.1,97.9,98.1,98.6,98.7,98.9,98.7,98.3,98.9,98.8,98.9,99.2,99.0,99.2,99.0,99.3,99.3,99.3,98.6,99.4,99.1,99.2,99.2,99.0
Test accuracy: 85.3,93.0,94.3,94.4,94.6,95.1,95.1,95.2,95.3,95.2,95.4,95.3,95.7,95.4,95.3,95.3,95.3,95.0,95.2,95.6,95.5,95.9,95.7,95.0,95.8,95.8,95.7,95.9,95.9,96.0,95.7,95.8,95.8,95.7,95.5,95.8,95.8,95.8,95.6,95.5
Seed 4/10
Train loss: 0.4328,0.2768,0.2029,0.1553,0.1146,0.0996,0.0856,0.0785,0.0721,0.0689,0.0696,0.0597,0.0577,0.0558,0.0475,0.038,0.0407,0.0483,0.0367,0.0336,0.0339,0.0336,0.0321,0.0316,0.0303,0.0275,0.0382,0.0384,0.0236,0.0255,0.0312,0.025,0.0203,0.0229,0.0198,0.0203,0.0203,0.0169,0.0203,0.0158
Test loss: 0.4354,0.289,0.2269,0.1913,0.1566,0.1567,0.1458,0.1422,0.1544,0.1526,0.1621,0.1562,0.1608,0.164,0.1592,0.1553,0.1704,0.1997,0.1765,0.1772,0.1866,0.1853,0.1912,0.2098,0.1871,0.2013,0.204,0.2551,0.2111,0.2203,0.2251,0.2134,0.2051,0.2014,0.2192,0.2328,0.2398,0.2244,0.2406,0.2088
Train accuracy: 90.6,92.6,94.3,95.7,96.7,97.2,97.6,97.7,97.9,98.0,97.9,98.3,98.3,98.4,98.6,98.9,98.8,98.6,98.9,99.0,99.0,99.0,99.1,99.0,99.1,99.2,98.9,99.0,99.3,99.3,99.2,99.3,99.4,99.3,99.5,99.5,99.5,99.6,99.5,99.6
Test accuracy: 90.8,92.6,94.0,95.0,95.9,95.9,96.4,96.5,96.2,96.3,96.2,96.5,96.3,96.5,96.7,96.7,96.7,96.4,96.7,96.8,96.5,96.6,96.5,96.5,96.8,96.6,96.7,96.5,96.5,96.6,96.5,96.5,96.7,96.4,96.7,96.7,96.5,96.5,96.5,96.8
Seed 5/10
Train loss: 0.1429,0.0649,0.0442,0.0291,0.0311,0.0301,0.0177,0.017,0.018,0.0108,0.0088,0.0214,0.0132,0.0072,0.0057,0.0059,0.009,0.0056,0.0118,0.0052,0.0027,0.0097,0.0081,0.0037,0.0026,0.0024,0.0016,0.0056,0.0028,0.003,0.0007,0.0068,0.0039,0.0018,0.0009,0.0385,0.0016,0.0003,0.0001,0.0039
Test loss: 0.1423,0.0732,0.0575,0.0513,0.0634,0.0707,0.0537,0.0619,0.0641,0.0701,0.0691,0.093,0.0896,0.0813,0.077,0.0722,0.087,0.0831,0.1073,0.0964,0.0891,0.1097,0.1092,0.085,0.0796,0.0924,0.0964,0.109,0.1012,0.0898,0.0823,0.1117,0.1025,0.0931,0.0995,0.1503,0.099,0.0952,0.0992,0.0963
Train accuracy: 96.0,98.1,98.7,99.1,99.0,99.1,99.4,99.4,99.4,99.6,99.7,99.3,99.6,99.7,99.8,99.8,99.7,99.8,99.6,99.8,99.9,99.7,99.7,99.9,99.9,99.9,100.0,99.8,99.9,99.9,100.0,99.8,99.9,99.9,100.0,99.1,100.0,100.0,100.0,99.9
Test accuracy: 96.0,97.8,98.2,98.3,98.0,98.3,98.4,98.5,98.2,98.5,98.4,98.1,98.3,98.5,98.6,98.6,98.5,98.7,98.3,98.4,98.6,98.1,98.4,98.7,98.7,98.7,98.8,98.7,98.7,98.7,98.7,98.3,98.6,98.7,98.7,98.0,98.8,98.8,98.9,98.7
Seed 6/10
Train loss: 0.2315,0.1185,0.089,0.0719,0.0553,0.0506,0.0397,0.0352,0.0398,0.0214,0.025,0.0191,0.0162,0.0159,0.0172,0.0097,0.011,0.0112,0.0086,0.0105,0.0057,0.008,0.006,0.0102,0.0075,0.0047,0.0098,0.0084,0.021,0.0092,0.0075,0.0078,0.0065,0.0071,0.0039,0.0058,0.0118,0.002,0.003,0.0063
Test loss: 0.2377,0.129,0.1103,0.0969,0.0844,0.0861,0.0893,0.0888,0.1066,0.0887,0.1003,0.0988,0.0896,0.0956,0.1135,0.1014,0.0965,0.1078,0.0939,0.1061,0.0962,0.0974,0.0967,0.115,0.0984,0.0922,0.1117,0.1168,0.1505,0.1209,0.1191,0.1241,0.1223,0.1453,0.128,0.1395,0.1484,0.1235,0.1209,0.1269
Train accuracy: 93.2,96.6,97.3,97.8,98.3,98.5,98.8,98.9,98.7,99.3,99.2,99.4,99.5,99.5,99.4,99.7,99.6,99.6,99.7,99.7,99.8,99.7,99.8,99.7,99.7,99.8,99.7,99.7,99.4,99.7,99.8,99.7,99.8,99.8,99.9,99.8,99.7,99.9,99.9,99.8
Test accuracy: 92.9,96.2,96.7,97.2,97.5,97.5,97.8,97.7,97.6,97.9,97.9,97.9,98.1,97.9,97.7,98.1,98.0,98.1,98.2,98.1,98.2,98.1,98.2,97.9,98.2,98.3,98.1,98.1,97.8,98.1,98.0,98.0,98.1,98.2,98.1,97.9,98.0,98.2,98.1,98.2
Seed 7/10
Train loss: 0.1835,0.1261,0.0865,0.0961,0.0578,0.0401,0.0494,0.042,0.0492,0.0388,0.0205,0.0223,0.0205,0.0191,0.0141,0.0367,0.0166,0.0078,0.016,0.0179,0.01,0.0095,0.0206,0.0079,0.0071,0.0121,0.0071,0.0044,0.0054,0.007,0.0088,0.0059,0.0034,0.0073,0.008,0.0033,0.0074,0.0052,0.0016,0.0027
Test loss: 0.1836,0.1406,0.1056,0.1273,0.0896,0.0846,0.1026,0.0936,0.1214,0.112,0.0932,0.1012,0.1077,0.0984,0.1079,0.1275,0.1103,0.1014,0.119,0.1189,0.1106,0.113,0.1417,0.1141,0.1282,0.1255,0.1232,0.1105,0.1141,0.1156,0.1353,0.1428,0.1305,0.1349,0.1409,0.1219,0.1488,0.1345,0.1267,0.1285
Train accuracy: 94.8,96.4,97.4,96.9,98.2,98.7,98.4,98.6,98.5,98.7,99.3,99.3,99.3,99.3,99.5,98.9,99.5,99.7,99.5,99.4,99.6,99.7,99.4,99.7,99.7,99.6,99.8,99.8,99.8,99.8,99.7,99.8,99.9,99.8,99.8,99.9,99.8,99.8,100.0,99.9
Test accuracy: 94.8,95.9,96.8,96.2,97.3,97.8,97.3,97.5,97.0,97.2,97.9,97.8,97.7,97.8,97.9,97.3,97.8,98.0,97.8,97.8,98.0,98.0,97.9,98.1,98.0,97.9,98.0,98.1,98.2,98.0,97.9,97.9,98.2,98.0,98.1,98.2,98.2,98.2,98.3,98.2
Seed 8/10
Train loss: 0.0934,0.0752,0.0507,0.0387,0.0507,0.0278,0.0198,0.0426,0.0198,0.0187,0.0216,0.014,0.0128,0.0093,0.0102,0.009,0.0063,0.0094,0.008,0.0061,0.0094,0.0101,0.0029,0.0035,0.0018,0.0022,0.0089,0.0043,0.001,0.0043,0.0055,0.0014,0.0094,0.0042,0.0011,0.0092,0.0017,0.0038,0.0024,0.0015
Test loss: 0.0955,0.0794,0.0639,0.0594,0.0775,0.0636,0.0599,0.1042,0.0726,0.0752,0.0956,0.074,0.0838,0.0745,0.0853,0.0697,0.076,0.0934,0.0817,0.0845,0.0987,0.0837,0.0907,0.0849,0.0807,0.1027,0.0896,0.1061,0.0904,0.0881,0.1085,0.0865,0.098,0.0898,0.088,0.1204,0.0831,0.0972,0.0983,0.1117
Train accuracy: 97.1,97.6,98.4,98.8,98.3,99.1,99.4,98.8,99.3,99.4,99.4,99.5,99.5,99.7,99.7,99.7,99.8,99.7,99.7,99.8,99.7,99.7,99.9,99.9,99.9,99.9,99.7,99.9,100.0,99.9,99.8,99.9,99.7,99.8,100.0,99.7,100.0,99.9,99.9,100.0
Test accuracy: 96.9,97.4,98.0,98.2,97.7,98.3,98.4,97.8,98.2,98.3,98.3,98.4,98.4,98.4,98.5,98.6,98.5,98.4,98.5,98.5,98.3,98.4,98.6,98.6,98.8,98.7,98.5,98.4,98.7,98.6,98.6,98.7,98.4,98.6,98.6,98.4,98.7,98.6,98.7,98.6
Seed 9/10
Train loss: 0.1593,0.0916,0.0668,0.0441,0.041,0.0373,0.0328,0.025,0.0351,0.0176,0.0207,0.0156,0.0146,0.0111,0.0177,0.0141,0.0164,0.0073,0.0161,0.0121,0.0194,0.0074,0.0135,0.0129,0.0105,0.0043,0.005,0.0039,0.0058,0.0084,0.0026,0.0049,0.0034,0.0093,0.0036,0.0015,0.0049,0.0186,0.0021,0.0099
Test loss: 0.165,0.1083,0.0977,0.0698,0.0781,0.0735,0.0748,0.0717,0.0837,0.0665,0.0803,0.0866,0.0809,0.09,0.0955,0.1008,0.1113,0.0932,0.1097,0.1119,0.1284,0.1073,0.1184,0.109,0.1115,0.1016,0.1056,0.1108,0.1213,0.1039,0.1022,0.1143,0.1114,0.1287,0.1025,0.1148,0.1388,0.1715,0.1148,0.1442
Train accuracy: 95.5,97.4,98.0,98.8,98.8,98.8,98.9,99.2,98.9,99.4,99.4,99.5,99.5,99.6,99.5,99.6,99.5,99.8,99.5,99.6,99.4,99.8,99.6,99.6,99.6,99.8,99.8,99.9,99.8,99.8,99.9,99.8,99.9,99.7,99.9,99.9,99.8,99.4,99.9,99.7
Test accuracy: 95.4,97.0,97.4,98.0,97.9,98.0,97.9,98.1,98.0,98.2,98.1,98.2,98.3,98.2,98.1,98.2,98.0,98.3,98.0,98.1,98.0,98.2,98.1,98.3,98.2,98.4,98.4,98.2,98.2,98.2,98.4,98.2,98.3,98.1,98.3,98.5,98.1,97.8,98.4,98.2
Seed 10/10
Train loss: 0.1337,0.089,0.0586,0.0527,0.0422,0.037,0.0257,0.0298,0.0187,0.0238,0.0208,0.013,0.0147,0.0154,0.0073,0.0107,0.0071,0.0113,0.0054,0.0311,0.0082,0.0101,0.0068,0.0048,0.0083,0.0073,0.0138,0.0039,0.0086,0.0035,0.0044,0.0103,0.001,0.008,0.0087,0.0041,0.0036,0.0009,0.0049,0.0027
Test loss: 0.1382,0.0964,0.0759,0.075,0.0777,0.0839,0.0786,0.0844,0.0789,0.1028,0.1043,0.0895,0.0948,0.0959,0.0951,0.0991,0.0939,0.1079,0.0902,0.1578,0.1045,0.1112,0.1205,0.1064,0.1297,0.1185,0.146,0.1145,0.118,0.1161,0.1139,0.139,0.1075,0.1341,0.167,0.1266,0.1356,0.122,0.1394,0.1279
Train accuracy: 95.9,97.3,98.3,98.3,98.7,98.8,99.2,99.1,99.4,99.2,99.3,99.6,99.5,99.5,99.8,99.6,99.8,99.6,99.8,99.1,99.7,99.6,99.8,99.8,99.7,99.8,99.5,99.9,99.7,99.9,99.8,99.7,100.0,99.8,99.7,99.9,99.9,100.0,99.8,99.9
Test accuracy: 95.8,96.9,97.7,97.7,97.7,97.7,97.9,97.9,98.0,97.8,97.8,97.9,98.0,98.0,98.2,98.1,98.3,98.2,98.3,97.6,98.1,98.1,98.1,98.0,98.0,98.0,97.8,98.2,98.0,98.1,98.2,98.0,98.3,98.3,98.0,98.1,98.3,98.5,98.2,98.5
