Seed 1/10
Train loss: 0.1418,0.1101,0.0733,0.0551,0.0426,0.048,0.0399,0.0239,0.0131,0.0102,0.0123,0.0078,0.0136,0.0047,0.0068,0.0102,0.003,0.0026,0.0063,0.0065,0.0014,0.0039,0.0097,0.003,0.003,0.0032,0.0012,0.0005,0.0038,0.0047,0.001,0.0011,0.0008,0.0018,0.0087,0.0009,0.0004,0.0002,0.0012,0.0034
Test loss: 0.1423,0.1257,0.1132,0.0905,0.1001,0.1098,0.1046,0.1193,0.0792,0.0813,0.0758,0.1368,0.0994,0.1162,0.0919,0.1149,0.071,0.1105,0.1214,0.1679,0.075,0.079,0.1302,0.112,0.0799,0.1718,0.1178,0.1293,0.1809,0.1711,0.1052,0.1042,0.1335,0.108,0.1348,0.0911,0.084,0.0902,0.1269,0.0734
Train accuracy: 95.9,96.8,97.7,98.3,98.7,98.6,98.8,99.3,99.7,99.7,99.6,99.8,99.6,99.9,99.8,99.7,99.9,99.9,99.8,99.8,100.0,99.9,99.7,99.9,99.9,99.9,100.0,100.0,99.9,99.9,100.0,100.0,100.0,100.0,99.7,100.0,100.0,100.0,100.0,99.9
Test accuracy: 95.9,96.7,97.5,97.9,98.0,97.8,97.7,98.1,98.4,98.5,98.4,98.5,98.3,98.5,98.5,98.4,98.6,98.6,98.3,98.3,98.5,98.5,98.0,98.4,98.4,98.5,98.7,98.7,98.4,98.4,98.6,98.6,98.8,98.6,98.3,98.7,98.7,98.7,98.5,98.5
Seed 2/10
Train loss: 0.4468,0.2123,0.1695,0.1432,0.1195,0.1117,0.0992,0.0928,0.0791,0.0718,0.0683,0.0618,0.0663,0.0551,0.0589,0.0445,0.0475,0.0508,0.0731,0.0403,0.0371,0.0452,0.0348,0.0357,0.0321,0.0267,0.0285,0.0246,0.0316,0.0202,0.0245,0.0253,0.0166,0.0549,0.02,0.0165,0.0211,0.0189,0.0166,0.015
Test loss: 0.6189,0.5251,0.4452,0.3578,0.2802,0.2583,0.2833,0.22,0.3835,0.7091,1.4718,0.959,1.4976,0.6817,1.1687,0.5495,0.6642,0.4302,0.2699,0.8432,0.4202,0.1831,0.1807,0.1553,0.1714,0.1773,0.2323,0.1676,0.2959,0.1533,0.2599,0.1543,0.1524,0.2221,0.7569,0.2838,0.9269,0.1556,0.1564,0.1504
Train accuracy: 89.3,93.8,95.2,96.1,96.8,97.0,97.3,97.5,98.0,98.1,98.3,98.5,98.4,98.6,98.5,98.9,98.8,98.7,98.0,99.0,99.1,98.8,99.2,99.2,99.2,99.4,99.3,99.5,99.3,99.6,99.4,99.4,99.7,98.6,99.6,99.7,99.5,99.6,99.6,99.6
Test accuracy: 89.9,93.6,94.8,95.5,96.0,95.9,96.2,96.2,96.4,96.5,96.7,96.7,96.7,96.8,96.9,96.9,96.8,96.8,96.1,96.8,96.9,96.7,96.8,96.9,97.0,97.0,96.9,97.0,97.0,97.1,97.0,96.9,97.1,96.5,97.1,97.1,97.1,96.8,97.1,97.0
Seed 3/10
Train loss: 0.1077,0.0618,0.0441,0.0335,0.0276,0.0244,0.0204,0.0152,0.0221,0.0138,0.0112,0.0086,0.0156,0.0137,0.0087,0.0082,0.0031,0.0116,0.0042,0.0058,0.0056,0.0058,0.0023,0.0045,0.002,0.0011,0.0007,0.0039,0.0039,0.0013,0.0004,0.0003,0.0003,0.0026,0.0006,0.0003,0.0003,0.0001,0.0002,0.0022
Test loss: 0.1161,0.08,0.0709,0.0699,0.07,0.0732,0.0865,0.0854,0.1337,0.0924,0.1254,0.1402,0.0956,0.1011,0.1228,0.1135,0.0841,0.0726,0.1309,0.1338,0.1236,0.1153,0.0884,0.1121,0.0989,0.1043,0.0988,0.1155,0.1068,0.1135,0.0999,0.0927,0.1082,0.0911,0.1067,0.113,0.0942,0.0957,0.1268,0.1006
Train accuracy: 96.8,98.2,98.7,99.0,99.2,99.3,99.4,99.6,99.3,99.6,99.7,99.8,99.5,99.6,99.7,99.8,99.9,99.7,99.9,99.8,99.9,99.9,100.0,99.9,100.0,100.0,100.0,99.9,99.9,100.0,100.0,100.0,100.0,99.9,100.0,100.0,100.0,100.0,100.0,100.0
Test accuracy: 96.8,97.7,98.2,98.2,98.1,98.1,98.3,98.2,98.0,98.3,98.3,98.4,98.3,98.3,98.2,98.4,98.6,98.2,98.5,98.3,98.4,98.4,98.6,98.3,98.6,98.6,98.6,98.4,98.5,98.5,98.6,98.6,98.6,98.5,98.7,98.6,98.7,98.6,98.6,98.6
Seed 4/10
Train loss: 0.1223,0.0614,0.0421,0.0298,0.0231,0.0224,0.0168,0.0126,0.0146,0.0121,0.0084,0.0119,0.0067,0.0071,0.0042,0.0101,0.0033,0.0128,0.0017,0.0032,0.041,0.0051,0.0006,0.0101,0.0027,0.0004,0.0002,0.0001,0.0001,0.0001,0.0001,0.0,0.0,0.0,0.0102,0.0017,0.0002,0.0001,0.0001,0.0
Test loss: 0.1448,0.0811,0.0677,0.0784,0.0862,0.1044,0.0727,0.0723,0.0762,0.0904,0.1493,0.1719,0.0961,0.0879,0.0794,0.178,0.1149,0.1439,0.1753,0.1654,0.7485,0.0811,0.0966,0.1531,0.0795,0.0998,0.0966,0.0969,0.1004,0.1084,0.1189,0.1285,0.1363,0.1307,0.0976,0.0838,0.0956,0.0822,0.0918,0.0983
Train accuracy: 96.3,98.2,98.7,99.1,99.3,99.3,99.5,99.6,99.5,99.6,99.8,99.7,99.8,99.8,99.9,99.7,99.9,99.7,100.0,99.9,99.3,99.9,100.0,99.7,99.9,100.0,100.0,100.0,100.0,100.0,100.0,100.0,100.0,100.0,99.7,100.0,100.0,100.0,100.0,100.0
Test accuracy: 96.6,97.9,98.1,98.2,98.2,98.2,98.3,98.5,98.2,98.5,98.5,98.4,98.5,98.5,98.6,98.3,98.5,98.2,98.7,98.7,98.0,98.4,98.7,98.3,98.6,98.8,98.9,98.8,98.8,98.8,98.8,98.8,98.9,98.8,98.4,98.6,98.8,98.8,98.8,98.8
Seed 5/10
Train loss: 0.0808,0.052,0.0365,0.0277,0.0198,0.0139,0.0156,0.011,0.0116,0.0129,0.0092,0.0094,0.008,0.0077,0.0066,0.0034,0.0029,0.0024,0.0038,0.0097,0.0027,0.0013,0.0004,0.0002,0.0001,0.0001,0.0001,0.0001,0.0,0.0,0.0035,0.0005,0.0003,0.0001,0.0001,0.0001,0.0,0.0,0.0,0.0
Test loss: 0.0909,0.0805,0.086,0.0645,0.0611,0.0556,0.1342,0.0629,0.0625,0.0576,0.0727,0.0658,0.0752,0.0743,0.062,0.0668,0.059,0.0654,0.0895,0.1121,0.0599,0.0592,0.0842,0.0709,0.0753,0.0753,0.0735,0.0721,0.0745,0.0881,0.0754,0.0721,0.0732,0.0743,0.0757,0.0769,0.0774,0.0801,0.0808,0.085
Train accuracy: 97.6,98.4,98.9,99.2,99.4,99.6,99.6,99.7,99.6,99.6,99.7,99.7,99.8,99.8,99.8,99.9,99.9,99.9,99.9,99.8,99.9,100.0,100.0,100.0,100.0,100.0,100.0,100.0,100.0,100.0,99.9,100.0,100.0,100.0,100.0,100.0,100.0,100.0,100.0,100.0
Test accuracy: 97.4,98.0,98.3,98.4,98.4,98.6,98.5,98.6,98.4,98.5,98.5,98.5,98.5,98.5,98.7,98.8,98.7,98.7,98.6,98.5,98.8,98.8,98.9,98.9,98.9,99.0,99.0,99.0,98.9,98.9,98.6,98.9,98.8,98.9,98.9,99.0,98.9,99.0,98.9,98.9
Seed 6/10
Train loss: 0.1167,0.0496,0.0387,0.0296,0.0305,0.0189,0.0162,0.0088,0.01,0.0055,0.0074,0.0062,0.0034,0.0063,0.0048,0.0016,0.0022,0.0019,0.0024,0.0019,0.0012,0.0063,0.0074,0.0004,0.0003,0.0001,0.0001,0.0001,0.0001,0.0,0.0,0.0,0.0065,0.0006,0.0002,0.0001,0.0001,0.0001,0.0,0.0
Test loss: 0.1321,0.0677,0.0548,0.0541,0.0702,0.0553,0.0768,0.0752,0.058,0.0766,0.105,0.1057,0.3828,0.0682,0.0925,0.094,0.0755,0.15,0.0716,0.0846,0.1051,0.0926,0.1508,0.1109,0.0795,0.0895,0.1017,0.1021,0.1151,0.1202,0.101,0.0888,0.0643,0.1264,0.1335,0.1776,0.166,0.1781,0.1796,0.1692
Train accuracy: 96.4,98.5,98.8,99.1,99.0,99.4,99.5,99.7,99.7,99.9,99.8,99.8,99.9,99.8,99.9,100.0,100.0,100.0,100.0,100.0,100.0,99.8,99.8,100.0,100.0,100.0,100.0,100.0,100.0,100.0,100.0,100.0,99.8,100.0,100.0,100.0,100.0,100.0,100.0,100.0
Test accuracy: 96.2,98.1,98.4,98.5,98.3,98.6,98.5,98.7,98.6,98.9,98.8,98.7,98.9,98.7,98.9,98.9,98.9,98.8,98.9,98.8,98.9,98.5,98.6,98.9,99.0,99.0,99.0,99.0,99.0,99.0,99.0,99.0,98.8,99.0,99.0,99.0,99.1,99.1,99.1,99.1
Seed 7/10
Train loss: 0.1069,0.0715,0.0683,0.0458,0.0364,0.0246,0.017,0.015,0.0128,0.0118,0.0093,0.0073,0.0062,0.0091,0.0053,0.0062,0.0049,0.0039,0.0026,0.0013,0.0009,0.0005,0.0005,0.0034,0.0008,0.0003,0.0002,0.0002,0.0001,0.0001,0.0001,0.0175,0.0016,0.0007,0.0002,0.0001,0.0001,0.0001,0.0001,0.0001
Test loss: 0.1305,0.1208,0.1206,0.1531,0.1584,0.2089,0.1679,0.1488,0.1384,0.271,0.1305,0.1144,0.1023,0.1986,0.1282,0.0913,0.1746,0.1332,0.1612,0.1525,0.1664,0.1377,0.116,0.0877,0.163,0.1986,0.1708,0.1661,0.1698,0.1644,0.1508,0.2895,0.1177,0.0919,0.1271,0.1403,0.1549,0.168,0.1851,0.1879
Train accuracy: 96.9,97.9,98.0,98.7,99.0,99.3,99.6,99.6,99.7,99.7,99.7,99.8,99.9,99.8,99.9,99.8,99.9,99.9,100.0,100.0,100.0,100.0,100.0,99.9,100.0,100.0,100.0,100.0,100.0,100.0,100.0,99.5,100.0,100.0,100.0,100.0,100.0,100.0,100.0,100.0
Test accuracy: 96.8,97.5,97.5,98.0,98.1,98.2,98.4,98.3,98.3,98.4,98.5,98.4,98.5,98.5,98.6,98.3,98.3,98.4,98.5,98.6,98.8,98.7,98.6,98.4,98.7,98.7,98.7,98.7,98.7,98.7,98.6,98.2,98.5,98.5,98.7,98.7,98.7,98.7,98.7,98.7
Seed 8/10
Train loss: 0.1057,0.0569,0.0453,0.0354,0.0257,0.0186,0.0203,0.0139,0.0099,0.0084,0.0076,0.0088,0.0063,0.0079,0.0035,0.01,0.0077,0.0025,0.0027,0.0023,0.0024,0.0029,0.0037,0.0022,0.0018,0.0015,0.0195,0.0042,0.0024,0.0008,0.0053,0.0006,0.0002,0.0001,0.0001,0.0001,0.0001,0.0002,0.0023,0.0004
Test loss: 0.2317,0.0842,0.0965,0.1001,0.1291,0.0855,0.125,0.0802,0.0794,0.0703,0.0835,0.0712,0.06,0.0949,0.0705,0.0943,0.0937,0.0785,0.0879,0.0994,0.1051,0.0854,0.0979,0.1052,0.1151,0.1017,0.6989,0.1788,0.1804,0.0969,0.0742,0.0808,0.0915,0.092,0.0902,0.0859,0.0872,0.1536,0.1078,0.1176
Train accuracy: 96.9,98.4,98.7,98.9,99.2,99.5,99.4,99.6,99.7,99.8,99.8,99.8,99.8,99.8,99.9,99.7,99.8,100.0,99.9,100.0,100.0,99.9,99.9,100.0,100.0,100.0,99.5,99.9,100.0,100.0,99.8,100.0,100.0,100.0,100.0,100.0,100.0,100.0,100.0,100.0
Test accuracy: 96.8,98.1,98.2,98.3,98.5,98.5,98.4,98.5,98.6,98.5,98.7,98.7,98.7,98.5,98.8,98.4,98.5,98.8,98.7,98.8,98.7,98.8,98.8,98.7,98.8,98.7,97.8,98.6,98.7,98.8,98.6,99.0,98.9,98.9,98.9,98.9,98.9,98.8,98.8,98.8
Seed 9/10
Train loss: 0.1359,0.1009,0.0575,0.0449,0.0392,0.0329,0.0233,0.0219,0.0177,0.0221,0.0123,0.0139,0.0097,0.0086,0.0114,0.0088,0.0072,0.011,0.005,0.0049,0.0037,0.0076,0.0042,0.0051,0.0045,0.008,0.003,0.0035,0.0076,0.002,0.0095,0.002,0.0044,0.004,0.0012,0.0041,0.0026,0.0028,0.001,0.001
Test loss: 0.1807,0.1288,0.0832,0.0811,0.0896,0.0896,0.076,0.0772,0.0797,0.0896,0.0788,0.0886,0.078,0.0849,0.092,0.0878,0.1137,0.0852,0.0945,0.0895,0.1188,0.0888,0.1092,0.0931,0.1083,0.1069,0.142,0.1576,0.1581,0.1428,0.1244,0.1063,0.2878,0.183,0.1553,0.1305,0.1159,0.1081,0.1054,0.2221
Train accuracy: 96.1,97.1,98.3,98.7,98.9,99.0,99.3,99.4,99.5,99.3,99.7,99.6,99.7,99.8,99.6,99.8,99.8,99.7,99.9,99.9,99.9,99.8,99.9,99.9,99.9,99.8,99.9,99.9,99.8,100.0,99.7,100.0,99.9,99.9,100.0,99.9,100.0,100.0,100.0,100.0
Test accuracy: 96.2,97.0,98.0,98.1,98.0,98.1,98.1,98.1,98.3,98.0,98.1,98.0,98.3,98.3,98.3,98.2,98.4,98.3,98.4,98.2,98.2,98.2,98.4,98.2,98.3,98.1,98.2,98.2,98.0,98.3,97.9,98.3,98.2,98.3,98.5,98.2,98.2,98.2,98.3,98.4
Seed 10/10
Train loss: 0.1355,0.0855,0.0636,0.0492,0.0383,0.0312,0.03,0.0207,0.0175,0.0154,0.012,0.0116,0.0113,0.009,0.007,0.0058,0.0038,0.0075,0.0078,0.0076,0.0046,0.0065,0.0039,0.0019,0.003,0.0025,0.0015,0.002,0.0047,0.0017,0.0011,0.0005,0.0004,0.0006,0.0047,0.0014,0.0005,0.0015,0.0005,0.0003
Test loss: 0.2252,0.1112,0.0944,0.0903,0.0864,0.1338,0.1284,0.1326,0.0959,0.1265,0.0963,0.1447,0.1057,0.0933,0.137,0.0933,0.106,0.1385,0.1425,0.1111,0.1038,0.1376,0.1259,0.1161,0.1004,0.0869,0.0985,0.0962,0.0993,0.0819,0.0875,0.0894,0.0845,0.0853,0.0942,0.0906,0.0863,0.0969,0.0911,0.0866
Train accuracy: 96.0,97.5,98.2,98.6,99.0,99.2,99.1,99.4,99.5,99.6,99.7,99.7,99.7,99.8,99.8,99.9,99.9,99.8,99.8,99.8,99.9,99.8,99.9,100.0,99.9,100.0,100.0,100.0,99.9,100.0,100.0,100.0,100.0,100.0,99.9,100.0,100.0,100.0,100.0,100.0
Test accuracy: 96.0,97.1,97.5,97.6,97.8,98.0,97.8,98.1,97.9,98.0,98.2,98.1,98.3,98.2,98.3,98.2,98.4,98.2,98.1,98.1,98.2,98.2,98.2,98.5,98.3,98.5,98.5,98.4,98.3,98.5,98.6,98.7,98.7,98.7,98.3,98.4,98.5,98.5,98.6,98.6
