Seed 1/10
Train loss: 0.4582,0.2571,0.212,0.1465,0.1247,0.106,0.0927,0.0752,0.0646,0.0604,0.0566,0.0502,0.0739,0.044,0.0466,0.0448,0.0343,0.045,0.0418,0.0364,0.0336,0.0363,0.0405,0.0362,0.0265,0.0275,0.0268,0.0304,0.0204,0.0273,0.0225,0.0203,0.0252,0.0292,0.0234,0.0202,0.015,0.0136,0.0163,0.0151
Test loss: 0.9839,0.2938,0.3558,0.2316,0.212,0.1987,0.2206,0.2424,0.1992,0.207,0.1832,0.2033,0.2714,0.284,0.2014,0.2449,0.2191,0.2607,0.2075,0.7865,0.2403,0.1873,0.28,0.6931,0.2421,0.2207,0.6404,0.265,0.2335,0.4326,0.2345,0.2181,0.2363,0.3271,0.2386,0.2934,0.2164,0.4713,0.4141,1.5886
Train accuracy: 87.8,93.1,94.1,96.1,96.6,97.2,97.6,98.0,98.3,98.4,98.5,98.7,98.0,98.9,98.8,98.8,99.1,98.8,98.9,99.1,99.2,99.0,99.0,99.0,99.4,99.4,99.4,99.3,99.6,99.3,99.5,99.5,99.4,99.3,99.5,99.6,99.7,99.8,99.7,99.7
Test accuracy: 88.0,92.7,93.2,95.2,95.7,96.0,96.2,96.5,96.7,96.7,96.8,97.0,96.2,96.9,96.8,96.8,97.1,96.6,96.6,96.9,97.0,96.8,96.7,96.7,97.0,97.2,97.0,96.9,97.2,96.7,97.0,97.0,97.0,96.6,96.8,96.9,97.1,97.1,97.0,96.9
Seed 2/10
Train loss: 0.0872,0.0445,0.0339,0.0244,0.0194,0.0167,0.0124,0.0122,0.0131,0.0096,0.0116,0.0068,0.0085,0.0075,0.0086,0.0046,0.0053,0.0052,0.0042,0.0042,0.003,0.0014,0.0039,0.0009,0.0007,0.0028,0.0045,0.0015,0.0006,0.0001,0.0001,0.0,0.0,0.0,0.0,0.0,0.0,0.0197,0.0016,0.0004
Test loss: 0.089,0.0594,0.0554,0.0546,0.0599,0.0566,0.0691,0.0736,0.076,0.0781,0.1184,0.1063,0.0938,0.0773,0.0703,0.0798,0.0915,0.089,0.0775,0.0919,0.0911,0.0939,0.0767,0.0778,0.0821,0.0818,0.0856,0.0897,0.1,0.0894,0.0899,0.0902,0.0903,0.0903,0.0906,0.0912,0.0915,0.1467,0.0951,0.1045
Train accuracy: 97.4,98.7,99.0,99.3,99.4,99.5,99.6,99.6,99.6,99.7,99.6,99.8,99.7,99.8,99.7,99.8,99.8,99.8,99.9,99.9,99.9,100.0,99.9,100.0,100.0,99.9,99.9,100.0,100.0,100.0,100.0,100.0,100.0,100.0,100.0,100.0,100.0,99.4,100.0,100.0
Test accuracy: 97.2,98.3,98.4,98.6,98.5,98.5,98.7,98.4,98.6,98.5,98.5,98.6,98.5,98.4,98.5,98.6,98.6,98.4,98.6,98.4,98.4,98.6,98.5,98.8,98.7,98.7,98.6,98.6,98.7,98.8,98.8,98.8,98.8,98.8,98.8,98.8,98.8,98.1,98.5,98.7
Seed 3/10
Train loss: 0.1444,0.0852,0.0586,0.0485,0.0413,0.0372,0.0297,0.0243,0.0216,0.0223,0.0237,0.0131,0.011,0.0106,0.0154,0.0131,0.0097,0.0052,0.0096,0.0079,0.012,0.0064,0.0043,0.0109,0.0033,0.0023,0.0062,0.004,0.0051,0.005,0.0016,0.0023,0.0106,0.0024,0.0017,0.001,0.0005,0.0033,0.0034,0.0013
Test loss: 0.1521,0.1005,0.0859,0.0853,0.0896,0.1032,0.0984,0.0851,0.0984,0.0949,0.1035,0.0967,0.0855,0.0947,0.111,0.1758,0.1027,0.1057,0.1006,0.1126,0.1109,0.1144,0.1013,0.1651,0.0975,0.12,0.1295,0.1244,0.1207,0.1061,0.1196,0.1276,0.1287,0.133,0.1323,0.1287,0.1191,0.1275,0.1585,0.1664
Train accuracy: 95.9,97.5,98.2,98.5,98.7,98.8,99.0,99.2,99.4,99.3,99.2,99.6,99.7,99.7,99.6,99.6,99.8,99.9,99.8,99.8,99.7,99.8,99.9,99.7,99.9,100.0,99.9,99.9,99.9,99.9,100.0,100.0,99.7,100.0,100.0,100.0,100.0,99.9,99.9,100.0
Test accuracy: 95.7,97.1,97.5,97.7,97.8,97.8,97.8,98.1,98.1,98.1,97.8,98.2,98.2,98.3,98.0,98.3,98.2,98.3,98.4,98.3,98.2,98.4,98.5,98.3,98.4,98.5,98.4,98.3,98.4,98.4,98.5,98.3,97.9,98.4,98.4,98.5,98.6,98.5,98.3,98.5
Seed 4/10
Train loss: 0.1149,0.0628,0.0459,0.0279,0.0249,0.0211,0.0192,0.0142,0.0135,0.0141,0.0152,0.0102,0.0074,0.009,0.0053,0.0066,0.0035,0.0072,0.0033,0.0025,0.0052,0.0055,0.0059,0.0024,0.0022,0.0009,0.0012,0.0022,0.0028,0.0017,0.0016,0.0014,0.001,0.0004,0.0026,0.0036,0.0011,0.0016,0.0012,0.0006
Test loss: 0.1221,0.0795,0.079,0.0643,0.0795,0.0811,0.0803,0.1032,0.1078,0.0916,0.0919,0.0937,0.1388,0.1005,0.0903,0.0932,0.0991,0.0969,0.0896,0.091,0.0984,0.1055,0.101,0.0904,0.0887,0.0832,0.0917,0.0886,0.1154,0.097,0.0962,0.0932,0.1068,0.0961,0.1125,0.1171,0.0935,0.1014,0.1028,0.0954
Train accuracy: 96.7,98.1,98.6,99.1,99.2,99.4,99.4,99.6,99.6,99.5,99.5,99.7,99.8,99.7,99.8,99.8,99.9,99.8,99.9,100.0,99.8,99.8,99.8,99.9,100.0,100.0,100.0,99.9,99.9,100.0,100.0,100.0,100.0,100.0,99.9,99.9,100.0,100.0,100.0,100.0
Test accuracy: 96.5,97.7,98.0,98.3,98.2,98.4,98.3,98.3,98.3,98.2,98.2,98.4,98.4,98.3,98.4,98.4,98.6,98.3,98.6,98.4,98.4,98.3,98.3,98.5,98.6,98.6,98.6,98.3,98.6,98.6,98.5,98.6,98.6,98.7,98.4,98.5,98.8,98.8,98.6,98.8
Seed 5/10
Train loss: 0.0948,0.0631,0.0444,0.034,0.0294,0.0266,0.0234,0.0177,0.0118,0.0118,0.0104,0.0078,0.0066,0.0051,0.0071,0.0054,0.0054,0.005,0.0034,0.0034,0.0044,0.0065,0.0019,0.0026,0.0038,0.0008,0.0067,0.0007,0.0003,0.0002,0.0002,0.0001,0.05,0.002,0.0004,0.0002,0.0001,0.0001,0.0001,0.0001
Test loss: 0.1033,0.0748,0.0633,0.0639,0.073,0.083,0.0801,0.0762,0.0864,0.1092,0.09,0.0758,0.0745,0.083,0.0939,0.0866,0.0867,0.0781,0.0784,0.0865,0.087,0.0805,0.0817,0.0861,0.1177,0.0886,0.1254,0.0945,0.0923,0.0923,0.0951,0.0965,0.1891,0.0882,0.1055,0.101,0.1048,0.106,0.1071,0.1068
Train accuracy: 97.2,98.1,98.6,99.0,99.1,99.2,99.3,99.5,99.7,99.6,99.7,99.8,99.8,99.9,99.8,99.9,99.8,99.9,99.9,99.9,99.9,99.8,100.0,99.9,99.9,100.0,99.8,100.0,100.0,100.0,100.0,100.0,98.9,100.0,100.0,100.0,100.0,100.0,100.0,100.0
Test accuracy: 97.1,97.7,98.2,98.1,98.2,98.1,98.1,98.3,98.5,98.4,98.5,98.4,98.6,98.6,98.5,98.6,98.5,98.6,98.5,98.6,98.5,98.5,98.8,98.5,98.4,98.6,98.3,98.8,98.8,98.8,98.7,98.7,97.6,98.5,98.7,98.7,98.8,98.8,98.7,98.7
Seed 6/10
Train loss: 0.1203,0.0674,0.049,0.0426,0.0355,0.0293,0.0255,0.0216,0.0234,0.016,0.0135,0.0091,0.0099,0.0108,0.0095,0.007,0.0055,0.0051,0.0061,0.0044,0.0043,0.0025,0.0064,0.0061,0.0017,0.0022,0.0087,0.002,0.0061,0.0023,0.0024,0.0032,0.0061,0.0023,0.001,0.0009,0.0008,0.0062,0.0011,0.0006
Test loss: 0.1292,0.0897,0.0774,0.0719,0.076,0.0747,0.0789,0.0785,0.1077,0.1033,0.2569,0.1379,0.4242,0.1378,0.1488,0.086,0.2135,0.0985,0.103,0.1174,0.1386,0.1207,0.1102,0.12,0.3884,0.2095,0.172,0.105,0.1175,0.1184,0.0986,0.0994,0.2277,0.1747,0.0955,0.1021,0.1407,0.1324,0.1055,0.1104
Train accuracy: 96.5,98.0,98.5,98.7,98.9,99.1,99.2,99.3,99.2,99.5,99.6,99.8,99.7,99.7,99.7,99.8,99.9,99.9,99.9,99.9,99.9,100.0,99.8,99.8,100.0,100.0,99.8,100.0,99.8,100.0,100.0,99.9,99.8,100.0,100.0,100.0,100.0,99.8,100.0,100.0
Test accuracy: 96.6,97.6,98.0,98.0,98.1,98.3,98.2,98.3,98.2,98.3,98.5,98.5,98.5,98.4,98.5,98.4,98.5,98.5,98.5,98.5,98.4,98.6,98.3,98.4,98.6,98.6,98.3,98.5,98.5,98.4,98.6,98.5,98.3,98.5,98.7,98.6,98.6,98.3,98.5,98.6
Seed 7/10
Train loss: 0.0812,0.0544,0.0345,0.0255,0.021,0.0186,0.0126,0.0134,0.0127,0.0078,0.0054,0.0035,0.0064,0.0053,0.0067,0.0043,0.0027,0.0026,0.0053,0.0026,0.0012,0.0005,0.0002,0.0002,0.0001,0.0001,0.0001,0.0,0.0,0.005,0.0009,0.0003,0.0002,0.0001,0.0001,0.0,0.0,0.0,0.0,0.0
Test loss: 0.0918,0.0664,0.0534,0.0485,0.0568,0.0687,0.0587,0.0867,0.0712,0.083,0.0656,0.0734,0.06,0.062,0.0729,0.0683,0.0648,0.071,0.0635,0.0581,0.07,0.0729,0.0762,0.0734,0.0745,0.077,0.0811,0.0821,0.0877,0.0717,0.074,0.0786,0.0743,0.0768,0.0789,0.0815,0.0844,0.0868,0.0901,0.0913
Train accuracy: 97.5,98.3,99.0,99.2,99.4,99.4,99.6,99.6,99.6,99.8,99.9,99.9,99.8,99.8,99.8,99.9,99.9,99.9,99.8,99.9,100.0,100.0,100.0,100.0,100.0,100.0,100.0,100.0,100.0,99.9,100.0,100.0,100.0,100.0,100.0,100.0,100.0,100.0,100.0,100.0
Test accuracy: 97.4,97.9,98.3,98.5,98.5,98.5,98.6,98.4,98.5,98.6,98.8,98.7,98.6,98.8,98.6,98.7,98.7,98.7,98.5,98.7,98.9,98.9,98.9,99.0,98.9,98.9,99.0,98.9,98.9,98.7,98.8,98.8,98.8,98.9,98.9,98.9,98.9,98.9,98.9,98.9
Seed 8/10
Train loss: 0.0685,0.041,0.0292,0.0208,0.0171,0.0168,0.0096,0.0102,0.0067,0.0073,0.0117,0.009,0.0034,0.0031,0.0059,0.003,0.0051,0.0027,0.0009,0.001,0.0041,0.0009,0.0015,0.007,0.0017,0.0005,0.0002,0.0001,0.0001,0.0001,0.0001,0.0001,0.0023,0.0012,0.0002,0.0001,0.0001,0.0001,0.0001,0.0001
Test loss: 0.0919,0.0642,0.0571,0.1111,0.0999,0.0916,0.067,0.0712,0.0648,0.0557,0.0685,0.1098,0.0537,0.1367,1.946,0.0706,0.1363,0.1628,0.1219,0.0751,0.0844,0.1168,0.0968,0.1153,0.1601,0.1341,0.1329,0.1356,0.1416,0.1597,0.1155,0.1182,0.0836,0.0828,0.095,0.0946,0.098,0.1036,0.1046,0.1122
Train accuracy: 98.0,98.8,99.1,99.4,99.5,99.5,99.7,99.7,99.8,99.8,99.6,99.7,99.9,99.9,99.9,99.9,99.8,99.9,100.0,100.0,99.9,100.0,100.0,99.8,100.0,100.0,100.0,100.0,100.0,100.0,100.0,100.0,99.9,100.0,100.0,100.0,100.0,100.0,100.0,100.0
Test accuracy: 97.5,98.4,98.5,98.7,98.4,98.6,98.7,98.6,98.8,98.7,98.5,98.5,98.8,98.8,98.7,98.8,98.5,98.7,98.9,98.9,98.7,98.8,98.9,98.6,98.8,98.9,99.0,99.0,99.0,99.1,99.0,99.0,98.7,98.8,98.9,99.0,99.0,98.9,98.9,98.9
Seed 9/10
Train loss: 0.1453,0.0714,0.0456,0.0347,0.0261,0.0221,0.0173,0.014,0.017,0.0123,0.0081,0.0098,0.0069,0.0045,0.0141,0.0049,0.0049,0.0048,0.0036,0.0093,0.0022,0.0012,0.0009,0.0032,0.0013,0.0007,0.0007,0.0039,0.0015,0.0009,0.0011,0.0037,0.0005,0.0003,0.0003,0.0017,0.0008,0.0003,0.0002,0.0013
Test loss: 0.172,0.0887,0.0694,0.0719,0.0622,0.0658,0.0653,0.0684,0.0788,0.0893,0.0781,0.0787,0.0817,0.0782,0.103,0.0796,0.0839,0.0911,0.0895,0.1463,0.0805,0.0873,0.0923,0.0872,0.0875,0.0953,0.1007,0.1093,0.072,0.0867,0.0811,0.0893,0.0845,0.0931,0.0942,0.0916,0.0838,0.0821,0.0834,0.0911
Train accuracy: 95.7,97.9,98.7,99.0,99.3,99.4,99.5,99.7,99.5,99.6,99.8,99.7,99.9,99.9,99.6,99.9,99.9,99.9,99.9,99.8,100.0,100.0,100.0,99.9,100.0,100.0,100.0,99.9,100.0,100.0,100.0,99.9,100.0,100.0,100.0,100.0,100.0,100.0,100.0,100.0
Test accuracy: 95.7,97.2,98.1,98.4,98.4,98.6,98.4,98.6,98.4,98.4,98.5,98.4,98.5,98.6,98.3,98.5,98.5,98.5,98.5,98.4,98.5,98.7,98.6,98.6,98.7,98.7,98.6,98.5,98.7,98.6,98.5,98.5,98.8,98.8,98.7,98.5,98.6,98.7,98.7,98.6
Seed 10/10
Train loss: 0.124,0.0788,0.0558,0.0438,0.0311,0.0284,0.027,0.0221,0.0209,0.013,0.0149,0.0135,0.0126,0.0082,0.0094,0.0072,0.0058,0.0077,0.0075,0.002,0.0037,0.0039,0.0034,0.0024,0.0031,0.0012,0.0039,0.0011,0.0007,0.0004,0.0002,0.0002,0.0002,0.0002,0.0002,0.0025,0.0006,0.0003,0.0002,0.0002
Test loss: 0.1611,0.1129,0.0861,0.0876,0.0738,0.0754,0.1088,0.099,0.124,0.1157,0.1483,0.158,0.1223,0.1291,0.1572,0.1066,0.1272,0.1425,0.1266,0.1037,0.2057,0.1129,0.1166,0.1218,0.1635,0.1155,0.1058,0.117,0.1335,0.1419,0.1312,0.1344,0.1323,0.1346,0.136,0.1119,0.1285,0.1216,0.1297,0.1397
Train accuracy: 96.3,97.6,98.3,98.7,99.1,99.2,99.1,99.3,99.4,99.6,99.5,99.6,99.6,99.8,99.8,99.8,99.9,99.8,99.8,100.0,99.9,99.9,99.9,100.0,99.9,100.0,99.9,100.0,100.0,100.0,100.0,100.0,100.0,100.0,100.0,100.0,100.0,100.0,100.0,100.0
Test accuracy: 96.3,97.1,97.6,97.7,98.0,97.9,97.8,97.8,97.9,98.1,97.8,98.0,97.8,98.2,98.0,98.2,98.1,98.2,98.3,98.5,98.3,98.3,98.3,98.4,98.3,98.5,98.3,98.5,98.4,98.5,98.5,98.5,98.5,98.5,98.5,98.4,98.5,98.5,98.6,98.6
