Seed 1/10
Train loss: 0.8506,0.6488,0.507,0.4089,0.3394,0.3089,0.2935,0.2722,0.2485,0.2575,0.2283,0.2156,0.206,0.201,0.2021,0.1818,0.175,0.1704,0.1681,0.1627,0.1544,0.1605,0.1635,0.162,0.1542,0.1493,0.1491,0.1653,0.1409,0.139,0.1291,0.1579,0.1399,0.1453,0.1342,0.1273,0.1237,0.1231,0.1106,0.1289
Test loss: 1.014,0.8581,0.7725,0.5375,0.4894,0.4717,0.4453,0.4704,0.523,0.6963,0.5193,0.3943,0.3417,0.4597,0.3351,0.3712,0.3796,0.3463,0.3667,0.3119,0.3038,0.3034,0.332,0.362,0.3603,0.308,0.3835,0.4604,0.3656,0.4835,0.3258,0.3617,0.3478,0.538,0.6208,0.5928,0.3428,0.3908,0.3355,0.4405
Train accuracy: 77.0,81.1,88.6,91.2,92.6,93.3,93.5,93.8,94.3,94.0,94.5,94.9,95.0,95.2,94.8,95.6,95.9,95.8,96.0,96.0,96.2,96.2,96.1,96.2,96.4,96.4,96.4,96.0,96.8,96.7,96.9,96.2,96.8,96.5,96.9,97.1,97.1,97.1,97.6,97.0
Test accuracy: 76.9,80.9,87.7,90.0,91.4,92.0,91.9,92.0,92.5,91.8,92.4,92.6,92.8,92.7,92.3,93.0,92.8,92.6,92.7,92.6,93.0,93.0,92.9,93.0,92.7,93.0,92.6,92.6,92.9,92.7,93.0,92.2,93.0,92.7,93.0,93.1,92.9,92.9,93.5,92.9
Seed 2/10
Train loss: 0.3749,0.2572,0.2131,0.1873,0.1584,0.1201,0.1005,0.1118,0.0955,0.1078,0.0647,0.0661,0.0592,0.055,0.0488,0.0629,0.0463,0.0395,0.0403,0.0359,0.0464,0.0416,0.0507,0.0359,0.03,0.0279,0.0296,0.0276,0.0251,0.0283,0.0246,0.0264,0.0325,0.0202,0.0212,0.023,0.0187,0.0197,0.019,0.0156
Test loss: 0.4109,0.3191,0.3283,0.2906,0.265,0.2967,0.2528,0.3081,0.2348,1.5277,0.3734,0.2271,0.3515,0.2236,0.3919,0.2249,0.2519,0.2064,0.2499,0.5361,0.3186,0.8006,0.2143,0.4093,0.3727,0.224,0.4808,0.4734,0.2894,0.3028,0.2429,0.1779,0.6094,0.2119,0.2929,0.4419,0.3986,0.1624,0.4402,0.2497
Train accuracy: 89.4,92.9,93.8,94.4,95.3,96.5,97.1,96.6,97.2,96.7,98.2,98.3,98.4,98.6,98.7,98.2,98.8,99.0,99.0,99.1,98.7,98.9,98.7,99.1,99.4,99.4,99.4,99.3,99.5,99.4,99.5,99.4,99.2,99.6,99.6,99.5,99.6,99.6,99.6,99.7
Test accuracy: 89.0,92.6,93.2,93.5,94.4,95.5,95.8,95.4,95.5,95.3,96.2,96.4,96.4,96.5,96.5,96.3,96.6,96.5,96.4,96.5,96.5,96.4,96.3,96.6,96.9,96.8,96.8,96.8,96.8,96.8,96.9,96.9,96.7,96.8,96.9,96.9,97.0,96.9,96.9,97.1
Seed 3/10
Train loss: 0.3393,0.2006,0.1442,0.1213,0.1053,0.0919,0.0813,0.0766,0.0837,0.0834,0.0703,0.0669,0.0737,0.0537,0.065,0.0608,0.0403,0.0517,0.0434,0.0422,0.0538,0.0388,0.041,0.043,0.0313,0.032,0.0405,0.0265,0.0305,0.025,0.0246,0.0315,0.0263,0.0266,0.018,0.0231,0.0319,0.0195,0.0257,0.0284
Test loss: 0.3901,0.238,0.2157,0.1943,0.179,0.2037,0.1976,0.1882,0.3056,0.2538,0.252,0.2113,0.3285,0.2292,0.2959,0.3337,0.2116,0.5197,0.5879,0.3149,0.2549,0.3646,0.3896,0.2806,0.2371,0.2035,0.3133,0.2313,0.2724,0.3179,0.2837,0.2553,0.2904,0.3547,0.2585,0.3197,0.3177,0.2057,0.2663,0.3092
Train accuracy: 90.3,94.8,96.1,96.6,97.0,97.5,97.7,97.8,97.6,97.5,98.0,98.1,98.0,98.5,98.2,98.3,99.0,98.6,98.9,98.8,98.5,98.9,98.9,98.9,99.2,99.2,99.0,99.3,99.2,99.4,99.4,99.2,99.3,99.3,99.6,99.4,99.1,99.5,99.3,99.2
Test accuracy: 90.0,94.5,95.6,96.1,96.3,96.4,96.5,96.4,96.2,95.8,96.0,96.0,95.8,96.2,95.9,96.0,96.4,96.0,96.4,95.8,95.8,96.4,96.0,96.0,96.3,96.2,96.0,96.3,96.0,96.2,96.2,96.0,96.0,96.3,96.5,96.2,95.8,96.2,96.3,95.8
Seed 4/10
Train loss: 0.3824,0.3207,0.2462,0.2278,0.1899,0.1497,0.1468,0.1369,0.1064,0.1162,0.1035,0.1056,0.0896,0.0862,0.0855,0.1358,0.0606,0.0583,0.0576,0.0545,0.0512,0.0624,0.0529,0.0547,0.0442,0.0499,0.0402,0.0481,0.0484,0.0475,0.041,0.0439,0.0464,0.0374,0.0542,0.0387,0.0334,0.0355,0.0304,0.0438
Test loss: 0.5476,0.3808,0.3235,0.3452,0.2897,0.2369,0.281,0.2997,0.207,0.2875,0.2276,0.3429,0.383,0.1997,0.2478,0.2528,0.2736,0.3033,0.265,0.2822,0.2564,0.265,0.406,0.4098,0.2833,0.3701,0.492,0.6052,0.4431,0.4098,0.3647,1.2881,0.2849,0.4079,0.3504,0.6337,0.5727,0.5109,0.3524,0.7722
Train accuracy: 88.6,90.0,92.5,93.1,94.4,95.6,95.7,95.9,96.9,96.6,97.0,97.0,97.4,97.5,97.7,96.2,98.4,98.4,98.4,98.5,98.7,98.3,98.5,98.5,98.8,98.6,98.9,98.6,98.7,98.7,98.9,98.8,98.8,99.0,98.5,98.9,99.1,99.0,99.2,98.8
Test accuracy: 88.0,89.3,92.1,92.3,93.4,94.7,94.7,94.7,95.0,94.8,95.2,95.0,95.4,95.4,95.6,94.1,95.9,95.8,95.8,95.8,96.0,95.4,95.8,95.8,96.0,95.7,96.1,95.7,95.8,95.8,96.1,95.8,95.6,95.8,95.6,95.8,95.9,95.9,96.0,95.5
Seed 5/10
Train loss: 1.6916,1.583,1.5336,1.5013,1.4678,1.4377,1.4129,1.3879,1.3602,1.3358,1.3093,1.2868,1.2821,1.2701,1.2716,1.2662,1.2484,1.2531,1.1552,0.8368,0.7796,0.7378,0.716,0.6354,0.5872,0.5502,0.5236,0.5106,0.4916,0.4834,0.4783,0.4823,0.4751,0.4669,0.4623,0.4598,0.4692,0.4621,0.4491,0.4449
Test loss: 1.7483,1.5947,1.5444,1.5197,1.4891,1.4563,1.4385,1.4131,1.3893,1.3673,1.3396,1.3209,1.3161,1.3077,1.3076,1.3106,1.2893,1.2902,1.3369,0.9024,0.8505,0.8142,0.7971,0.749,0.665,0.6427,0.6201,0.6082,0.6065,0.5966,0.5954,0.5973,0.5935,0.5968,0.5968,0.5986,0.6073,0.605,0.5884,0.5944
Train accuracy: 28.8,33.2,33.8,36.4,41.3,44.8,45.9,46.6,47.0,47.4,47.8,47.8,47.6,47.9,47.7,47.5,48.2,48.1,53.2,59.1,63.5,67.2,69.4,74.9,76.1,76.9,77.2,77.2,77.7,77.8,77.9,77.9,77.9,78.5,78.5,78.3,78.2,79.0,79.0,80.4
Test accuracy: 28.8,33.2,33.7,36.3,41.5,44.6,45.5,46.1,46.4,46.6,47.0,47.0,46.9,47.0,47.0,46.5,47.1,47.1,52.5,58.4,62.3,66.2,68.6,73.8,74.4,75.1,75.3,75.2,75.3,75.4,75.2,75.4,75.3,75.8,75.6,75.5,75.0,75.8,75.5,76.8
Seed 6/10
Train loss: 1.0604,0.8385,0.2357,0.1636,0.1246,0.1037,0.0886,0.077,0.0695,0.0658,0.0604,0.0583,0.0505,0.0612,0.0481,0.0403,0.04,0.0382,0.0351,0.0379,0.0269,0.027,0.0347,0.0339,0.0238,0.0233,0.0251,0.0329,0.0311,0.032,0.0236,0.0244,0.0184,0.0215,0.0238,0.0223,0.0192,0.02,0.0219,0.0175
Test loss: 1.0893,0.8422,0.2689,0.2006,0.1628,0.1532,0.1489,0.1338,0.1354,0.1401,0.1499,0.1406,0.147,0.1661,0.1918,0.1592,0.1892,0.1489,0.1764,0.1656,0.1968,0.1624,0.1664,0.3309,0.1716,0.1659,0.1988,0.2458,0.3059,0.1983,0.1775,0.1604,0.2022,0.1572,0.1784,0.18,0.1771,0.2256,0.1883,0.1857
Train accuracy: 63.2,68.8,95.3,96.6,97.3,97.7,97.9,98.2,98.3,98.3,98.5,98.5,98.7,98.3,98.8,99.0,99.0,99.1,99.2,99.0,99.4,99.4,99.1,99.2,99.5,99.5,99.5,99.1,99.2,99.2,99.5,99.4,99.6,99.5,99.4,99.5,99.6,99.6,99.5,99.6
Test accuracy: 63.2,69.1,95.0,95.9,96.4,96.6,96.8,96.7,96.6,96.8,96.8,96.5,96.8,96.1,96.6,96.8,96.9,96.8,97.0,96.7,97.0,97.0,96.5,96.7,96.9,97.0,96.8,96.5,96.7,96.5,96.8,96.9,96.9,96.9,96.8,96.8,96.9,96.6,96.4,96.9
Seed 7/10
Train loss: 0.1157,0.0717,0.0558,0.0467,0.0506,0.0297,0.03,0.0223,0.0192,0.0146,0.0122,0.01,0.0123,0.0083,0.008,0.0094,0.007,0.0079,0.0051,0.0028,0.0151,0.0076,0.0036,0.0032,0.004,0.0033,0.0045,0.0028,0.0035,0.0015,0.0016,0.0033,0.0014,0.0043,0.0012,0.0011,0.0016,0.0056,0.0045,0.0008
Test loss: 0.1458,0.0997,0.0992,0.0919,0.1012,0.125,0.1236,0.0806,0.0869,0.1255,0.0782,0.0682,0.0822,0.096,0.0821,0.0857,0.1185,0.0971,0.1119,0.089,0.0856,0.1038,0.139,0.1206,0.1142,0.1125,0.0989,0.1019,0.097,0.1031,0.1344,0.1436,0.1484,0.1752,0.1135,0.113,0.1136,0.1315,0.1271,0.1211
Train accuracy: 96.6,97.9,98.4,98.7,98.6,99.2,99.2,99.4,99.5,99.6,99.7,99.8,99.7,99.8,99.8,99.8,99.8,99.8,99.9,100.0,99.5,99.8,99.9,100.0,99.9,99.9,99.9,99.9,99.9,100.0,100.0,99.9,100.0,99.9,100.0,100.0,100.0,99.9,99.9,100.0
Test accuracy: 96.7,97.6,98.0,98.2,97.8,98.3,98.0,98.2,98.0,98.3,98.4,98.4,98.4,98.4,98.4,98.2,98.2,98.4,98.3,98.4,98.0,98.2,98.4,98.5,98.5,98.4,98.3,98.5,98.4,98.6,98.5,98.5,98.5,98.3,98.5,98.6,98.4,98.1,98.3,98.6
Seed 8/10
Train loss: 0.2551,0.1496,0.1161,0.0991,0.0814,0.0714,0.0625,0.0601,0.0512,0.0477,0.0484,0.0488,0.0424,0.0356,0.0307,0.0281,0.0233,0.0273,0.0259,0.0272,0.0195,0.0145,0.0223,0.0204,0.013,0.0167,0.0149,0.014,0.0147,0.0148,0.0128,0.0143,0.0086,0.0116,0.0139,0.0117,0.0085,0.0201,0.0102,0.0059
Test loss: 0.2584,0.1728,0.1416,0.1317,0.1264,0.1309,0.1408,0.127,0.1579,0.1709,0.1731,0.1724,0.1505,0.1424,0.1514,0.1777,0.2726,0.1475,0.1545,0.1774,0.1443,0.1684,0.1426,0.1785,0.1575,0.2643,0.1522,0.16,0.1762,0.1667,0.1609,0.1884,0.1671,0.1597,0.1756,0.1685,0.1316,0.18,0.1446,0.1519
Train accuracy: 93.3,95.8,96.7,97.2,97.7,98.0,98.3,98.2,98.5,98.6,98.6,98.6,98.8,99.0,99.1,99.1,99.3,99.2,99.3,99.2,99.4,99.6,99.4,99.4,99.7,99.6,99.6,99.6,99.6,99.6,99.7,99.6,99.8,99.7,99.6,99.7,99.8,99.4,99.7,99.9
Test accuracy: 93.1,95.5,96.3,96.6,96.9,97.0,96.9,96.9,97.0,97.3,97.2,96.9,97.0,97.3,97.2,97.3,97.5,97.3,97.3,97.2,97.2,97.5,97.4,97.1,97.4,97.3,97.4,97.5,97.3,97.5,97.6,97.4,97.5,97.6,97.2,97.6,97.5,97.2,97.4,97.5
Seed 9/10
Train loss: 0.4823,0.2562,0.2007,0.1595,0.1293,0.1381,0.1133,0.0915,0.0877,0.0788,0.0846,0.0686,0.0919,0.0553,0.0715,0.0492,0.0353,0.0815,0.0363,0.0323,0.0719,0.0308,0.0268,0.0383,0.0249,0.0223,0.0228,0.0183,0.0193,0.0207,0.0237,0.0189,0.018,0.0215,0.0239,0.0195,0.0135,0.0101,0.0094,0.0127
Test loss: 0.5402,0.2942,0.2449,0.2677,0.2438,0.2663,0.3108,0.3793,0.3508,0.4517,0.3569,0.2682,0.3748,0.249,0.2476,0.3836,0.2128,0.5522,0.1976,0.1862,0.3143,0.2062,0.213,0.2025,0.2722,0.1932,0.1969,0.2096,0.2259,0.2339,0.1915,0.1832,0.1961,0.196,0.2354,0.18,0.1667,0.1513,0.1485,0.1387
Train accuracy: 88.4,93.6,94.4,95.5,96.3,95.7,96.6,97.2,97.4,97.8,97.5,98.0,97.4,98.6,98.0,98.6,99.0,97.6,99.0,99.2,98.0,99.2,99.3,98.9,99.4,99.5,99.4,99.6,99.6,99.5,99.4,99.5,99.6,99.5,99.4,99.5,99.7,99.8,99.8,99.7
Test accuracy: 89.0,93.5,94.2,95.1,95.6,95.0,95.3,95.9,95.9,96.0,95.9,96.1,95.8,96.3,95.7,96.2,96.4,95.3,96.3,96.4,95.7,96.3,96.2,96.3,96.4,96.5,96.3,96.3,96.3,96.2,96.4,96.4,96.3,96.3,96.4,96.5,97.0,97.1,97.1,97.3
Seed 10/10
Train loss: 0.4029,0.2753,0.1937,0.146,0.1371,0.1169,0.1031,0.089,0.084,0.0704,0.0736,0.0587,0.0684,0.0563,0.0469,0.0506,0.0449,0.0458,0.0419,0.0352,0.0362,0.037,0.035,0.0306,0.0299,0.036,0.033,0.0275,0.0252,0.0301,0.0278,0.0254,0.0265,0.0224,0.0234,0.0258,0.025,0.0263,0.0227,0.0183
Test loss: 0.4182,0.3246,0.2803,0.2368,0.2997,0.3711,0.3954,0.4805,1.0031,1.8568,2.0056,1.3044,0.9027,0.2909,0.3115,0.2979,0.4854,0.3966,1.6044,0.287,0.441,0.7028,0.4858,1.1849,0.7319,0.35,1.1867,0.3966,1.0071,1.0313,0.4107,0.8741,1.0646,1.0075,0.5619,1.641,0.9555,0.7011,0.8594,0.8619
Train accuracy: 89.6,92.7,94.9,96.2,96.5,96.9,97.3,97.7,97.9,98.2,98.2,98.4,98.2,98.5,98.8,98.7,98.9,98.9,98.9,99.2,99.1,99.1,99.2,99.3,99.3,99.1,99.2,99.3,99.4,99.3,99.3,99.4,99.4,99.5,99.5,99.4,99.4,99.4,99.5,99.6
Test accuracy: 89.3,92.2,94.0,95.2,95.4,95.8,95.8,95.9,96.1,96.2,96.0,96.2,96.1,96.3,96.4,96.2,96.3,96.3,96.1,96.3,96.4,96.3,96.3,96.6,96.5,96.2,96.2,96.1,96.3,96.1,96.0,96.2,96.2,96.4,96.3,96.3,96.0,96.3,96.2,96.3
