Seed 1/10
Train loss: 0.3776,0.2245,0.1822,0.1505,0.1318,0.122,0.1159,0.1121,0.1214,0.0856,0.0901,0.0759,0.0616,0.0626,0.0568,0.0504,0.0446,0.0495,0.0437,0.0374,0.0458,0.0504,0.0349,0.037,0.0397,0.0264,0.0287,0.0223,0.0216,0.0242,0.0218,0.0197,0.0201,0.0289,0.0311,0.0197,0.0179,0.0326,0.0149,0.0302
Test loss: 0.3784,0.2287,0.1937,0.173,0.1606,0.1604,0.1592,0.1611,0.1686,0.1432,0.1537,0.1504,0.1512,0.1438,0.1574,0.1618,0.1537,0.1641,0.1558,0.1564,0.1741,0.1801,0.1655,0.1728,0.1872,0.1758,0.1832,0.1708,0.1818,0.1847,0.1815,0.1861,0.1856,0.2072,0.2039,0.2019,0.1926,0.2139,0.1919,0.212
Train accuracy: 88.3,93.4,94.4,95.4,95.9,96.3,96.4,96.5,96.2,97.4,97.2,97.7,98.2,98.0,98.3,98.4,98.7,98.5,98.7,98.8,98.6,98.4,98.9,98.9,98.8,99.2,99.1,99.3,99.4,99.2,99.3,99.4,99.4,99.1,99.1,99.4,99.5,99.0,99.6,99.1
Test accuracy: 88.2,93.1,94.0,94.7,95.2,95.4,95.6,95.5,95.3,96.0,95.9,96.0,96.3,96.5,96.4,96.3,96.4,96.4,96.4,96.5,96.2,96.2,96.5,96.5,96.3,96.4,96.5,96.6,96.5,96.5,96.8,96.7,96.6,96.3,96.3,96.6,96.5,96.4,96.5,96.2
Seed 2/10
Train loss: 0.3115,0.2595,0.2182,0.1755,0.1253,0.0995,0.0794,0.0713,0.0685,0.0664,0.0612,0.0506,0.0524,0.0656,0.0486,0.0543,0.0408,0.0354,0.0444,0.0359,0.0386,0.037,0.0337,0.0366,0.0378,0.0243,0.0369,0.0327,0.0228,0.0336,0.0334,0.0258,0.0286,0.0287,0.0272,0.0377,0.0242,0.0212,0.0215,0.0177
Test loss: 0.2912,0.2589,0.2298,0.1949,0.1586,0.1406,0.1253,0.1275,0.1349,0.1358,0.1422,0.1328,0.134,0.1482,0.1487,0.1549,0.143,0.1533,0.1701,0.1636,0.1637,0.1704,0.1678,0.1725,0.1771,0.1629,0.189,0.1827,0.1782,0.1995,0.1966,0.188,0.1827,0.19,0.2016,0.2147,0.2059,0.193,0.1987,0.1931
Train accuracy: 90.8,92.3,93.4,94.7,96.3,97.1,97.6,97.9,98.0,98.1,98.2,98.5,98.4,98.0,98.6,98.4,98.8,98.9,98.7,98.9,98.8,98.9,99.0,98.9,98.9,99.3,98.9,99.0,99.4,99.1,99.0,99.3,99.2,99.2,99.2,99.0,99.3,99.4,99.4,99.5
Test accuracy: 91.3,92.3,93.0,94.2,95.5,95.9,96.3,96.4,96.5,96.5,96.6,96.7,96.8,96.6,96.8,96.5,96.8,96.9,96.3,96.7,96.5,96.6,96.7,96.6,96.4,96.9,96.4,96.6,96.7,96.1,96.5,96.5,96.9,96.5,96.6,96.4,96.4,96.8,96.8,96.8
Seed 3/10
Train loss: 0.8707,0.672,0.5093,0.4305,0.3778,0.344,0.3186,0.3013,0.2999,0.262,0.2429,0.2524,0.2422,0.2167,0.2137,0.2088,0.2226,0.192,0.197,0.1825,0.187,0.173,0.1728,0.1843,0.1647,0.1825,0.1652,0.1537,0.1557,0.1465,0.1398,0.1501,0.1393,0.149,0.1394,0.1501,0.1312,0.1585,0.1242,0.119
Test loss: 0.8795,0.6799,0.531,0.4585,0.4128,0.383,0.369,0.3588,0.3627,0.3277,0.3149,0.3267,0.3188,0.2925,0.2986,0.2981,0.3088,0.2879,0.2818,0.2753,0.2854,0.2748,0.2809,0.278,0.2686,0.286,0.2805,0.2705,0.2706,0.2658,0.2607,0.2759,0.2662,0.2812,0.2635,0.288,0.2881,0.3008,0.2818,0.2721
Train accuracy: 73.8,80.7,87.2,89.9,91.3,92.0,92.2,92.6,92.2,93.7,94.0,93.6,93.8,94.7,94.6,94.7,94.1,95.1,95.0,95.3,95.2,95.5,95.3,95.1,95.7,95.0,95.6,95.9,96.0,96.1,96.4,96.0,96.3,95.9,96.2,96.0,96.5,95.6,96.7,96.9
Test accuracy: 73.8,80.7,86.6,89.2,90.5,91.0,90.9,91.3,90.6,92.0,92.2,91.9,92.4,93.0,92.6,92.7,92.2,93.0,93.3,93.5,92.9,93.4,92.8,93.2,93.3,92.7,93.0,93.3,93.4,93.4,93.4,93.5,93.5,93.1,93.5,92.9,93.3,92.7,93.3,93.7
Seed 4/10
Train loss: 1.0978,0.8786,0.6117,0.5437,0.4891,0.4547,0.4324,0.4047,0.3881,0.3676,0.3577,0.3444,0.3369,0.3212,0.3202,0.3182,0.3041,0.3015,0.302,0.2927,0.2969,0.2856,0.2882,0.2864,0.2721,0.2902,0.2779,0.2685,0.2657,0.2616,0.2642,0.2637,0.2534,0.2985,0.2515,0.2582,0.2475,0.2403,0.2635,0.2422
Test loss: 1.0939,0.8759,0.6134,0.5613,0.5094,0.486,0.4699,0.4511,0.4398,0.4167,0.4159,0.4106,0.4063,0.3933,0.4015,0.3999,0.3948,0.3982,0.399,0.392,0.3974,0.3958,0.4006,0.4005,0.3884,0.4033,0.4011,0.3974,0.3944,0.3988,0.4075,0.4077,0.4008,0.4376,0.4081,0.4169,0.4086,0.4052,0.4242,0.4087
Train accuracy: 58.8,71.2,80.9,81.9,82.9,83.5,83.8,84.4,84.8,85.2,85.3,85.7,85.9,86.2,86.2,86.3,86.7,86.6,86.6,86.8,86.7,87.1,86.8,86.9,87.4,87.0,87.2,87.4,87.5,87.7,87.5,87.6,87.9,86.4,87.8,87.7,88.1,88.3,87.4,88.1
Test accuracy: 59.1,71.6,80.8,81.5,82.5,83.0,83.0,83.6,83.9,84.3,84.1,84.5,84.6,84.8,84.8,84.8,85.0,85.1,84.6,85.2,84.9,85.2,85.0,85.0,85.4,85.1,85.2,85.2,85.3,85.2,84.9,85.2,85.4,84.2,85.1,85.2,85.3,85.4,84.6,85.4
Seed 5/10
Train loss: 0.9589,0.3294,0.1874,0.138,0.1161,0.0972,0.0907,0.079,0.0827,0.0657,0.0712,0.0645,0.0742,0.0626,0.0599,0.0497,0.0428,0.0673,0.0401,0.0514,0.0332,0.0344,0.0363,0.0322,0.0435,0.051,0.032,0.0294,0.0327,0.0435,0.0254,0.0249,0.026,0.0278,0.0237,0.0263,0.0253,0.0227,0.0155,0.0207
Test loss: 0.9332,0.3142,0.1901,0.1513,0.1369,0.1234,0.1267,0.1276,0.1373,0.1244,0.1379,0.1381,0.1562,0.1498,0.1542,0.1555,0.1372,0.1682,0.1522,0.1716,0.1507,0.1669,0.1664,0.174,0.1823,0.2048,0.1917,0.1803,0.1794,0.2061,0.1815,0.1794,0.186,0.1914,0.1895,0.1892,0.2021,0.188,0.1781,0.1865
Train accuracy: 72.6,91.4,95.1,96.2,96.7,97.2,97.3,97.7,97.6,98.1,97.9,98.1,97.7,98.1,98.2,98.5,98.8,98.0,98.8,98.5,99.0,99.0,98.9,99.0,98.7,98.5,99.1,99.1,99.0,98.8,99.3,99.3,99.3,99.2,99.4,99.3,99.3,99.4,99.6,99.4
Test accuracy: 73.0,91.7,95.1,96.0,96.3,96.7,96.5,96.5,96.5,96.7,96.3,96.3,95.9,96.3,96.2,96.4,96.8,96.0,96.4,96.3,96.7,96.5,96.4,96.5,96.2,96.0,96.5,96.6,96.5,96.5,96.7,96.7,96.5,96.5,96.7,96.6,96.4,96.8,97.1,96.8
Seed 6/10
Train loss: 0.326,0.1921,0.158,0.1462,0.1159,0.1,0.0912,0.0887,0.0763,0.0711,0.0621,0.0578,0.0598,0.058,0.0508,0.0566,0.046,0.0452,0.0457,0.0503,0.0486,0.0471,0.0371,0.0413,0.0393,0.0432,0.0288,0.0309,0.0345,0.0326,0.035,0.0407,0.0332,0.0253,0.0284,0.0314,0.0241,0.0269,0.0237,0.0291
Test loss: 0.3092,0.1904,0.1695,0.1709,0.1497,0.1399,0.1382,0.151,0.1424,0.1436,0.1381,0.1372,0.1418,0.1456,0.1448,0.1616,0.1494,0.1551,0.1569,0.1629,0.1674,0.1708,0.1637,0.1797,0.1733,0.1768,0.1712,0.1768,0.1888,0.1883,0.1998,0.1862,0.188,0.1825,0.1972,0.1983,0.188,0.2053,0.1936,0.2158
Train accuracy: 91.0,94.7,95.4,95.6,96.5,97.0,97.2,97.2,97.6,97.7,98.1,98.2,98.1,98.2,98.4,98.2,98.5,98.6,98.6,98.4,98.5,98.5,98.8,98.7,98.8,98.6,99.0,99.0,98.9,99.0,98.9,98.7,98.9,99.2,99.1,99.0,99.3,99.2,99.3,99.1
Test accuracy: 91.3,94.9,95.2,95.0,95.6,96.0,96.1,95.8,96.1,96.0,96.4,96.5,96.3,96.5,96.5,96.3,96.5,96.5,96.6,96.4,96.4,96.7,96.7,96.2,96.3,96.2,96.6,96.5,96.4,96.3,96.3,96.4,96.6,96.7,96.4,96.5,96.5,96.3,96.5,96.4
Seed 7/10
Train loss: 0.4146,0.2106,0.1782,0.1754,0.1536,0.1299,0.1158,0.1035,0.0987,0.0899,0.0793,0.0821,0.0741,0.0677,0.0702,0.0568,0.0587,0.0578,0.0459,0.0435,0.082,0.0406,0.0442,0.0419,0.0402,0.044,0.0366,0.0403,0.0378,0.0299,0.0333,0.026,0.0253,0.0266,0.0267,0.0278,0.0311,0.0266,0.0396,0.0261
Test loss: 0.4071,0.2182,0.1978,0.2023,0.1869,0.1741,0.1707,0.1616,0.1714,0.1685,0.164,0.1661,0.1652,0.1663,0.1685,0.1597,0.1664,0.1831,0.1594,0.1574,0.2137,0.1586,0.1672,0.1629,0.1777,0.1745,0.1639,0.1883,0.1865,0.1791,0.1868,0.1772,0.1706,0.1861,0.1724,0.183,0.1766,0.1769,0.2056,0.187
Train accuracy: 88.0,93.7,94.6,94.7,95.4,96.0,96.5,96.9,97.0,97.3,97.6,97.5,97.8,97.9,97.8,98.3,98.2,98.2,98.6,98.7,97.7,98.8,98.6,98.7,98.8,98.7,98.9,98.8,98.8,99.1,99.0,99.2,99.2,99.2,99.2,99.2,99.1,99.2,98.8,99.2
Test accuracy: 88.1,93.8,94.2,94.2,94.7,95.1,95.3,95.5,95.7,95.7,96.0,95.9,96.0,96.0,95.9,96.3,96.1,96.0,96.3,96.4,95.4,96.5,96.2,96.3,96.3,96.3,96.5,96.4,96.4,96.5,96.2,96.5,96.6,96.5,96.6,96.3,96.6,96.6,96.2,96.4
Seed 8/10
Train loss: 0.79,0.5917,0.4738,0.4114,0.3642,0.3239,0.3042,0.2781,0.2664,0.2596,0.2419,0.2314,0.2165,0.213,0.2051,0.1944,0.193,0.1834,0.186,0.174,0.1725,0.1698,0.1629,0.1815,0.1715,0.1623,0.1612,0.161,0.1526,0.1612,0.1431,0.1576,0.1499,0.1426,0.1335,0.1362,0.1347,0.1297,0.1471,0.1197
Test loss: 0.7905,0.6017,0.4983,0.4423,0.397,0.3685,0.3475,0.3313,0.3203,0.3209,0.2976,0.2921,0.288,0.2916,0.2827,0.2728,0.2842,0.274,0.2793,0.2671,0.2749,0.2769,0.2703,0.29,0.2875,0.2762,0.2793,0.2829,0.2809,0.292,0.2856,0.2924,0.3002,0.2965,0.2831,0.2875,0.2934,0.2993,0.3277,0.2901
Train accuracy: 76.8,86.7,89.1,90.3,91.0,92.1,92.4,93.0,93.2,93.3,93.6,93.9,94.2,94.3,94.5,94.9,94.8,95.1,95.0,95.2,95.3,95.3,95.5,95.0,95.2,95.6,95.6,95.5,96.0,95.7,96.2,95.5,95.9,96.0,96.4,96.2,96.2,96.5,96.1,96.7
Test accuracy: 76.6,86.2,88.9,89.8,90.5,91.3,91.5,92.1,92.2,92.0,92.5,92.6,92.8,92.7,92.8,93.1,92.8,93.1,93.0,93.2,93.1,92.8,93.1,92.7,92.6,92.8,93.1,92.9,93.2,92.7,93.2,92.8,92.9,93.0,93.0,93.2,93.0,93.2,92.6,93.2
Seed 9/10
Train loss: 0.9362,0.7382,0.653,0.595,0.5727,0.5647,0.5265,0.5303,0.5089,0.4957,0.4958,0.4893,0.4842,0.4733,0.4668,0.4647,0.4818,0.4473,0.4569,0.4456,0.4447,0.4463,0.449,0.4193,0.4378,0.4186,0.4194,0.4106,0.4119,0.412,0.436,0.407,0.4352,0.4235,0.4028,0.4221,0.3999,0.3938,0.4072,0.3972
Test loss: 0.9328,0.7431,0.6629,0.6187,0.6046,0.5986,0.572,0.5846,0.5689,0.5618,0.5681,0.5681,0.5604,0.5551,0.5569,0.5629,0.586,0.5506,0.5666,0.564,0.5559,0.5644,0.5659,0.5492,0.5685,0.5588,0.5548,0.5542,0.5598,0.5696,0.5967,0.5548,0.5829,0.5788,0.5632,0.5836,0.5676,0.5761,0.588,0.5744
Train accuracy: 65.1,73.4,74.9,75.7,76.1,76.1,76.8,76.6,77.3,77.3,77.4,77.6,77.6,78.1,78.2,78.4,77.8,78.5,78.4,78.5,78.8,78.4,78.7,79.4,79.0,79.3,79.4,79.4,79.3,79.2,78.9,79.7,79.1,79.1,79.8,79.2,79.8,79.9,79.8,79.7
Test accuracy: 65.5,73.5,74.7,75.2,75.4,75.3,76.0,75.7,76.1,76.1,76.0,76.2,76.2,76.6,76.7,76.5,76.2,76.7,76.6,76.5,76.8,76.6,76.7,76.9,76.8,76.7,76.8,76.9,76.7,76.5,76.4,77.0,76.7,76.4,77.0,76.6,77.0,76.8,76.9,76.4
Seed 10/10
Train loss: 0.3207,0.2523,0.2105,0.1565,0.1346,0.1138,0.1018,0.0946,0.081,0.0851,0.0742,0.0719,0.0711,0.0638,0.0632,0.0687,0.0612,0.0635,0.0539,0.0487,0.0415,0.0375,0.0451,0.0378,0.0339,0.0428,0.034,0.0368,0.041,0.0285,0.0322,0.0313,0.029,0.0244,0.0232,0.0267,0.0181,0.0262,0.0548,0.0255
Test loss: 0.3155,0.2551,0.2223,0.181,0.1686,0.1545,0.1491,0.1524,0.1426,0.1539,0.1522,0.1539,0.1563,0.16,0.1554,0.1689,0.176,0.1788,0.1754,0.1691,0.1669,0.1724,0.1853,0.1805,0.1719,0.1921,0.1955,0.2081,0.2034,0.1966,0.2097,0.19,0.2048,0.1975,0.202,0.1937,0.1835,0.2077,0.2711,0.2152
Train accuracy: 91.3,92.4,93.5,95.1,95.7,96.5,96.9,97.1,97.4,97.3,97.7,97.8,97.8,98.0,98.0,97.8,98.1,98.0,98.3,98.5,98.7,98.8,98.6,98.8,98.9,98.7,98.9,98.9,98.8,99.1,99.0,99.0,99.1,99.3,99.3,99.2,99.5,99.2,98.5,99.2
Test accuracy: 91.5,92.7,93.6,94.9,95.2,95.7,95.8,95.8,96.2,95.8,96.1,96.0,96.1,96.2,96.2,96.1,96.1,96.0,96.2,96.3,96.4,96.3,96.0,96.3,96.6,96.2,96.2,96.1,96.1,96.2,96.0,96.3,96.3,96.2,96.2,96.3,96.5,96.3,95.6,96.2
