Seed 1/10
Train loss: 1.7296,1.5859,1.5377,1.4682,1.4273,1.4027,1.3485,1.2792,1.2342,1.2051,1.1779,1.1548,1.1334,1.1176,1.108,1.0975,1.0753,1.0725,1.071,1.0616,1.0468,1.0506,1.0299,1.0527,1.0294,1.0271,1.0221,1.0193,1.0164,0.9862,0.9979,0.9957,0.9849,0.9905,0.9826,0.9674,0.9688,0.9627,0.9876,0.9674
Test loss: 1.7426,1.6007,1.5641,1.5015,1.4559,1.5062,1.3934,1.3234,1.2859,1.2722,1.2516,1.2388,1.2272,1.2254,1.2195,1.2203,1.1996,1.2081,1.2154,1.2136,1.2026,1.2194,1.1966,1.2282,1.2113,1.2126,1.2161,1.2138,1.2151,1.1942,1.2124,1.2152,1.2127,1.2257,1.2236,1.2042,1.2158,1.2326,1.2452,1.2376
Train accuracy: 22.4,27.6,29.3,33.1,35.0,36.6,40.2,46.5,49.8,49.6,50.0,49.8,49.3,49.3,50.2,51.3,53.2,53.1,54.1,54.7,55.7,56.1,56.1,55.9,56.6,55.0,55.9,57.1,57.1,57.9,57.5,57.9,58.2,57.8,57.7,58.6,58.3,58.6,58.0,58.5
Test accuracy: 22.2,27.1,28.8,32.7,34.6,35.9,38.9,44.6,48.1,48.1,48.6,47.9,47.3,47.2,49.0,49.4,51.4,50.8,52.0,52.2,52.9,53.3,53.2,53.0,53.1,51.8,52.5,53.6,54.1,54.1,53.9,53.7,54.2,53.8,53.8,54.2,54.0,54.1,54.2,54.1
Seed 2/10
Train loss: 2.3024,2.3013,2.3013,2.3013,2.3013,2.3013,2.3013,2.3013,2.3013,2.3013,2.3013,2.3013,2.3013,2.3013,2.3013,2.3013,2.3013,2.3013,2.3013,2.3013,2.3013,2.3013,2.3013,2.3013,2.3013,2.3013,2.3013,2.3013,2.3013,2.3013,2.3013,2.3013,2.3013,2.3013,2.3013,2.3013,2.3013,2.3013,2.3013,2.3013
Test loss: 2.3021,2.3012,2.3012,2.3012,2.3012,2.3012,2.3012,2.3012,2.3012,2.3012,2.3012,2.3012,2.3012,2.3012,2.3012,2.3012,2.3012,2.3012,2.3012,2.3012,2.3012,2.3012,2.3012,2.3012,2.3012,2.3012,2.3012,2.3012,2.3012,2.3012,2.3012,2.3012,2.3012,2.3012,2.3012,2.3012,2.3012,2.3012,2.3012,2.3012
Train accuracy: 11.2,11.2,11.2,11.2,11.2,11.2,11.2,11.2,11.2,11.2,11.2,11.2,11.2,11.2,11.2,11.2,11.2,11.2,11.2,11.2,11.2,11.2,11.2,11.2,11.2,11.2,11.2,11.2,11.2,11.2,11.2,11.2,11.2,11.2,11.2,11.2,11.2,11.2,11.2,11.2
Test accuracy: 11.3,11.3,11.3,11.3,11.3,11.3,11.3,11.3,11.3,11.3,11.3,11.3,11.3,11.3,11.3,11.3,11.3,11.3,11.3,11.3,11.3,11.3,11.3,11.3,11.3,11.3,11.3,11.3,11.3,11.3,11.3,11.3,11.3,11.3,11.3,11.3,11.3,11.3,11.3,11.3
Seed 3/10
Train loss: 1.8332,1.7498,1.5596,1.5013,1.4692,1.4395,1.421,1.4089,1.3934,1.3831,1.3774,1.3659,1.3703,1.348,1.3433,1.345,1.3381,1.3253,1.3205,1.3189,1.3198,1.3125,1.3073,1.3087,1.2867,1.293,1.2746,1.2891,1.2716,1.2616,1.2547,1.2566,1.2506,1.2645,1.2569,1.2738,1.2405,1.247,1.2382,1.248
Test loss: 1.8382,1.7581,1.5664,1.5127,1.4866,1.4598,1.4438,1.435,1.4293,1.4239,1.4234,1.4133,1.4232,1.4122,1.4174,1.4112,1.4179,1.4015,1.4116,1.408,1.4249,1.4143,1.4034,1.4291,1.4152,1.4382,1.4243,1.4427,1.41,1.4178,1.4258,1.4233,1.4222,1.4526,1.4288,1.4976,1.4388,1.4721,1.4475,1.4747
Train accuracy: 29.1,33.1,36.5,38.0,38.5,38.8,38.9,38.8,39.9,39.1,39.2,39.6,40.5,41.3,41.4,41.5,42.9,43.0,44.3,44.9,44.9,44.7,45.5,44.8,46.1,45.9,46.9,45.3,46.4,47.3,47.6,47.3,47.7,46.7,47.1,46.4,47.5,47.8,48.1,47.9
Test accuracy: 29.4,33.1,36.4,37.7,38.4,38.7,38.8,38.7,39.7,38.8,38.9,39.4,39.9,40.4,40.7,40.8,42.1,42.0,43.4,43.9,44.0,43.6,44.7,43.7,44.9,44.8,45.6,43.8,45.0,46.0,46.1,45.7,46.2,45.1,45.6,44.6,45.9,46.2,46.3,46.2
Seed 4/10
Train loss: 2.3015,2.3013,2.3013,2.3013,2.3013,2.3013,2.3013,2.3013,2.3013,2.3013,2.3013,2.3013,2.3013,2.3013,2.3013,2.3013,2.3013,2.3013,2.3013,2.3013,2.3013,2.3013,2.3013,2.3013,2.3013,2.3013,2.3013,2.3013,2.3013,2.3013,2.3013,2.3013,2.3013,2.3013,2.3013,2.3013,2.3013,2.3013,2.3013,2.3013
Test loss: 2.3015,2.3012,2.3012,2.3012,2.3012,2.3012,2.3012,2.3012,2.3012,2.3012,2.3012,2.3012,2.3012,2.3012,2.3012,2.3012,2.3012,2.3012,2.3012,2.3012,2.3012,2.3012,2.3012,2.3012,2.3012,2.3012,2.3012,2.3012,2.3012,2.3012,2.3012,2.3012,2.3012,2.3012,2.3012,2.3012,2.3012,2.3012,2.3012,2.3012
Train accuracy: 11.2,11.2,11.2,11.2,11.2,11.2,11.2,11.2,11.2,11.2,11.2,11.2,11.2,11.2,11.2,11.2,11.2,11.2,11.2,11.2,11.2,11.2,11.2,11.2,11.2,11.2,11.2,11.2,11.2,11.2,11.2,11.2,11.2,11.2,11.2,11.2,11.2,11.2,11.2,11.2
Test accuracy: 11.3,11.3,11.3,11.3,11.3,11.3,11.3,11.3,11.3,11.3,11.3,11.3,11.3,11.3,11.3,11.3,11.3,11.3,11.3,11.3,11.3,11.3,11.3,11.3,11.3,11.3,11.3,11.3,11.3,11.3,11.3,11.3,11.3,11.3,11.3,11.3,11.3,11.3,11.3,11.3
Seed 5/10
Train loss: 1.0051,0.7426,0.6521,0.5908,0.5487,0.4849,0.4001,0.3233,0.284,0.2614,0.2411,0.2278,0.2203,0.2161,0.2131,0.2027,0.1963,0.2034,0.1907,0.1898,0.1626,0.1707,0.1686,0.1723,0.1544,0.1426,0.1603,0.1694,0.1604,0.1448,0.1511,0.1553,0.1462,0.1586,0.1299,0.1468,0.1307,0.1351,0.151,0.1293
Test loss: 1.0133,0.7938,1.4662,1.481,1.3498,0.6592,0.5335,0.4353,0.3984,0.388,0.3937,0.4211,0.4639,0.482,0.493,0.6009,0.4962,0.571,0.6073,0.5061,0.5158,0.4739,0.5283,0.4672,0.5067,0.5524,0.4904,0.5166,0.5124,0.562,0.5379,0.5764,0.5638,0.6629,0.5148,0.6901,0.6072,0.5726,0.6531,0.6334
Train accuracy: 61.9,73.4,78.2,80.0,80.9,82.7,85.2,92.6,93.6,94.0,94.5,94.8,94.9,94.9,94.6,95.4,95.1,95.2,95.2,95.3,96.0,95.8,95.6,95.6,96.2,96.5,96.4,95.9,95.7,96.6,96.6,96.7,96.8,96.5,96.9,96.8,96.9,97.0,96.6,97.1
Test accuracy: 62.0,72.3,76.9,78.7,79.2,81.3,84.6,91.2,92.4,92.5,92.7,92.8,92.8,92.6,92.3,93.0,92.3,92.3,92.2,92.2,92.6,92.2,92.1,92.2,92.4,92.6,92.8,92.3,91.7,92.9,92.5,92.7,92.5,92.5,92.5,92.9,92.6,92.5,92.2,92.5
Seed 6/10
Train loss: 1.524,1.0146,0.7948,0.7288,0.6277,0.5679,0.5143,0.4824,0.4585,0.4399,0.4271,0.4286,0.4199,0.4118,0.4053,0.3877,0.3805,0.3769,0.3904,0.3777,0.3607,0.3695,0.3453,0.3957,0.3593,0.3529,0.3559,0.3328,0.3622,0.3378,0.3215,0.313,0.331,0.3216,0.3346,0.3168,0.3086,0.3072,0.3309,0.2921
Test loss: 1.5477,1.0257,0.8449,0.8237,0.6834,0.6237,0.579,0.5658,0.5636,0.5589,0.5481,0.5593,0.5634,0.5696,0.5817,0.5691,0.5805,0.5904,0.6296,0.6147,0.5898,0.6311,0.5832,0.6583,0.6338,0.6253,0.6415,0.6153,0.666,0.6499,0.6216,0.6276,0.678,0.6487,0.728,0.6814,0.6381,0.6525,0.7093,0.6447
Train accuracy: 45.9,65.2,72.1,75.0,80.4,82.0,83.4,84.0,84.5,84.8,85.0,84.9,85.0,85.2,85.5,85.7,85.9,86.0,85.7,85.9,86.4,86.1,86.4,85.6,86.5,86.4,86.6,86.6,86.1,86.6,86.9,87.1,87.0,87.0,87.0,87.0,87.2,87.0,87.0,87.6
Test accuracy: 46.2,65.5,72.2,74.7,80.1,81.5,82.5,82.9,83.3,83.7,83.8,83.5,83.6,83.5,83.7,83.8,83.8,83.6,83.7,83.7,84.1,83.6,83.9,83.3,83.9,83.9,83.9,83.6,83.4,83.7,83.8,83.9,83.9,84.0,83.7,83.8,83.9,83.5,83.9,84.2
Seed 7/10
Train loss: 0.9658,0.694,0.5593,0.4804,0.3935,0.3449,0.3136,0.295,0.2703,0.2507,0.2413,0.2294,0.2128,0.2145,0.2065,0.1862,0.1878,0.1668,0.185,0.1579,0.2275,0.1584,0.1431,0.1466,0.1499,0.1407,0.1447,0.1334,0.1311,0.1254,0.1262,0.1236,0.115,0.1191,0.1128,0.1242,0.1068,0.1081,0.1142,0.1308
Test loss: 0.9639,0.9062,0.8217,0.8232,0.6997,1.0104,1.0344,0.5698,0.8304,0.8125,0.7292,0.9951,0.7674,0.7083,1.0071,1.3351,0.5149,0.9558,1.0678,1.1854,0.6383,1.2512,1.0478,1.155,0.9201,0.7252,1.018,0.8651,0.7489,0.6634,0.6772,0.6752,0.6697,0.728,0.7465,0.7609,0.5759,0.7048,0.6295,0.8877
Train accuracy: 70.0,79.3,82.4,85.9,91.9,92.9,93.4,93.7,94.2,94.5,94.6,94.9,95.2,95.1,95.4,95.7,95.7,96.1,95.5,96.3,93.9,96.3,96.7,96.6,96.4,96.5,96.5,96.8,96.9,97.0,96.9,96.9,97.3,97.3,97.4,97.0,97.6,97.4,97.4,96.8
Test accuracy: 70.9,79.2,81.9,85.4,91.4,92.4,92.6,92.6,92.8,93.0,92.9,93.0,93.2,93.0,93.1,93.2,93.2,93.5,93.0,93.3,91.7,93.3,93.1,93.2,93.0,92.9,93.0,93.0,93.1,93.2,93.0,93.0,93.3,93.0,93.2,93.3,93.4,93.1,93.0,92.8
Seed 8/10
Train loss: 1.158,0.966,0.7593,0.6269,0.5184,0.453,0.4016,0.3759,0.3597,0.355,0.3608,0.3203,0.3121,0.3058,0.279,0.2948,0.2748,0.2668,0.2426,0.2429,0.2273,0.2311,0.2176,0.2366,0.2086,0.2178,0.2017,0.2272,0.2266,0.1824,0.1817,0.1807,0.1829,0.1887,0.2354,0.1855,0.1837,0.1702,0.1955,0.1747
Test loss: 1.1784,0.9916,0.8164,0.6947,0.6574,0.6157,0.5289,0.533,0.5463,0.5555,0.5864,0.5586,0.5308,0.5451,0.5355,0.5327,0.4933,0.5261,0.4941,0.5136,0.5275,0.5511,0.519,0.5454,0.4959,0.6101,0.511,0.5846,0.57,0.5418,0.5693,0.5348,0.5492,0.564,0.7007,0.5539,0.5848,0.6274,0.6727,0.5987
Train accuracy: 54.7,65.3,79.2,84.9,87.6,88.8,90.2,90.7,91.0,90.8,90.5,91.8,91.8,92.1,92.8,92.3,92.8,92.9,93.8,93.6,94.2,94.2,94.4,93.5,94.8,94.6,94.8,94.2,93.9,95.5,95.5,95.6,95.5,95.2,94.3,95.2,95.5,96.0,95.3,96.0
Test accuracy: 54.0,65.5,78.2,83.0,85.8,86.8,87.8,88.1,88.3,88.3,87.9,89.0,89.0,88.6,89.4,88.7,89.3,89.4,90.1,90.0,90.4,90.0,90.3,89.2,90.6,90.0,90.1,89.7,89.7,90.7,90.7,90.5,90.7,90.2,89.3,90.2,90.7,90.6,90.2,90.7
Seed 9/10
Train loss: 2.302,2.3013,2.3013,2.3013,2.3013,2.3013,2.3013,2.3013,2.3013,2.3013,2.3013,2.3013,2.3013,2.3013,2.3013,2.3013,2.3013,2.3013,2.3013,2.3013,2.3013,2.3013,2.3013,2.3013,2.3013,2.3013,2.3013,2.3013,2.3013,2.3013,2.3013,2.3013,2.3013,2.3013,2.3013,2.3013,2.3013,2.3013,2.3013,2.3013
Test loss: 2.3022,2.3012,2.3012,2.3012,2.3012,2.3012,2.3012,2.3012,2.3012,2.3012,2.3012,2.3012,2.3012,2.3012,2.3012,2.3012,2.3012,2.3012,2.3012,2.3012,2.3012,2.3012,2.3012,2.3012,2.3012,2.3012,2.3012,2.3012,2.3012,2.3012,2.3012,2.3012,2.3012,2.3012,2.3012,2.3012,2.3012,2.3012,2.3012,2.3012
Train accuracy: 9.9,11.2,11.2,11.2,11.2,11.2,11.2,11.2,11.2,11.2,11.2,11.2,11.2,11.2,11.2,11.2,11.2,11.2,11.2,11.2,11.2,11.2,11.2,11.2,11.2,11.2,11.2,11.2,11.2,11.2,11.2,11.2,11.2,11.2,11.2,11.2,11.2,11.2,11.2,11.2
Test accuracy: 9.6,11.3,11.3,11.3,11.3,11.3,11.3,11.3,11.3,11.3,11.3,11.3,11.3,11.3,11.3,11.3,11.3,11.3,11.3,11.3,11.3,11.3,11.3,11.3,11.3,11.3,11.3,11.3,11.3,11.3,11.3,11.3,11.3,11.3,11.3,11.3,11.3,11.3,11.3,11.3
Seed 10/10
Train loss: 1.4133,0.9831,0.7157,0.5419,0.4291,0.3296,0.2804,0.2502,0.2296,0.2124,0.1989,0.1936,0.1789,0.174,0.169,0.1709,0.1544,0.1418,0.1471,0.1534,0.1355,0.127,0.1401,0.1258,0.1211,0.1214,0.1178,0.1125,0.1156,0.1024,0.1243,0.1053,0.1049,0.1042,0.1021,0.1024,0.102,0.1039,0.1076,0.0963
Test loss: 1.4214,1.1691,0.837,0.631,0.5248,0.4349,0.4272,0.4167,0.5881,0.5596,0.4923,0.4512,0.3865,0.3951,0.3914,0.3837,0.3775,0.3877,0.4047,0.3957,0.3727,0.3893,0.4362,0.484,0.4961,0.4644,0.4176,0.4924,0.4438,0.4584,0.5102,0.6025,0.5275,0.4927,0.5503,0.6104,0.4752,0.5077,0.7354,0.4631
Train accuracy: 38.8,57.0,73.1,81.9,91.7,93.5,94.1,94.6,94.7,95.0,95.2,95.0,95.4,95.5,95.7,95.4,96.1,96.4,96.2,95.9,96.6,96.8,96.3,96.8,97.0,96.9,97.1,97.2,97.1,97.6,96.8,97.6,97.4,97.5,97.5,97.5,97.5,97.4,97.5,97.7
Test accuracy: 38.0,56.0,72.3,81.3,91.0,92.3,92.7,93.0,93.0,92.9,93.0,92.6,92.8,92.9,92.8,92.5,93.3,93.0,92.8,92.6,93.2,93.3,92.8,93.0,93.4,93.3,93.4,93.3,93.0,93.5,92.5,93.6,93.1,93.2,93.5,93.6,93.4,93.5,93.4,93.5
