Seed 1/10
Train loss: 0.9129,0.6915,0.6036,0.5316,0.4878,0.4511,0.424,0.3965,0.379,0.3659,0.3593,0.359,0.332,0.3543,0.2904,0.2448,0.2199,0.2143,0.209,0.1972,0.1854,0.2034,0.177,0.1728,0.1704,0.159,0.1703,0.142,0.1817,0.2203,0.1536,0.1404,0.1464,0.1536,0.1263,0.1153,0.1338,0.1271,0.1222,0.221
Test loss: 0.9812,0.7256,0.6441,0.6237,0.6727,0.6887,0.5574,0.5012,0.4914,0.4889,0.5144,0.552,0.5153,0.5363,0.4484,0.409,0.4168,0.4266,0.4148,0.4378,0.5562,0.4254,1.8092,0.5445,0.5528,0.6524,0.8785,0.6316,0.4691,1.6517,0.5113,0.5663,0.5231,1.6234,0.5094,1.1268,0.6606,0.7612,0.8983,3.0498
Train accuracy: 70.2,78.4,80.3,82.3,83.0,83.5,83.9,84.5,84.7,85.0,85.2,85.2,85.8,85.8,93.4,94.3,94.5,94.7,94.7,94.7,95.1,94.7,95.3,95.4,95.5,95.8,95.4,96.3,94.8,94.5,95.8,96.3,96.2,95.8,96.9,97.0,96.5,96.8,96.9,94.8
Test accuracy: 70.2,78.2,79.8,81.3,81.6,82.2,82.4,83.0,83.2,83.2,83.4,83.0,83.4,83.9,91.7,92.5,92.2,92.5,92.0,92.1,92.4,91.9,92.3,92.6,92.6,92.7,92.1,93.2,91.7,91.2,92.3,92.7,92.3,92.1,93.1,93.1,93.0,93.0,92.7,91.2
Seed 2/10
Train loss: 1.7784,1.697,1.6658,1.6298,1.5907,1.5677,1.5452,1.5287,1.5244,1.5216,1.5037,1.4909,1.4844,1.4972,1.4764,1.4921,1.4867,1.4675,1.4729,1.4633,1.4539,1.4565,1.4499,1.4431,1.4445,1.4479,1.4513,1.4308,1.4451,1.4336,1.4422,1.4187,1.4261,1.4276,1.4155,1.4184,1.4168,1.4185,1.4135,1.4158
Test loss: 1.7835,1.701,1.6719,1.6415,1.6176,1.605,1.5872,1.5843,1.5905,1.6005,1.5757,1.5796,1.569,1.6064,1.574,1.6066,1.6186,1.5964,1.616,1.6133,1.6032,1.6131,1.6066,1.6041,1.5922,1.5824,1.6154,1.5958,1.6258,1.6196,1.6309,1.6079,1.6354,1.6248,1.6221,1.645,1.6156,1.6499,1.6072,1.6322
Train accuracy: 21.0,29.7,31.9,34.4,37.1,37.9,38.1,38.4,38.6,38.4,38.6,38.8,38.6,39.0,38.8,39.2,39.3,39.5,39.2,39.4,39.2,39.5,39.4,39.6,39.3,39.0,39.6,39.8,38.9,39.8,39.6,40.0,39.9,40.0,40.1,40.2,39.9,40.2,39.9,39.9
Test accuracy: 21.4,29.9,31.8,34.0,37.1,37.7,38.0,38.2,38.5,38.2,38.2,38.6,38.2,38.6,38.3,38.7,38.7,38.9,38.4,38.6,38.4,38.7,38.5,38.8,38.4,38.0,38.8,38.8,37.6,38.7,38.8,38.9,39.1,39.1,38.9,39.0,38.6,38.8,38.7,38.4
Seed 3/10
Train loss: 1.7953,1.6867,1.6119,1.5822,1.5443,1.5177,1.4455,1.4103,1.3841,1.354,1.3488,1.3442,1.3052,1.3034,1.289,1.294,1.2693,1.257,1.2528,1.2472,1.2257,1.1821,1.1635,1.1558,1.1573,1.1582,1.1347,1.1284,1.1343,1.1309,1.1168,1.116,1.1202,1.1076,1.0973,1.0915,1.1057,1.0951,1.1025,1.0814
Test loss: 1.8056,1.6971,1.6456,1.6054,1.5683,1.5503,1.4796,1.4556,1.4409,1.4222,1.4261,1.4331,1.4034,1.4102,1.409,1.4242,1.4049,1.3968,1.4019,1.4222,1.3866,1.3355,1.3176,1.322,1.332,1.3448,1.3251,1.3292,1.3584,1.3484,1.3532,1.3725,1.37,1.3655,1.3666,1.3677,1.4041,1.3754,1.3991,1.3888
Train accuracy: 23.3,31.6,31.6,31.8,33.7,34.3,40.0,38.9,40.3,41.8,41.9,42.0,45.2,44.7,45.1,45.0,46.3,46.4,46.9,48.1,49.4,51.5,52.6,52.7,52.2,51.8,53.1,53.3,53.0,53.9,54.3,53.8,54.0,54.9,55.1,55.2,55.0,54.8,53.7,55.7
Test accuracy: 23.5,31.8,31.5,31.7,33.5,33.9,39.4,38.0,39.4,41.0,40.9,41.0,44.2,43.9,44.0,44.0,45.4,45.5,45.6,46.6,47.7,49.4,50.8,50.8,50.2,50.1,51.3,51.2,50.7,51.5,51.9,51.0,51.5,52.2,52.2,52.5,52.6,52.2,50.6,52.9
Seed 4/10
Train loss: 2.3021,2.3013,2.3013,2.3013,2.3013,2.3013,2.3013,2.3013,2.3013,2.3013,2.3013,2.3013,2.3013,2.3013,2.3013,2.3013,2.3013,2.3013,2.3013,2.3013,2.3013,2.3013,2.3013,2.3013,2.3013,2.3013,2.3013,2.3013,2.3013,2.3013,2.3013,2.3013,2.3013,2.3013,2.3013,2.3013,2.3013,2.3013,2.3013,2.3013
Test loss: 2.3021,2.3012,2.3012,2.3012,2.3012,2.3012,2.3012,2.3012,2.3012,2.3012,2.3012,2.3012,2.3012,2.3012,2.3012,2.3012,2.3012,2.3012,2.3012,2.3012,2.3012,2.3012,2.3012,2.3012,2.3012,2.3012,2.3012,2.3012,2.3012,2.3012,2.3012,2.3012,2.3012,2.3012,2.3012,2.3012,2.3012,2.3012,2.3012,2.3012
Train accuracy: 10.4,11.2,11.2,11.2,11.2,11.2,11.2,11.2,11.2,11.2,11.2,11.2,11.2,11.2,11.2,11.2,11.2,11.2,11.2,11.2,11.2,11.2,11.2,11.2,11.2,11.2,11.2,11.2,11.2,11.2,11.2,11.2,11.2,11.2,11.2,11.2,11.2,11.2,11.2,11.2
Test accuracy: 10.3,11.3,11.3,11.3,11.3,11.3,11.3,11.3,11.3,11.3,11.3,11.3,11.3,11.3,11.3,11.3,11.3,11.3,11.3,11.3,11.3,11.3,11.3,11.3,11.3,11.3,11.3,11.3,11.3,11.3,11.3,11.3,11.3,11.3,11.3,11.3,11.3,11.3,11.3,11.3
Seed 5/10
Train loss: 1.7721,1.6827,1.6374,1.5404,1.4789,1.446,1.4177,1.3958,1.3683,1.3523,1.3431,1.3364,1.3161,1.3007,1.299,1.2862,1.2154,1.179,1.1603,1.1468,1.1378,1.144,1.1343,1.1222,1.1397,1.1204,1.1097,1.1126,1.1129,1.1414,1.0922,1.1118,1.0833,1.1001,1.0813,1.1103,1.107,1.0945,1.0846,1.0879
Test loss: 1.7737,1.7034,1.6557,1.5543,1.4979,1.4663,1.4441,1.4338,1.414,1.402,1.398,1.3922,1.3779,1.3695,1.3695,1.3596,1.2955,1.2742,1.2604,1.2575,1.2553,1.2655,1.2702,1.2553,1.3105,1.2884,1.2874,1.2823,1.3205,1.3645,1.2674,1.3548,1.3258,1.3414,1.3224,1.4063,1.3941,1.3847,1.3706,1.3944
Train accuracy: 24.7,26.0,29.0,34.2,37.8,39.1,40.2,40.6,42.0,42.6,43.1,43.4,44.7,46.1,46.4,47.9,52.5,53.9,53.6,54.5,55.1,54.5,53.8,54.4,55.9,55.5,55.8,55.2,56.4,55.6,55.2,57.0,57.4,55.9,55.9,58.3,57.6,58.3,56.9,57.7
Test accuracy: 24.5,26.4,28.9,34.2,38.0,39.3,40.4,40.8,42.0,42.2,42.6,43.2,44.2,45.9,46.0,47.3,51.3,52.5,52.1,53.0,53.5,52.8,51.9,52.5,53.9,53.4,53.6,53.2,54.0,53.6,53.2,54.6,54.6,53.4,53.4,55.6,55.0,55.8,54.5,55.1
Seed 6/10
Train loss: 1.0549,0.7292,0.6166,0.5782,0.5387,0.4658,0.4064,0.3674,0.3362,0.3152,0.2913,0.2581,0.2509,0.2324,0.2335,0.2227,0.2164,0.2157,0.2144,0.1938,0.193,0.1861,0.1876,0.1766,0.1777,0.1677,0.1537,0.1583,0.1573,0.1591,0.1614,0.1484,0.1479,0.1464,0.1523,0.1297,0.1479,0.13,0.1256,0.1308
Test loss: 1.0985,0.8748,0.7984,0.6922,0.6437,0.6074,0.5061,0.4772,0.4637,0.548,0.7705,0.519,0.6379,0.5844,0.5365,0.6646,0.5827,0.5329,0.5623,0.6791,0.5285,0.598,0.543,0.8304,0.9543,0.9821,0.5548,0.7158,0.9926,0.889,0.7122,0.9085,0.652,0.8894,0.775,0.6799,0.759,0.8793,0.765,0.6582
Train accuracy: 58.4,75.3,78.2,78.9,80.7,84.7,89.7,90.5,91.6,92.2,92.5,93.7,93.7,94.4,94.4,94.5,94.7,94.7,94.9,94.9,95.2,95.5,95.3,95.6,95.6,95.8,96.2,95.9,96.0,95.9,96.0,96.3,96.3,96.4,96.3,96.9,96.2,96.7,97.0,96.9
Test accuracy: 58.3,75.4,78.0,78.7,80.5,84.1,88.7,89.0,89.8,90.1,90.4,91.3,91.5,92.1,92.0,91.9,92.1,91.9,92.2,91.8,92.1,92.3,92.1,92.1,91.9,92.4,92.6,92.0,92.2,92.1,92.0,92.7,92.1,92.3,92.3,92.5,91.9,92.2,92.6,92.4
Seed 7/10
Train loss: 1.1297,0.9984,0.8726,0.8023,0.6732,0.6023,0.5283,0.482,0.4439,0.4149,0.3975,0.3902,0.3756,0.3694,0.3668,0.3555,0.3515,0.3168,0.3366,0.3111,0.3245,0.3147,0.3172,0.3062,0.3237,0.308,0.3108,0.3004,0.3505,0.2901,0.2731,0.2778,0.2918,0.2875,0.2844,0.2844,0.2749,0.2637,0.285,0.2595
Test loss: 1.2817,1.2931,0.9554,0.846,0.73,0.6638,0.5948,0.5671,0.5322,0.5125,0.5108,0.5181,0.5237,0.5292,0.5525,0.5564,0.5824,0.5358,0.5682,0.555,0.5741,0.5734,0.5997,0.5585,0.5948,0.5997,0.5965,0.6023,0.605,0.6039,0.618,0.6542,0.6283,0.6775,0.6305,0.6847,0.6998,0.6607,0.6964,0.6619
Train accuracy: 51.7,56.4,62.1,66.2,73.2,77.2,81.3,82.5,83.3,83.9,84.2,84.3,84.7,84.7,84.8,85.2,85.3,86.0,85.4,85.9,85.6,85.5,85.9,85.7,85.0,85.6,85.4,85.8,84.0,86.1,86.7,86.7,85.9,86.3,86.3,86.4,86.7,86.9,86.6,86.9
Test accuracy: 51.8,57.2,61.8,66.3,72.4,76.5,80.8,81.8,82.2,82.3,82.5,82.5,82.8,82.5,82.5,82.7,82.5,83.0,82.4,82.5,82.3,82.3,82.5,82.4,81.5,81.9,81.7,82.1,80.7,82.1,82.4,82.5,81.7,81.9,82.1,82.0,82.4,82.3,82.2,82.4
Seed 8/10
Train loss: 1.2184,0.9919,0.3439,0.2114,0.1843,0.1544,0.1198,0.089,0.0824,0.0922,0.0864,0.0614,0.0742,0.0673,0.057,0.0605,0.0494,0.0508,0.0414,0.0407,0.0562,0.0374,0.0378,0.0316,0.0309,0.0301,0.0245,0.0349,0.0316,0.0379,0.028,0.0421,0.0267,0.0215,0.0236,0.0228,0.0219,0.0215,0.0172,0.0193
Test loss: 1.2539,0.9886,0.3433,0.223,0.2076,0.2077,0.2452,0.3443,0.5057,0.586,1.1252,0.7667,0.7619,1.6352,0.6856,1.3687,0.9588,0.7846,1.6487,0.7172,0.6407,1.1191,1.1409,1.0951,0.9649,0.7633,0.8017,0.7338,0.8371,0.7859,0.3326,0.4122,0.9929,0.4654,0.4203,0.4629,0.8353,0.548,0.4486,0.6315
Train accuracy: 54.1,58.3,91.1,94.6,94.7,95.5,96.6,97.6,97.7,97.4,97.6,98.4,97.9,98.3,98.4,98.4,98.6,98.6,98.9,98.9,98.5,99.0,99.0,99.2,99.2,99.2,99.5,99.1,99.2,99.0,99.3,98.9,99.3,99.5,99.4,99.5,99.6,99.5,99.6,99.6
Test accuracy: 53.9,58.1,90.8,94.2,94.5,95.0,95.7,96.4,96.4,96.1,96.2,96.7,96.0,96.4,96.7,96.4,96.7,96.5,96.8,96.8,96.1,96.8,96.7,96.5,96.6,96.9,96.9,96.7,96.8,96.4,96.6,96.6,96.8,97.0,96.7,96.9,97.1,97.0,97.0,96.9
Seed 9/10
Train loss: 0.4356,0.2573,0.1875,0.1547,0.163,0.1255,0.1282,0.1112,0.0841,0.1135,0.0904,0.0823,0.0535,0.0516,0.0486,0.0458,0.0624,0.0398,0.0336,0.0331,0.0338,0.0316,0.03,0.0244,0.033,0.0329,0.0264,0.0193,0.0269,0.0323,0.0285,0.0234,0.0171,0.0184,0.027,0.0216,0.0199,0.0176,0.0157,0.0172
Test loss: 0.5764,0.3035,0.2445,0.2436,0.3106,0.3254,0.6071,0.5382,0.8331,0.7857,0.9231,0.6574,0.4186,0.5654,0.9096,0.6568,0.3104,0.305,0.4452,0.4057,0.2943,0.3284,0.2915,0.3099,0.4164,0.4107,0.4896,0.3755,0.4093,0.3679,0.408,0.4005,0.299,0.3154,1.1949,0.3196,0.2855,0.2911,0.2521,0.327
Train accuracy: 88.4,93.5,95.0,95.9,95.7,96.6,96.5,96.9,97.9,97.0,97.6,97.9,98.7,98.7,98.9,98.8,98.5,99.0,99.2,99.2,99.2,99.2,99.3,99.4,99.1,99.3,99.4,99.6,99.4,99.2,99.3,99.5,99.7,99.6,99.4,99.5,99.6,99.6,99.7,99.6
Test accuracy: 88.6,93.2,94.4,95.2,95.0,95.4,95.2,95.5,96.4,95.5,96.0,96.3,96.7,96.5,96.8,96.6,96.3,96.7,96.7,96.8,96.8,96.8,96.8,96.8,96.5,96.8,96.7,96.9,97.0,96.7,96.7,96.8,97.0,96.9,96.6,96.9,97.0,96.9,96.9,97.0
Seed 10/10
Train loss: 0.5665,0.3194,0.2397,0.1889,0.1526,0.1279,0.1164,0.101,0.0836,0.0677,0.0625,0.0607,0.0592,0.0548,0.0569,0.0681,0.043,0.0414,0.0341,0.0412,0.06,0.0351,0.0302,0.0289,0.0245,0.0309,0.0236,0.0256,0.0281,0.0249,0.0321,0.0163,0.0388,0.0266,0.021,0.0219,0.0228,0.0255,0.0433,0.0163
Test loss: 0.6378,0.4291,0.3965,0.3555,0.3487,0.313,0.3374,0.2946,0.2869,0.344,0.33,0.2585,0.2893,0.5808,0.9333,0.3163,0.5731,0.9537,0.6053,0.2891,1.4479,0.5099,0.303,0.3823,0.3007,0.2607,0.2661,1.9246,0.3025,0.2838,0.2745,0.282,0.3613,0.3075,0.2937,0.5218,0.3935,0.2933,1.561,0.317
Train accuracy: 87.3,93.1,94.4,95.4,96.2,96.7,97.0,97.3,97.8,98.3,98.4,98.4,98.4,98.6,98.5,98.1,98.9,98.9,99.1,99.0,98.5,99.1,99.2,99.3,99.4,99.2,99.5,99.4,99.3,99.4,99.2,99.7,99.0,99.3,99.5,99.5,99.5,99.4,99.1,99.7
Test accuracy: 86.9,92.7,93.7,94.5,94.8,95.2,95.3,95.5,95.9,96.1,96.2,96.2,96.2,96.2,96.0,95.6,96.3,96.4,96.3,96.3,96.1,96.5,96.4,96.6,96.5,96.3,96.5,96.3,96.4,96.6,96.4,96.6,96.2,96.5,96.6,96.5,96.2,96.2,96.0,96.5
