Seed 1/10
Train loss: 0.1095,0.064,0.049,0.0346,0.0268,0.0203,0.0205,0.0145,0.017,0.0102,0.0082,0.0075,0.007,0.0067,0.0062,0.0068,0.0025,0.0076,0.0043,0.0029,0.0012,0.0011,0.0073,0.0025,0.0036,0.0008,0.0051,0.0013,0.0007,0.0004,0.0005,0.0029,0.0008,0.0005,0.0003,0.0122,0.0015,0.0004,0.0003,0.0005
Test loss: 0.1148,0.0893,0.0887,0.074,0.065,0.0623,0.0763,0.0849,0.112,0.0752,0.0749,0.0661,0.0665,0.0621,0.0741,0.0971,0.0868,0.0864,0.0715,0.0817,0.0772,0.0868,0.0882,0.0697,0.0827,0.0966,0.1001,0.0757,0.0901,0.09,0.0865,0.0939,0.0748,0.0779,0.0828,0.2738,0.0689,0.0875,0.0897,0.097
Train accuracy: 96.9,98.1,98.6,99.0,99.2,99.4,99.4,99.6,99.5,99.7,99.8,99.8,99.8,99.8,99.8,99.8,100.0,99.8,99.9,99.9,100.0,100.0,99.8,100.0,99.9,100.0,99.9,100.0,100.0,100.0,100.0,99.9,100.0,100.0,100.0,99.7,100.0,100.0,100.0,100.0
Test accuracy: 96.8,97.7,98.0,98.1,98.2,98.3,98.5,98.3,98.2,98.6,98.5,98.4,98.6,98.5,98.4,98.4,98.6,98.3,98.5,98.5,98.6,98.7,98.4,98.6,98.4,98.7,98.5,98.6,98.6,98.7,98.7,98.5,98.6,98.7,98.7,98.3,98.6,98.6,98.7,98.6
Seed 2/10
Train loss: 0.1407,0.0574,0.0376,0.0268,0.0208,0.0182,0.0175,0.0131,0.0122,0.0118,0.0188,0.0075,0.0071,0.0098,0.0081,0.0052,0.0067,0.0037,0.0025,0.0049,0.0058,0.0012,0.0012,0.0026,0.0019,0.0009,0.0004,0.0004,0.0024,0.0007,0.0004,0.0003,0.0002,0.0003,0.0015,0.0005,0.0003,0.0002,0.0002,0.0002
Test loss: 0.1819,0.0778,0.0662,0.0618,0.0616,0.0691,0.0686,0.0654,0.0728,0.0692,0.0955,0.0746,0.1028,0.0885,0.1193,0.1032,0.1159,0.0926,0.097,0.0977,0.0834,0.0813,0.0822,0.0951,0.0906,0.0762,0.0849,0.1003,0.0791,0.108,0.1171,0.1214,0.1088,0.1261,0.0885,0.0789,0.089,0.0959,0.0846,0.0963
Train accuracy: 96.0,98.4,99.0,99.3,99.4,99.5,99.5,99.7,99.7,99.6,99.4,99.8,99.8,99.7,99.8,99.9,99.8,99.9,100.0,99.9,99.8,100.0,100.0,99.9,100.0,100.0,100.0,100.0,100.0,100.0,100.0,100.0,100.0,100.0,100.0,100.0,100.0,100.0,100.0,100.0
Test accuracy: 96.0,97.9,98.2,98.4,98.3,98.5,98.4,98.4,98.5,98.3,98.2,98.6,98.5,98.4,98.4,98.6,98.5,98.7,98.7,98.5,98.5,98.7,98.6,98.6,98.7,98.7,98.7,98.6,98.7,98.8,98.8,98.8,98.8,98.7,98.6,98.8,98.8,98.8,98.8,98.7
Seed 3/10
Train loss: 0.1247,0.0647,0.0437,0.0362,0.0298,0.0212,0.0182,0.0135,0.0138,0.0152,0.0121,0.0101,0.0108,0.0051,0.009,0.007,0.006,0.0035,0.0082,0.0044,0.0038,0.002,0.0018,0.0014,0.0074,0.002,0.0008,0.0005,0.0049,0.0008,0.0004,0.0006,0.0121,0.0014,0.0003,0.0002,0.0003,0.0027,0.0012,0.0004
Test loss: 0.1319,0.0839,0.07,0.0695,0.0709,0.0687,0.123,0.1142,0.1192,0.0961,0.0881,0.0724,0.0752,0.0725,0.0924,0.0732,0.0769,0.0812,0.1048,0.0855,0.0797,0.0945,0.0987,0.0795,0.0888,0.0867,0.0932,0.0741,0.2299,0.2038,0.1068,0.1207,0.0976,0.1003,0.0982,0.0951,0.1046,0.0791,0.0863,0.1016
Train accuracy: 96.3,98.1,98.8,98.9,99.2,99.4,99.5,99.6,99.6,99.5,99.6,99.7,99.7,99.9,99.7,99.8,99.8,99.9,99.8,99.9,99.9,100.0,100.0,100.0,99.8,100.0,100.0,100.0,99.9,100.0,100.0,100.0,99.6,100.0,100.0,100.0,100.0,99.9,100.0,100.0
Test accuracy: 96.6,97.9,98.1,98.1,98.2,98.4,98.4,98.5,98.2,98.2,98.4,98.5,98.5,98.4,98.4,98.5,98.5,98.6,98.5,98.6,98.6,98.8,98.7,98.8,98.4,98.8,98.7,98.8,98.7,98.7,98.8,98.9,98.2,98.5,98.8,98.9,98.9,98.5,98.6,98.8
Seed 4/10
Train loss: 0.1432,0.0898,0.0639,0.0514,0.0378,0.0272,0.0235,0.0253,0.017,0.0146,0.0186,0.0128,0.0115,0.0086,0.0118,0.0072,0.0063,0.0056,0.0052,0.0079,0.0039,0.0069,0.0068,0.0061,0.0037,0.0022,0.0036,0.0032,0.0063,0.0034,0.0028,0.0024,0.0033,0.0017,0.0015,0.0032,0.0025,0.0019,0.0106,0.0016
Test loss: 0.1705,0.1279,0.1181,0.0885,0.1193,0.2559,0.6611,0.1918,0.5374,0.0711,0.0939,0.082,0.1204,0.1443,0.1499,0.2334,0.1136,0.1273,0.1769,0.1302,0.0982,0.0845,0.1451,0.1256,0.1472,0.163,0.1571,0.1448,0.1058,0.0963,0.1062,0.1109,0.1157,0.1395,0.1105,0.1019,0.1181,0.1126,0.2172,0.1155
Train accuracy: 95.9,97.4,98.1,98.5,98.9,99.2,99.3,99.2,99.5,99.6,99.5,99.7,99.7,99.8,99.7,99.8,99.8,99.9,99.9,99.8,99.9,99.8,99.8,99.9,99.9,100.0,99.9,99.9,99.8,99.9,99.9,99.9,99.9,100.0,100.0,99.9,99.9,100.0,99.7,100.0
Test accuracy: 96.0,97.4,97.8,98.0,98.1,98.3,98.2,98.1,98.4,98.4,98.2,98.4,98.2,98.3,98.1,98.3,98.3,98.3,98.3,98.2,98.4,98.1,98.3,98.2,98.3,98.4,98.3,98.4,98.2,98.4,98.4,98.4,98.3,98.5,98.3,98.3,98.4,98.4,98.0,98.3
Seed 5/10
Train loss: 0.1606,0.1096,0.0857,0.0779,0.0608,0.0482,0.0396,0.0405,0.0422,0.0282,0.0334,0.0239,0.0175,0.0152,0.0131,0.0138,0.0151,0.0098,0.0086,0.0095,0.0091,0.0112,0.0089,0.009,0.0065,0.005,0.0042,0.0075,0.0037,0.0118,0.0032,0.0101,0.0047,0.0026,0.0021,0.0217,0.0036,0.0029,0.0026,0.0071
Test loss: 0.2052,0.2746,0.2363,0.1609,0.1242,0.1217,0.1778,0.2128,0.1864,0.1441,0.128,0.1337,0.1232,0.1945,0.152,0.1637,0.1876,0.1343,0.1461,0.1997,0.1907,0.2154,0.1332,0.1638,0.1368,0.1424,0.1831,0.1648,0.1283,0.2411,0.1922,0.2052,0.2274,0.146,0.1733,0.1937,0.2352,0.1743,0.4455,0.2096
Train accuracy: 95.7,97.0,97.7,97.9,98.4,98.7,99.0,98.9,98.9,99.2,99.1,99.3,99.5,99.6,99.7,99.7,99.7,99.8,99.8,99.8,99.8,99.7,99.8,99.8,99.9,99.9,100.0,99.8,99.9,99.7,99.9,99.8,99.9,100.0,100.0,99.3,99.9,100.0,100.0,99.8
Test accuracy: 96.0,96.8,97.2,97.2,97.5,97.7,97.9,97.8,97.5,97.9,97.3,97.6,97.8,97.9,98.0,97.8,98.0,98.0,98.2,98.0,98.0,97.9,97.9,97.8,98.0,98.0,98.1,98.0,98.0,97.8,98.1,98.0,98.1,98.2,98.1,97.5,98.1,98.1,98.2,98.0
Seed 6/10
Train loss: 1.049,0.8676,0.7966,0.7464,0.6146,0.3053,0.16,0.1313,0.1173,0.1079,0.0907,0.087,0.0742,0.0691,0.0733,0.0698,0.0604,0.0547,0.0507,0.0523,0.0461,0.0461,0.0449,0.0583,0.0475,0.0444,0.0414,0.0436,0.0346,0.0336,0.0359,0.0337,0.034,0.0333,0.0298,0.0294,0.0304,0.0275,0.0319,0.0313
Test loss: 1.7975,1.5441,1.872,1.2989,0.8542,0.388,0.1996,0.3412,0.4762,0.6903,0.385,0.6043,0.3432,0.3941,0.3215,0.3479,0.3317,0.2583,0.2607,0.3343,0.2508,0.2447,0.227,0.2853,0.1996,0.2624,0.2462,0.2292,0.2954,0.2324,0.2486,0.2336,0.2442,0.2787,0.2135,0.3227,0.3864,0.3006,0.3568,0.2975
Train accuracy: 62.2,65.1,66.4,69.5,81.0,93.4,96.0,96.6,96.9,97.0,97.5,97.5,98.0,98.1,98.0,98.0,98.3,98.5,98.6,98.5,98.7,98.7,98.8,98.3,98.7,98.7,98.8,98.8,99.1,99.1,99.0,99.1,99.0,99.1,99.2,99.2,99.2,99.3,99.1,99.1
Test accuracy: 62.7,64.9,65.9,69.3,80.7,93.2,95.2,95.5,95.7,95.8,95.8,95.8,96.0,96.1,95.7,95.7,95.9,95.9,96.0,95.8,96.0,95.8,95.9,95.5,95.8,95.8,95.8,95.8,95.9,95.9,95.8,95.8,95.7,95.8,95.8,95.8,95.7,95.8,95.5,95.8
Seed 7/10
Train loss: 0.2004,0.1721,0.1412,0.115,0.0969,0.0843,0.05,0.0368,0.0377,0.033,0.0292,0.0214,0.0213,0.0143,0.0143,0.0111,0.0108,0.0091,0.0089,0.0083,0.0074,0.0169,0.0073,0.0051,0.0063,0.0086,0.0032,0.0047,0.0056,0.0029,0.0028,0.1097,0.0023,0.0015,0.0008,0.0005,0.006,0.0021,0.0043,0.0031
Test loss: 0.22,0.2373,0.2209,0.2078,0.2158,0.2036,0.1235,0.1238,0.2097,0.1404,0.1104,0.1269,0.1548,0.1172,0.1267,0.0979,0.1163,0.1459,0.1163,0.2298,0.145,0.1593,0.1284,0.1595,0.145,0.1434,0.1261,0.2627,0.2084,0.1392,0.104,0.2443,0.1275,0.1797,0.1845,0.1753,0.1097,0.1314,0.1403,0.1227
Train accuracy: 94.2,95.0,95.8,96.6,97.2,97.5,98.5,98.9,98.8,99.0,99.1,99.4,99.4,99.6,99.6,99.7,99.7,99.8,99.8,99.8,99.8,99.5,99.8,99.9,99.9,99.8,100.0,99.9,99.9,100.0,99.9,96.7,100.0,100.0,100.0,100.0,99.9,100.0,99.9,99.9
Test accuracy: 94.4,94.9,95.4,96.0,96.2,96.4,97.3,97.5,97.5,97.7,97.9,98.0,97.9,97.9,98.1,98.0,98.2,98.1,98.2,98.0,98.3,97.8,98.2,98.2,98.1,98.2,98.3,98.2,98.2,98.4,98.3,94.6,98.3,98.3,98.4,98.4,98.2,98.3,98.1,98.2
Seed 8/10
Train loss: 0.1601,0.0964,0.0863,0.0649,0.0504,0.0442,0.0367,0.0408,0.024,0.0229,0.0188,0.0126,0.0156,0.0116,0.0208,0.0085,0.013,0.0078,0.0053,0.0085,0.012,0.0075,0.0044,0.0057,0.0052,0.0093,0.0037,0.0062,0.0042,0.0062,0.0022,0.0026,0.0028,0.0029,0.0105,0.0033,0.0021,0.0028,0.0025,0.0059
Test loss: 0.3316,0.1127,0.1537,0.152,0.1948,0.1208,0.1065,0.1468,0.1488,0.1043,0.0969,0.113,0.0991,0.0899,0.1169,0.1549,0.1517,0.1431,0.123,0.1301,0.2955,0.1346,0.323,0.1742,0.1488,0.1539,0.1265,0.1299,0.1361,0.1188,0.1217,0.1279,0.1612,0.2137,0.2184,0.1667,0.1611,0.1764,0.1705,0.3304
Train accuracy: 95.3,97.3,97.5,98.1,98.6,98.7,98.9,98.8,99.3,99.3,99.4,99.6,99.5,99.7,99.4,99.8,99.7,99.8,99.9,99.8,99.7,99.8,99.9,99.9,99.9,99.8,99.9,99.8,99.9,99.8,100.0,100.0,99.9,99.9,99.7,99.9,100.0,99.9,99.9,99.9
Test accuracy: 95.2,97.1,97.2,97.5,97.7,97.7,97.9,97.7,98.0,98.1,98.1,98.3,98.2,98.2,97.9,98.3,98.1,98.3,98.3,98.1,98.0,98.2,98.4,98.3,98.3,98.0,98.2,98.2,98.3,98.1,98.3,98.4,98.2,98.3,98.0,98.3,98.3,98.3,98.4,98.2
Seed 9/10
Train loss: 0.8841,0.6332,0.4858,0.4072,0.3601,0.3227,0.3065,0.2771,0.2629,0.255,0.2232,0.2199,0.2059,0.2017,0.1954,0.1823,0.1824,0.1785,0.1819,0.1734,0.1721,0.2057,0.1653,0.1615,0.1613,0.1446,0.1459,0.2342,0.1461,0.1676,0.1415,0.1712,0.1494,0.1463,0.1482,0.1345,0.1424,0.1336,0.1377,0.1544
Test loss: 1.0391,0.7073,1.9226,1.9863,1.9253,2.086,3.2658,2.799,2.4641,2.7769,1.8567,1.6904,1.4063,1.3609,1.3472,2.8194,1.9257,0.631,3.1525,0.9675,2.4706,1.1162,1.2929,4.3983,1.2515,0.7452,2.2182,4.4899,1.3619,6.1209,4.6895,2.8279,4.4823,2.7461,2.0528,2.3745,1.2584,1.0263,2.4632,5.0932
Train accuracy: 77.5,86.3,89.5,91.0,91.9,92.5,93.2,93.5,93.9,94.0,94.5,94.6,94.8,95.0,95.1,95.4,95.4,95.5,95.4,95.7,95.5,94.4,95.8,95.9,95.8,96.3,96.4,93.6,96.4,95.7,96.4,95.5,96.2,96.4,96.2,96.8,96.4,96.6,96.6,96.0
Test accuracy: 77.8,86.3,89.7,90.8,91.2,91.8,92.0,92.3,92.4,92.3,92.8,92.5,93.0,93.1,92.9,93.2,92.9,93.1,92.8,93.0,92.8,92.1,93.0,93.1,92.7,93.4,93.1,91.4,93.2,92.2,93.1,92.3,92.7,92.8,92.6,93.1,93.1,93.0,92.9,92.8
Seed 10/10
Train loss: 0.1204,0.0788,0.0551,0.0393,0.0285,0.0312,0.0211,0.0285,0.0171,0.0132,0.0099,0.0073,0.008,0.0079,0.0077,0.0072,0.0051,0.0122,0.0047,0.0019,0.0052,0.0076,0.0033,0.0017,0.0052,0.0018,0.0015,0.0014,0.0021,0.0013,0.0007,0.0006,0.0005,0.0022,0.0004,0.0003,0.0017,0.002,0.0021,0.0009
Test loss: 0.1619,0.0941,0.0775,0.0782,0.074,0.0847,0.0669,0.0981,0.0954,0.101,0.0804,0.0858,0.0911,0.0873,0.114,0.0785,0.091,0.1648,0.1065,0.076,0.1098,0.0893,0.1002,0.0803,0.0827,0.0721,0.0654,0.1007,0.0828,0.0786,0.1111,0.1162,0.1558,0.0758,0.0692,0.0712,0.1033,0.1064,0.0672,0.0679
Train accuracy: 96.4,97.7,98.3,98.8,99.2,99.1,99.4,99.1,99.5,99.6,99.8,99.8,99.8,99.8,99.8,99.8,99.9,99.6,99.9,100.0,99.9,99.8,99.9,100.0,99.8,100.0,100.0,100.0,100.0,100.0,100.0,100.0,100.0,99.9,100.0,100.0,100.0,100.0,99.9,100.0
Test accuracy: 96.3,97.5,97.8,98.2,98.2,98.1,98.2,98.1,98.2,98.2,98.4,98.4,98.4,98.4,98.4,98.5,98.6,98.3,98.4,98.5,98.6,98.5,98.5,98.5,98.5,98.5,98.7,98.6,98.5,98.7,98.7,98.7,98.7,98.6,98.8,98.8,98.4,98.7,98.6,98.6
