Seed 1/10
Train loss: 0.1573,0.1163,0.0801,0.0492,0.0406,0.0355,0.0311,0.0316,0.0285,0.021,0.0182,0.0183,0.017,0.0135,0.0159,0.0086,0.0102,0.0049,0.0107,0.0094,0.0057,0.0089,0.0081,0.005,0.0087,0.0106,0.0061,0.0056,0.0053,0.0076,0.0016,0.0028,0.0034,0.0065,0.0032,0.0045,0.0029,0.0038,0.0018,0.0041
Test loss: 0.1602,0.123,0.0933,0.0741,0.075,0.0788,0.0808,0.0847,0.0907,0.0967,0.0966,0.102,0.0985,0.1079,0.1048,0.1025,0.108,0.1072,0.1178,0.1219,0.1072,0.1257,0.1191,0.1218,0.128,0.1323,0.1277,0.1499,0.1443,0.1412,0.1295,0.1345,0.1317,0.1541,0.1469,0.1364,0.1419,0.1653,0.139,0.1573
Train accuracy: 95.4,96.6,97.5,98.4,98.6,98.8,99.0,98.9,99.0,99.3,99.4,99.3,99.4,99.5,99.5,99.7,99.7,99.8,99.6,99.7,99.8,99.7,99.7,99.8,99.7,99.6,99.8,99.8,99.8,99.8,99.9,99.9,99.9,99.8,99.9,99.8,99.9,99.9,99.9,99.9
Test accuracy: 95.3,96.4,97.2,97.8,97.8,97.8,97.9,97.9,97.9,97.9,98.0,98.1,97.9,98.3,98.1,98.2,98.1,98.2,98.2,98.1,98.3,98.0,98.3,98.3,98.2,98.0,98.1,98.3,98.2,98.2,98.4,98.2,98.3,98.2,98.3,98.2,98.1,98.3,98.3,98.3
Seed 2/10
Train loss: 0.0905,0.0566,0.0447,0.0362,0.0258,0.0238,0.0184,0.0134,0.0132,0.0136,0.0122,0.0096,0.0379,0.0129,0.011,0.0091,0.0065,0.007,0.008,0.0075,0.0068,0.0096,0.0027,0.0045,0.0031,0.0013,0.0024,0.0081,0.0016,0.004,0.0016,0.0055,0.0016,0.0046,0.0037,0.002,0.0027,0.001,0.003,0.0014
Test loss: 0.1003,0.0711,0.0678,0.0689,0.0647,0.0641,0.0623,0.0619,0.0708,0.0718,0.0794,0.0719,0.1013,0.0798,0.1132,0.0794,0.0796,0.0817,0.0954,0.0814,0.086,0.093,0.082,0.0859,0.086,0.0883,0.0957,0.1023,0.093,0.1005,0.097,0.1009,0.0951,0.0998,0.0905,0.0885,0.0993,0.1027,0.1103,0.1014
Train accuracy: 97.3,98.3,98.7,98.9,99.2,99.3,99.4,99.5,99.6,99.6,99.6,99.7,99.0,99.6,99.6,99.7,99.8,99.8,99.7,99.8,99.8,99.7,99.9,99.8,99.9,100.0,99.9,99.7,100.0,99.9,99.9,99.8,99.9,99.9,99.9,99.9,99.9,100.0,99.9,100.0
Test accuracy: 97.2,98.0,98.0,98.1,98.2,98.5,98.6,98.6,98.6,98.3,98.4,98.5,97.9,98.4,98.1,98.5,98.4,98.6,98.4,98.6,98.5,98.4,98.7,98.7,98.6,98.7,98.6,98.4,98.7,98.6,98.7,98.5,98.6,98.7,98.5,98.7,98.6,98.6,98.6,98.6
Seed 3/10
Train loss: 0.1232,0.0692,0.0462,0.0377,0.0354,0.028,0.0243,0.024,0.0172,0.0163,0.0151,0.0217,0.0137,0.0156,0.0116,0.0084,0.0099,0.0098,0.0067,0.0113,0.004,0.0071,0.0076,0.0059,0.0096,0.0065,0.0048,0.0061,0.0089,0.0052,0.003,0.003,0.0037,0.0069,0.003,0.0047,0.0049,0.0067,0.0056,0.0054
Test loss: 0.1271,0.0827,0.0673,0.0661,0.0725,0.072,0.0704,0.0752,0.0834,0.0813,0.082,0.0952,0.077,0.0876,0.0902,0.0925,0.0981,0.1007,0.087,0.0983,0.0913,0.0987,0.1026,0.0971,0.1025,0.1192,0.0961,0.0977,0.1087,0.104,0.1012,0.1142,0.1112,0.1337,0.1139,0.1285,0.1223,0.1303,0.1331,0.1213
Train accuracy: 96.4,97.9,98.6,98.8,98.9,99.1,99.2,99.2,99.5,99.4,99.5,99.3,99.5,99.5,99.6,99.7,99.7,99.7,99.8,99.6,99.9,99.8,99.7,99.8,99.7,99.8,99.8,99.8,99.7,99.8,99.9,99.9,99.9,99.8,99.9,99.8,99.8,99.8,99.8,99.9
Test accuracy: 96.3,97.5,98.0,98.0,97.9,98.2,98.2,98.1,98.0,98.1,98.2,97.9,98.3,98.1,98.4,98.2,98.0,98.0,98.3,98.3,98.4,98.4,98.2,98.5,98.4,98.2,98.4,98.4,98.3,98.5,98.6,98.4,98.5,98.2,98.4,98.2,98.3,98.4,98.3,98.3
Seed 4/10
Train loss: 0.319,0.2039,0.1889,0.1934,0.1548,0.1327,0.1212,0.1099,0.0921,0.0888,0.0574,0.0435,0.0338,0.0392,0.0308,0.0268,0.0211,0.0284,0.0234,0.017,0.0144,0.0205,0.0112,0.0145,0.0128,0.0337,0.0208,0.0111,0.0182,0.0115,0.0065,0.0126,0.0113,0.006,0.0085,0.0055,0.0121,0.0036,0.0136,0.0061
Test loss: 0.3054,0.2108,0.2016,0.2097,0.1828,0.1737,0.1755,0.1785,0.1703,0.1785,0.1362,0.1248,0.1211,0.1325,0.1257,0.1341,0.1287,0.1407,0.1538,0.1385,0.1309,0.1459,0.137,0.1471,0.1555,0.1736,0.1711,0.1559,0.1822,0.1677,0.1593,0.1677,0.1768,0.1708,0.1816,0.1832,0.182,0.1751,0.1811,0.1777
Train accuracy: 91.0,94.2,94.5,94.3,95.4,96.0,96.4,96.6,97.3,97.3,98.3,98.6,98.9,98.8,99.1,99.1,99.3,99.1,99.3,99.5,99.5,99.3,99.6,99.5,99.6,99.0,99.4,99.7,99.4,99.6,99.8,99.6,99.6,99.8,99.8,99.8,99.6,99.9,99.6,99.8
Test accuracy: 90.9,94.0,94.5,94.1,94.8,95.1,95.2,95.4,95.6,95.6,96.8,97.1,97.3,97.2,97.4,97.5,97.4,97.4,97.4,97.4,97.6,97.6,97.7,97.5,97.5,97.2,97.4,97.8,97.5,97.7,97.9,97.8,97.5,97.7,97.7,97.8,97.6,97.8,97.7,97.7
Seed 5/10
Train loss: 0.1722,0.1112,0.0853,0.0748,0.0634,0.0606,0.046,0.0419,0.0396,0.0303,0.0261,0.0224,0.0202,0.0201,0.0212,0.0156,0.015,0.0228,0.0143,0.0136,0.0138,0.0089,0.0107,0.0101,0.0134,0.0123,0.0098,0.0087,0.01,0.0071,0.0118,0.0049,0.0069,0.0141,0.0066,0.0094,0.0072,0.0086,0.0046,0.0033
Test loss: 0.1606,0.1136,0.0983,0.0958,0.0941,0.1017,0.0934,0.1003,0.1081,0.1067,0.1069,0.107,0.1199,0.1185,0.1246,0.1286,0.1216,0.1468,0.1382,0.1366,0.1405,0.1344,0.1456,0.1405,0.1494,0.1643,0.1519,0.1557,0.1649,0.1634,0.1597,0.1464,0.1492,0.192,0.1802,0.1903,0.1858,0.1663,0.1661,0.1798
Train accuracy: 95.0,96.6,97.4,97.6,98.0,98.0,98.6,98.6,98.7,99.0,99.2,99.3,99.3,99.3,99.3,99.5,99.5,99.3,99.5,99.5,99.5,99.7,99.6,99.7,99.6,99.6,99.7,99.7,99.7,99.8,99.6,99.8,99.8,99.6,99.8,99.7,99.8,99.7,99.9,99.9
Test accuracy: 95.2,96.4,97.2,97.2,97.4,97.2,97.5,97.5,97.5,97.6,97.7,97.8,97.9,97.9,97.9,97.7,97.8,97.7,97.9,98.0,97.8,97.9,97.9,98.0,97.8,97.8,98.0,97.9,97.7,98.0,97.9,98.1,98.0,97.7,97.9,97.8,98.0,97.9,98.1,98.1
Seed 6/10
Train loss: 0.0728,0.0508,0.0334,0.0319,0.0289,0.0288,0.0173,0.0179,0.0192,0.0066,0.0145,0.0164,0.0198,0.0118,0.027,0.0065,0.0106,0.0074,0.0064,0.0034,0.0129,0.0064,0.0079,0.0047,0.0068,0.004,0.0018,0.005,0.0072,0.0015,0.0065,0.0028,0.0033,0.0021,0.0035,0.0044,0.001,0.0027,0.0012,0.0012
Test loss: 0.0729,0.0635,0.053,0.0608,0.0612,0.0692,0.0649,0.0665,0.0736,0.0607,0.0709,0.0804,0.088,0.0777,0.099,0.079,0.1022,0.0837,0.0835,0.0776,0.102,0.083,0.0958,0.0961,0.1041,0.0969,0.0959,0.1026,0.113,0.0922,0.1028,0.0932,0.0928,0.0932,0.1216,0.1106,0.0854,0.0911,0.0925,0.0979
Train accuracy: 97.8,98.4,99.0,98.9,99.0,99.0,99.4,99.4,99.4,99.8,99.5,99.5,99.4,99.6,99.4,99.8,99.7,99.8,99.8,99.9,99.7,99.8,99.8,99.8,99.8,99.9,99.9,99.8,99.8,99.9,99.8,99.9,99.9,99.9,99.9,99.9,100.0,99.9,100.0,100.0
Test accuracy: 97.8,97.9,98.3,98.2,98.3,98.2,98.6,98.5,98.4,98.8,98.6,98.4,98.4,98.6,98.3,98.7,98.3,98.6,98.6,98.7,98.4,98.6,98.6,98.8,98.7,98.6,98.7,98.6,98.5,98.8,98.7,98.8,98.8,98.8,98.7,98.6,98.9,98.8,98.9,98.8
Seed 7/10
Train loss: 0.1461,0.07,0.0458,0.0333,0.0298,0.0233,0.0282,0.0241,0.0164,0.0148,0.0108,0.0136,0.0173,0.0109,0.0073,0.0092,0.0144,0.0126,0.007,0.0048,0.0044,0.0119,0.0045,0.0033,0.0026,0.0131,0.0075,0.0046,0.0041,0.0097,0.0018,0.0071,0.001,0.0071,0.0018,0.0031,0.0017,0.0053,0.0017,0.0038
Test loss: 0.1536,0.0841,0.0674,0.0646,0.0674,0.0719,0.0749,0.0845,0.0755,0.0843,0.0762,0.0865,0.0993,0.0868,0.0901,0.0923,0.112,0.1039,0.1068,0.0996,0.0992,0.1161,0.0958,0.0964,0.1072,0.1432,0.1177,0.1118,0.1107,0.1269,0.116,0.1294,0.1075,0.1445,0.1225,0.1228,0.1212,0.1278,0.1188,0.1359
Train accuracy: 95.9,97.9,98.6,98.9,99.0,99.2,99.1,99.2,99.5,99.5,99.6,99.5,99.5,99.7,99.8,99.7,99.6,99.6,99.8,99.8,99.9,99.6,99.9,99.9,99.9,99.6,99.7,99.9,99.9,99.7,99.9,99.8,100.0,99.8,99.9,99.9,99.9,99.8,99.9,99.9
Test accuracy: 95.6,97.3,98.0,98.1,98.0,98.1,97.9,98.1,98.3,98.2,98.4,98.3,98.2,98.4,98.4,98.5,98.3,98.2,98.4,98.5,98.5,98.3,98.6,98.5,98.5,98.2,98.2,98.4,98.5,98.3,98.6,98.3,98.7,98.3,98.5,98.6,98.5,98.3,98.6,98.6
Seed 8/10
Train loss: 0.127,0.0799,0.0583,0.0479,0.0411,0.0367,0.0353,0.0284,0.0329,0.0258,0.0228,0.0247,0.0172,0.0179,0.0231,0.0182,0.0093,0.0171,0.0082,0.0134,0.0099,0.0091,0.0058,0.0062,0.0081,0.0185,0.0057,0.0054,0.0089,0.0328,0.0027,0.0072,0.0113,0.0036,0.0041,0.0036,0.0075,0.004,0.0034,0.0049
Test loss: 0.1335,0.099,0.0877,0.0841,0.0834,0.0868,0.0926,0.0855,0.1006,0.092,0.1003,0.107,0.1049,0.1237,0.1101,0.1267,0.1102,0.1321,0.1183,0.1328,0.1166,0.1209,0.1157,0.1241,0.1375,0.1476,0.1401,0.1333,0.155,0.2007,0.1453,0.1482,0.1615,0.1549,0.1501,0.1533,0.1594,0.1548,0.1696,0.1693
Train accuracy: 96.3,97.7,98.3,98.6,98.8,98.8,99.0,99.1,99.0,99.2,99.3,99.2,99.4,99.4,99.2,99.4,99.7,99.4,99.7,99.6,99.7,99.7,99.8,99.8,99.7,99.5,99.8,99.8,99.7,99.2,99.9,99.8,99.7,99.9,99.9,99.9,99.8,99.9,99.9,99.8
Test accuracy: 96.5,97.3,97.7,97.9,97.9,98.0,97.9,98.0,97.9,98.0,98.0,98.0,98.0,97.9,97.9,98.0,98.2,97.9,98.2,98.0,98.2,98.3,98.3,98.2,98.0,98.0,98.2,98.2,98.0,97.6,98.3,98.1,98.2,98.3,98.3,98.2,98.3,98.4,98.1,98.2
Seed 9/10
Train loss: 0.115,0.0668,0.0601,0.0443,0.0358,0.0309,0.0243,0.0174,0.0222,0.0156,0.0204,0.0185,0.0087,0.0139,0.0086,0.0094,0.0075,0.0154,0.0076,0.0106,0.009,0.0047,0.0102,0.0059,0.0041,0.0019,0.0029,0.0034,0.0094,0.0017,0.0077,0.0037,0.0047,0.0036,0.0014,0.0057,0.002,0.0022,0.0025,0.0016
Test loss: 0.119,0.0783,0.079,0.0711,0.0708,0.0725,0.0743,0.0649,0.0805,0.0814,0.0874,0.0928,0.0895,0.0983,0.0843,0.0828,0.0884,0.1014,0.1059,0.0972,0.1013,0.1012,0.1128,0.1084,0.0994,0.1039,0.1016,0.1069,0.1277,0.1065,0.1231,0.1136,0.1179,0.1196,0.1031,0.1212,0.1221,0.1225,0.1165,0.1278
Train accuracy: 96.6,98.0,98.1,98.6,98.8,99.0,99.2,99.4,99.3,99.5,99.4,99.4,99.7,99.5,99.7,99.7,99.7,99.5,99.8,99.7,99.7,99.9,99.7,99.8,99.9,99.9,99.9,99.9,99.7,99.9,99.8,99.9,99.9,99.9,100.0,99.8,99.9,99.9,99.9,100.0
Test accuracy: 96.4,97.5,97.4,97.9,98.1,98.1,98.2,98.4,98.1,98.3,98.2,98.1,98.3,98.2,98.4,98.5,98.5,98.3,98.2,98.4,98.5,98.5,98.3,98.4,98.5,98.5,98.5,98.5,98.1,98.5,98.3,98.4,98.4,98.4,98.5,98.3,98.5,98.4,98.5,98.5
Seed 10/10
Train loss: 0.1266,0.0522,0.0418,0.0298,0.0289,0.0297,0.0203,0.0168,0.0117,0.014,0.008,0.0114,0.0092,0.0088,0.0151,0.0052,0.0111,0.0094,0.0085,0.0016,0.004,0.0067,0.0039,0.0019,0.0054,0.0033,0.0018,0.0024,0.0022,0.0015,0.0024,0.001,0.0025,0.0018,0.002,0.0007,0.0094,0.0008,0.0014,0.003
Test loss: 0.1261,0.0702,0.0731,0.0632,0.0706,0.0698,0.0715,0.0639,0.0674,0.0643,0.0717,0.0713,0.0726,0.0785,0.0831,0.0766,0.0941,0.0931,0.0751,0.0701,0.08,0.0847,0.0905,0.0809,0.1053,0.1041,0.0913,0.0943,0.0878,0.0937,0.105,0.0974,0.1019,0.0946,0.0985,0.109,0.1269,0.1069,0.1041,0.1193
Train accuracy: 96.1,98.4,98.6,99.0,99.0,99.1,99.3,99.4,99.6,99.5,99.7,99.6,99.7,99.7,99.5,99.8,99.7,99.7,99.7,99.9,99.9,99.8,99.9,99.9,99.9,99.9,99.9,99.9,99.9,99.9,99.9,100.0,99.9,99.9,99.9,100.0,99.8,100.0,100.0,99.9
Test accuracy: 96.1,97.7,97.8,98.2,98.1,98.1,98.2,98.4,98.4,98.5,98.4,98.6,98.5,98.5,98.4,98.5,98.4,98.4,98.6,98.8,98.6,98.6,98.5,98.7,98.6,98.5,98.6,98.8,98.7,98.7,98.6,98.8,98.7,98.8,98.7,98.7,98.5,98.8,98.7,98.6
