Seed 1/10
Train loss: 0.1195,0.0818,0.0456,0.0312,0.0247,0.0234,0.021,0.015,0.0163,0.0101,0.0077,0.0075,0.0047,0.0078,0.006,0.0027,0.0063,0.0033,0.0147,0.0025,0.0009,0.0016,0.0072,0.0013,0.003,0.002,0.0006,0.0004,0.0002,0.0001,0.0002,0.0484,0.0013,0.0006,0.0002,0.0001,0.0001,0.0001,0.0001,0.0001
Test loss: 0.1267,0.129,0.1006,0.0899,0.0753,0.084,0.076,0.0755,0.0907,0.068,0.0701,0.0734,0.0637,0.085,0.0903,0.0829,0.2097,0.092,0.1149,0.1155,0.0753,0.0864,0.0842,0.0871,0.0797,0.1158,0.0893,0.1009,0.1044,0.1048,0.1205,0.4101,0.0962,0.0726,0.0859,0.0883,0.0901,0.0923,0.0975,0.0966
Train accuracy: 96.4,97.6,98.6,99.1,99.3,99.2,99.3,99.5,99.5,99.7,99.8,99.8,99.9,99.8,99.9,100.0,99.9,99.9,99.5,100.0,100.0,100.0,99.8,100.0,99.9,99.9,100.0,100.0,100.0,100.0,100.0,98.8,100.0,100.0,100.0,100.0,100.0,100.0,100.0,100.0
Test accuracy: 96.3,97.0,97.7,98.1,98.2,98.2,98.2,98.4,98.2,98.5,98.5,98.4,98.6,98.5,98.3,98.7,98.5,98.6,98.1,98.6,98.8,98.7,98.4,98.6,98.5,98.7,98.7,98.7,98.8,98.8,98.8,97.3,98.5,98.7,98.8,98.8,98.8,98.8,98.8,98.8
Seed 2/10
Train loss: 0.084,0.0543,0.0383,0.0301,0.0236,0.0176,0.0178,0.0207,0.012,0.0127,0.0129,0.008,0.0083,0.011,0.0066,0.0073,0.0062,0.005,0.0034,0.006,0.0033,0.0014,0.0006,0.0055,0.0011,0.0007,0.0029,0.001,0.0004,0.0003,0.0017,0.0006,0.0003,0.0002,0.0002,0.0002,0.0019,0.0007,0.0004,0.0012
Test loss: 0.1072,0.1274,0.1711,0.1415,0.0878,0.0776,0.0742,0.0831,0.0769,0.0814,0.1031,0.1295,0.0809,0.0872,0.0814,0.0795,0.0716,0.0774,0.0928,0.0958,0.0878,0.0902,0.0974,0.0813,0.0986,0.0737,0.0957,0.0812,0.0804,0.0837,0.088,0.1204,0.0901,0.0906,0.0866,0.0921,0.0825,0.0832,0.0867,0.0878
Train accuracy: 97.6,98.4,98.9,99.1,99.3,99.5,99.5,99.3,99.7,99.6,99.6,99.8,99.7,99.6,99.8,99.8,99.8,99.9,99.9,99.8,99.9,100.0,100.0,99.9,100.0,100.0,99.9,100.0,100.0,100.0,100.0,100.0,100.0,100.0,100.0,100.0,100.0,100.0,100.0,100.0
Test accuracy: 97.4,98.2,98.3,98.3,98.4,98.5,98.4,98.2,98.4,98.3,98.5,98.5,98.5,98.3,98.5,98.3,98.6,98.5,98.5,98.5,98.5,98.7,98.8,98.6,98.8,98.8,98.7,98.8,98.8,98.8,98.7,98.8,98.8,98.8,98.8,98.8,98.7,98.7,98.7,98.7
Seed 3/10
Train loss: 0.5624,0.2792,0.2099,0.1694,0.1459,0.1254,0.0727,0.0548,0.0442,0.0334,0.0305,0.0263,0.0231,0.0175,0.0179,0.0165,0.02,0.0126,0.0175,0.0119,0.0156,0.0131,0.01,0.0101,0.0187,0.0084,0.0064,0.0099,0.0121,0.0131,0.0105,0.0066,0.0061,0.0051,0.0047,0.0063,0.0043,0.0081,0.0053,0.0053
Test loss: 1.0612,0.3811,0.3015,0.3051,0.2954,0.2717,0.1672,0.1397,0.1196,0.1147,0.1206,0.1302,0.159,0.1346,0.1232,0.1236,0.1326,0.1473,0.1645,0.1525,0.1572,0.1412,0.3122,0.1712,0.1776,0.1761,0.2312,0.1602,0.1877,0.1767,0.1927,0.168,0.1908,0.2882,0.1785,0.1531,0.2056,0.1482,0.1679,0.2171
Train accuracy: 83.7,93.1,94.7,95.7,96.2,96.7,98.0,98.5,98.7,99.0,99.1,99.3,99.4,99.5,99.5,99.5,99.5,99.7,99.5,99.7,99.6,99.6,99.8,99.8,99.5,99.8,99.9,99.8,99.7,99.7,99.8,99.9,99.9,99.9,99.9,99.9,99.9,99.8,99.9,99.9
Test accuracy: 83.9,93.3,94.4,94.9,95.2,95.3,97.3,97.4,97.5,97.6,97.6,97.6,97.7,97.8,97.9,97.9,97.9,98.0,97.6,97.9,97.9,97.8,97.8,97.9,97.6,98.0,98.0,97.9,97.6,97.7,97.7,98.0,97.9,98.0,98.1,97.8,97.9,97.9,97.8,98.0
Seed 4/10
Train loss: 0.4319,0.2531,0.2041,0.1544,0.1279,0.1173,0.1012,0.0892,0.0764,0.0705,0.0647,0.0579,0.0569,0.0528,0.0458,0.0432,0.0456,0.0406,0.0367,0.0496,0.0383,0.0299,0.0277,0.0289,0.0285,0.0237,0.0349,0.0264,0.0298,0.0228,0.0221,0.0298,0.0291,0.0179,0.02,0.0223,0.0345,0.0155,0.0172,0.0214
Test loss: 0.493,0.3413,0.5326,0.5191,0.46,0.3741,0.4378,0.4341,0.3428,0.3128,0.2594,0.2759,0.2839,0.2238,0.3044,0.2989,0.3547,0.4557,0.2955,0.2864,0.303,0.2586,0.2715,0.2832,0.3299,0.2911,0.2751,0.2802,0.4902,0.3394,0.3012,0.4051,0.2836,0.3117,0.3246,0.3324,0.3512,0.3218,0.3081,0.297
Train accuracy: 89.4,94.0,94.9,96.1,96.7,96.7,97.1,97.5,97.8,98.0,98.2,98.4,98.4,98.5,98.8,98.8,98.8,98.9,99.0,98.6,99.0,99.2,99.3,99.2,99.3,99.4,99.0,99.3,99.2,99.4,99.5,99.3,99.3,99.6,99.5,99.4,99.1,99.7,99.6,99.5
Test accuracy: 89.4,93.8,94.4,95.2,95.6,95.7,95.7,95.8,96.2,96.1,96.3,96.5,96.4,96.4,96.7,96.2,96.2,96.5,96.6,95.9,96.2,96.5,96.4,96.5,96.5,96.4,96.3,96.3,96.4,96.6,96.6,96.4,96.5,96.8,96.8,96.5,96.1,96.7,96.7,96.5
Seed 5/10
Train loss: 0.1323,0.0537,0.0391,0.0298,0.0202,0.0174,0.0136,0.011,0.0128,0.0092,0.0069,0.0093,0.0081,0.0096,0.0051,0.0046,0.01,0.0036,0.002,0.0056,0.0039,0.0021,0.0019,0.001,0.001,0.0042,0.0011,0.0006,0.0004,0.0002,0.0005,0.0021,0.0014,0.0004,0.0002,0.0002,0.0003,0.0014,0.0005,0.0003
Test loss: 0.1382,0.0684,0.0598,0.0615,0.0677,0.0742,0.1878,0.1216,0.0805,0.3072,0.2046,0.1291,0.5029,0.211,0.2949,0.1196,0.0951,0.2887,0.1844,0.4184,0.1035,0.1106,0.1773,0.1953,0.2335,0.1566,0.1711,0.138,0.1337,0.168,0.175,0.1278,0.1241,0.1284,0.1515,0.1577,0.1746,0.2056,0.1334,0.1514
Train accuracy: 96.2,98.4,98.8,99.1,99.4,99.5,99.6,99.7,99.6,99.7,99.8,99.7,99.8,99.7,99.9,99.9,99.7,99.9,100.0,99.9,99.9,100.0,100.0,100.0,100.0,99.9,100.0,100.0,100.0,100.0,100.0,100.0,100.0,100.0,100.0,100.0,100.0,100.0,100.0,100.0
Test accuracy: 96.2,98.0,98.1,98.2,98.5,98.4,98.5,98.5,98.3,98.3,98.6,98.3,98.5,98.3,98.7,98.6,98.4,98.6,98.7,98.4,98.4,98.8,98.8,98.7,98.7,98.5,98.7,98.8,98.9,98.8,98.8,98.7,98.7,98.8,98.8,98.8,98.8,98.7,98.7,98.8
Seed 6/10
Train loss: 0.1089,0.0596,0.0403,0.0308,0.0229,0.021,0.0255,0.0161,0.0105,0.0105,0.0131,0.0113,0.0072,0.0096,0.0054,0.0052,0.0049,0.0076,0.0051,0.0025,0.0017,0.0035,0.0041,0.0032,0.0009,0.0015,0.0026,0.0022,0.0029,0.0009,0.0012,0.0013,0.0023,0.0014,0.0032,0.0042,0.0004,0.0001,0.0001,0.0002
Test loss: 0.1202,0.0782,0.0712,0.0678,0.0655,0.0668,0.0945,0.0951,0.0907,0.0759,0.1174,0.1168,0.0835,0.0835,0.0891,0.0942,0.1036,0.094,0.1009,0.0878,0.0858,0.0946,0.105,0.0974,0.0929,0.1059,0.0937,0.09,0.11,0.0953,0.0924,0.0946,0.1111,0.0858,0.1317,0.0976,0.0962,0.098,0.1019,0.1084
Train accuracy: 96.9,98.3,98.8,99.1,99.3,99.3,99.2,99.5,99.7,99.7,99.6,99.7,99.8,99.7,99.8,99.8,99.9,99.7,99.9,99.9,100.0,99.9,99.9,99.9,100.0,100.0,99.9,99.9,99.9,100.0,100.0,100.0,99.9,100.0,99.9,99.9,100.0,100.0,100.0,100.0
Test accuracy: 96.9,98.0,98.1,98.2,98.2,98.3,98.1,98.2,98.4,98.4,98.4,98.3,98.4,98.4,98.4,98.5,98.4,98.3,98.5,98.5,98.6,98.5,98.5,98.5,98.7,98.5,98.5,98.5,98.4,98.5,98.5,98.5,98.4,98.7,98.5,98.5,98.7,98.7,98.7,98.6
Seed 7/10
Train loss: 0.1375,0.0946,0.0788,0.0585,0.0425,0.034,0.0282,0.0229,0.025,0.0243,0.0157,0.0182,0.0145,0.0185,0.0116,0.0073,0.0096,0.0087,0.0072,0.0046,0.0072,0.0047,0.0022,0.0014,0.0056,0.0036,0.0022,0.0082,0.0026,0.0053,0.0024,0.0014,0.0008,0.0109,0.0029,0.0012,0.0007,0.0121,0.0016,0.0009
Test loss: 0.1461,0.1335,0.1188,0.0957,0.1034,0.0992,0.1142,0.1344,0.1635,0.1358,0.109,0.0956,0.0999,0.1144,0.1713,0.0966,0.1154,0.1824,0.1246,0.1163,0.1216,0.1174,0.1115,0.1043,0.1178,0.1235,0.1129,0.1028,0.1104,0.1364,0.1302,0.1402,0.1271,0.1232,0.1151,0.1224,0.1217,0.1377,0.1361,0.1303
Train accuracy: 96.1,97.1,97.6,98.2,98.7,98.9,99.1,99.3,99.2,99.3,99.5,99.4,99.6,99.5,99.7,99.8,99.7,99.8,99.8,99.9,99.8,99.9,100.0,100.0,99.9,99.9,100.0,99.8,100.0,99.9,100.0,100.0,100.0,99.7,99.9,100.0,100.0,99.6,100.0,100.0
Test accuracy: 96.1,96.7,97.0,97.7,97.8,97.9,97.8,97.9,97.9,97.8,97.9,98.0,98.0,98.0,98.0,98.2,98.0,98.2,98.1,98.0,98.2,98.2,98.4,98.1,98.2,98.2,98.3,97.8,98.2,98.2,98.1,98.1,98.3,97.9,98.3,98.2,98.4,97.8,98.2,98.2
Seed 8/10
Train loss: 0.1089,0.0614,0.0455,0.0367,0.0284,0.0202,0.0252,0.0222,0.0171,0.013,0.009,0.0139,0.0138,0.0099,0.008,0.0078,0.0126,0.0061,0.007,0.0044,0.0047,0.003,0.0025,0.0062,0.0019,0.0029,0.004,0.0012,0.0012,0.0037,0.0011,0.002,0.0031,0.0144,0.0035,0.0018,0.0006,0.0006,0.0073,0.0021
Test loss: 0.1528,0.1074,0.1441,0.1192,0.1345,0.0754,0.1028,0.0924,0.092,0.0745,0.0722,0.1287,0.0964,0.114,0.1061,0.0874,0.098,0.0786,0.1077,0.0853,0.1013,0.0901,0.1133,0.0927,0.0712,0.0806,0.0913,0.0851,0.0972,0.0948,0.0773,0.0911,0.1246,0.1202,0.0861,0.1091,0.0869,0.0839,0.0997,0.099
Train accuracy: 97.0,98.3,98.7,98.9,99.2,99.4,99.2,99.3,99.5,99.6,99.8,99.5,99.6,99.7,99.8,99.8,99.6,99.8,99.8,99.9,99.9,99.9,100.0,99.8,100.0,99.9,99.9,100.0,100.0,99.9,100.0,100.0,99.9,99.6,99.9,100.0,100.0,100.0,99.8,100.0
Test accuracy: 97.1,98.0,98.0,98.2,98.2,98.4,98.2,98.3,98.2,98.5,98.5,98.3,98.4,98.5,98.5,98.5,98.3,98.6,98.4,98.4,98.5,98.6,98.6,98.5,98.9,98.6,98.7,98.7,98.7,98.5,98.9,98.7,98.7,98.3,98.7,98.8,98.8,98.9,98.5,98.7
Seed 9/10
Train loss: 0.1639,0.0891,0.0576,0.0428,0.0306,0.0253,0.0357,0.0211,0.0134,0.0145,0.0124,0.0074,0.0065,0.0109,0.0072,0.0041,0.003,0.0063,0.0045,0.002,0.0039,0.005,0.0023,0.0008,0.0004,0.0003,0.0052,0.0031,0.0006,0.0014,0.0021,0.0027,0.0007,0.0003,0.0003,0.0003,0.0002,0.0002,0.0002,0.0044
Test loss: 0.2063,0.1208,0.1094,0.0902,0.0775,0.0693,0.1044,0.0812,0.0674,0.0676,0.0808,0.0665,0.0898,0.0751,0.0713,0.0726,0.0799,0.0986,0.126,0.0996,0.121,0.1544,0.0871,0.0934,0.1161,0.121,0.2946,0.2629,0.3884,0.2522,0.22,0.1638,0.186,0.197,0.1944,0.1493,0.157,0.1693,0.1784,0.098
Train accuracy: 95.6,97.6,98.3,98.7,99.1,99.2,98.9,99.4,99.6,99.6,99.7,99.8,99.8,99.7,99.8,99.9,99.9,99.8,99.9,100.0,99.9,99.9,100.0,100.0,100.0,100.0,99.9,99.9,100.0,100.0,100.0,99.9,100.0,100.0,100.0,100.0,100.0,100.0,100.0,99.9
Test accuracy: 95.5,97.2,97.8,98.1,98.3,98.4,98.0,98.2,98.3,98.4,98.4,98.5,98.5,98.6,98.5,98.6,98.7,98.4,98.6,98.6,98.4,98.5,98.6,98.6,98.7,98.7,98.3,98.5,98.7,98.4,98.5,98.4,98.5,98.6,98.7,98.6,98.6,98.6,98.6,98.4
Seed 10/10
Train loss: 0.2417,0.1213,0.0904,0.0758,0.0568,0.0454,0.0419,0.0417,0.0318,0.0266,0.0249,0.0257,0.0194,0.0159,0.0194,0.016,0.0097,0.0101,0.0099,0.0063,0.009,0.0077,0.0075,0.0048,0.0057,0.0035,0.0019,0.0185,0.0039,0.0017,0.0037,0.0043,0.0013,0.0007,0.0005,0.0005,0.0004,0.018,0.0018,0.0006
Test loss: 0.2507,0.1408,0.1144,0.1096,0.1036,0.1073,0.1064,0.1211,0.113,0.1131,0.1228,0.1557,0.1264,0.2146,0.1484,0.163,0.1497,0.1369,0.1394,0.1354,0.1399,0.1296,0.1288,0.1422,0.1625,0.1238,0.1227,0.1444,0.1305,0.1083,0.1131,0.1549,0.1054,0.1054,0.1086,0.1092,0.1218,0.13,0.1309,0.1141
Train accuracy: 93.2,96.6,97.5,97.9,98.4,98.8,98.9,98.8,99.1,99.3,99.3,99.3,99.5,99.6,99.5,99.6,99.7,99.7,99.7,99.8,99.7,99.8,99.8,99.9,99.9,99.9,100.0,99.4,99.9,100.0,99.9,99.9,100.0,100.0,100.0,100.0,100.0,99.5,100.0,100.0
Test accuracy: 93.3,96.4,96.9,97.2,97.6,97.7,97.7,97.5,97.6,97.8,97.7,97.5,97.7,97.7,97.7,97.7,97.8,97.8,97.8,98.0,98.0,98.1,98.1,98.2,98.2,98.2,98.1,97.8,98.2,98.3,98.3,98.0,98.3,98.5,98.5,98.5,98.5,97.8,98.3,98.4
