Seed 1/10
Train loss: 2.3015,2.3012,2.3012,2.3012,2.3012,2.3012,2.3012,2.3012,2.3012,2.3012,2.3012,2.3012,2.3012,2.3012,2.3012,2.3012,2.3012,2.3012,2.3012,2.3012,2.3012,2.3012,2.3012,2.3012,2.3012,2.3012,2.3012,2.3012,2.3012,2.3012,2.3012,2.3012,2.3012,2.3012,2.3012,2.3012,2.3012,2.3012,2.3012,2.3012
Test loss: 2.3012,2.3011,2.3011,2.3011,2.3011,2.3011,2.3011,2.3011,2.3011,2.3011,2.3011,2.3011,2.3011,2.3011,2.3011,2.3011,2.3011,2.3011,2.3011,2.3011,2.3011,2.3011,2.3011,2.3011,2.3011,2.3011,2.3011,2.3011,2.3011,2.3011,2.3011,2.3011,2.3011,2.3011,2.3011,2.3011,2.3011,2.3011,2.3011,2.3011
Train accuracy: 11.2,11.2,11.2,11.2,11.2,11.2,11.2,11.2,11.2,11.2,11.2,11.2,11.2,11.2,11.2,11.2,11.2,11.2,11.2,11.2,11.2,11.2,11.2,11.2,11.2,11.2,11.2,11.2,11.2,11.2,11.2,11.2,11.2,11.2,11.2,11.2,11.2,11.2,11.2,11.2
Test accuracy: 11.3,11.3,11.3,11.3,11.3,11.3,11.3,11.3,11.3,11.3,11.3,11.3,11.3,11.3,11.3,11.3,11.3,11.3,11.3,11.3,11.3,11.3,11.3,11.3,11.3,11.3,11.3,11.3,11.3,11.3,11.3,11.3,11.3,11.3,11.3,11.3,11.3,11.3,11.3,11.3
Seed 2/10
Train loss: 2.3013,2.3012,2.3012,2.3012,2.3012,2.3012,2.3012,2.3012,2.3012,2.3012,2.3012,2.3012,2.3012,2.3012,2.3012,2.3012,2.3012,2.3012,2.3012,2.3012,2.3012,2.3012,2.3012,2.3012,2.3012,2.3012,2.3012,2.3012,2.3012,2.3012,2.3012,2.3012,2.3012,2.3012,2.3012,2.3012,2.3012,2.3012,2.3012,2.3012
Test loss: 2.3012,2.3011,2.3011,2.3011,2.3011,2.3011,2.3011,2.3011,2.3011,2.3011,2.3011,2.3011,2.3011,2.3011,2.3011,2.3011,2.3011,2.3011,2.3011,2.3011,2.3011,2.3011,2.3011,2.3011,2.3011,2.3011,2.3011,2.3011,2.3011,2.3011,2.3011,2.3011,2.3011,2.3011,2.3011,2.3011,2.3011,2.3011,2.3011,2.3011
Train accuracy: 11.2,11.2,11.2,11.2,11.2,11.2,11.2,11.2,11.2,11.2,11.2,11.2,11.2,11.2,11.2,11.2,11.2,11.2,11.2,11.2,11.2,11.2,11.2,11.2,11.2,11.2,11.2,11.2,11.2,11.2,11.2,11.2,11.2,11.2,11.2,11.2,11.2,11.2,11.2,11.2
Test accuracy: 11.3,11.3,11.3,11.3,11.3,11.3,11.3,11.3,11.3,11.3,11.3,11.3,11.3,11.3,11.3,11.3,11.3,11.3,11.3,11.3,11.3,11.3,11.3,11.3,11.3,11.3,11.3,11.3,11.3,11.3,11.3,11.3,11.3,11.3,11.3,11.3,11.3,11.3,11.3,11.3
Seed 3/10
Train loss: 2.3013,2.3012,2.3012,2.3012,2.3012,2.3012,2.3012,2.3012,2.3012,2.3012,2.3012,2.3012,2.3012,2.3012,2.3012,2.3012,2.3012,2.3012,2.3012,2.3012,2.3012,2.3012,2.3012,2.3012,2.3012,2.3012,2.3012,2.3012,2.3012,2.3012,2.3012,2.3012,2.3012,2.3012,2.3012,2.3012,2.3012,2.3012,2.3012,2.3012
Test loss: 2.3012,2.3011,2.3011,2.3011,2.3011,2.3011,2.3011,2.3011,2.3011,2.3011,2.3011,2.3011,2.3011,2.3011,2.3011,2.3011,2.3011,2.3011,2.3011,2.3011,2.3011,2.3011,2.3011,2.3011,2.3011,2.3011,2.3011,2.3011,2.3011,2.3011,2.3011,2.3011,2.3011,2.3011,2.3011,2.3011,2.3011,2.3011,2.3011,2.3011
Train accuracy: 11.2,11.2,11.2,11.2,11.2,11.2,11.2,11.2,11.2,11.2,11.2,11.2,11.2,11.2,11.2,11.2,11.2,11.2,11.2,11.2,11.2,11.2,11.2,11.2,11.2,11.2,11.2,11.2,11.2,11.2,11.2,11.2,11.2,11.2,11.2,11.2,11.2,11.2,11.2,11.2
Test accuracy: 11.3,11.3,11.3,11.3,11.3,11.3,11.3,11.3,11.3,11.3,11.3,11.3,11.3,11.3,11.3,11.3,11.3,11.3,11.3,11.3,11.3,11.3,11.3,11.3,11.3,11.3,11.3,11.3,11.3,11.3,11.3,11.3,11.3,11.3,11.3,11.3,11.3,11.3,11.3,11.3
Seed 4/10
Train loss: 1.6895,1.5365,1.4668,1.4301,1.3972,1.3537,1.3335,1.3207,1.3011,1.2809,1.2672,1.2565,1.2439,1.2413,1.2326,1.2245,1.2139,1.2154,1.21,1.1975,1.1944,1.1828,1.185,1.1886,1.1705,1.1771,1.1653,1.1611,1.1608,1.1514,1.1573,1.1403,1.1545,1.1314,1.1421,1.1358,1.1303,1.1325,1.1319,1.1304
Test loss: 1.696,1.5473,1.4773,1.4511,1.4132,1.3708,1.3564,1.3434,1.3243,1.3097,1.2969,1.2925,1.2776,1.2795,1.2659,1.2626,1.2554,1.2512,1.2443,1.2355,1.2405,1.228,1.2326,1.235,1.2253,1.228,1.2157,1.2111,1.2102,1.2127,1.208,1.2017,1.215,1.1914,1.1935,1.1938,1.1942,1.2016,1.1941,1.1918
Train accuracy: 31.2,39.5,39.6,39.5,43.6,46.2,47.3,47.0,48.6,50.1,50.6,50.8,51.4,50.6,50.7,51.1,51.9,51.3,51.3,52.0,52.2,52.1,52.4,52.1,52.8,52.1,52.5,53.0,52.9,53.0,52.6,53.3,52.6,53.8,53.1,53.2,53.7,53.3,53.1,53.2
Test accuracy: 30.6,39.5,39.4,38.8,42.6,45.0,46.3,46.3,47.7,48.9,50.0,49.7,50.3,49.5,49.9,49.7,50.6,50.1,50.1,50.9,50.9,50.6,51.0,50.6,51.4,50.7,51.3,51.6,51.3,51.5,50.9,51.6,50.7,52.2,51.6,51.4,51.8,51.0,51.3,51.5
Seed 5/10
Train loss: 1.7688,1.6812,1.635,1.6059,1.5761,1.5626,1.5441,1.5326,1.5309,1.5137,1.5066,1.4962,1.4925,1.4886,1.4852,1.4764,1.4754,1.4691,1.4726,1.4637,1.4593,1.4556,1.4562,1.4563,1.448,1.4576,1.4464,1.4443,1.4447,1.4545,1.4424,1.433,1.4369,1.4296,1.435,1.4287,1.4352,1.4317,1.4307,1.4331
Test loss: 1.7669,1.6849,1.642,1.6169,1.5886,1.5742,1.5654,1.5509,1.5553,1.5398,1.5367,1.5263,1.5225,1.5257,1.5245,1.5182,1.5152,1.5151,1.517,1.5078,1.5086,1.5068,1.5116,1.5158,1.5066,1.525,1.5075,1.5123,1.509,1.5195,1.4985,1.5037,1.5016,1.4981,1.5084,1.502,1.5065,1.5006,1.5048,1.5138
Train accuracy: 28.4,34.2,36.6,37.2,38.4,38.3,39.0,38.9,38.8,39.1,39.3,39.3,39.4,39.6,39.6,39.6,39.5,39.5,39.7,39.7,39.6,39.7,39.9,40.0,40.0,39.8,39.9,40.2,40.1,39.8,39.8,40.3,39.8,40.3,40.1,40.3,40.0,40.3,40.4,40.1
Test accuracy: 28.6,34.7,37.1,37.4,38.7,38.6,39.2,39.1,38.9,39.1,39.2,39.1,39.3,39.5,39.5,39.4,39.1,39.3,39.3,39.3,39.2,39.2,39.4,39.3,39.5,39.1,39.3,39.6,39.5,39.2,39.1,39.5,39.0,39.4,39.3,39.5,39.3,39.5,39.6,39.0
Seed 6/10
Train loss: 1.7671,1.6427,1.5158,1.4699,1.429,1.3975,1.3863,1.3632,1.3487,1.3351,1.331,1.3301,1.319,1.2917,1.2899,1.2824,1.2734,1.2694,1.2711,1.253,1.2524,1.254,1.2381,1.2361,1.2377,1.223,1.2441,1.224,1.2304,1.2141,1.2147,1.215,1.2001,1.2056,1.195,1.1904,1.1982,1.1925,1.1927,1.1893
Test loss: 1.7797,1.6556,1.5221,1.4832,1.445,1.4152,1.4025,1.3857,1.3732,1.3635,1.3565,1.3582,1.3532,1.3256,1.326,1.3149,1.3085,1.3097,1.3111,1.2992,1.301,1.3015,1.2883,1.286,1.2918,1.2792,1.2975,1.2797,1.2889,1.276,1.2726,1.2772,1.2673,1.2733,1.2661,1.2623,1.2744,1.2634,1.2639,1.2667
Train accuracy: 32.4,34.7,41.4,42.3,44.3,45.4,46.4,47.6,47.2,47.8,48.3,47.1,46.2,49.8,49.3,49.1,49.8,49.4,49.1,50.2,50.1,49.7,51.3,51.4,50.6,51.2,49.4,50.2,50.1,51.7,51.4,51.0,52.0,51.3,52.1,52.3,51.9,51.7,51.9,52.7
Test accuracy: 32.7,34.6,42.0,42.2,44.6,45.3,46.2,47.1,46.8,47.7,48.2,46.5,45.1,49.2,49.0,48.3,49.2,48.1,48.5,49.4,49.0,48.7,50.2,50.3,49.5,49.8,48.3,48.8,48.8,50.2,50.1,49.6,50.2,50.0,50.4,50.7,50.0,49.7,50.2,51.2
Seed 7/10
Train loss: 2.3013,2.3012,2.3012,2.3012,2.3012,2.3012,2.3012,2.3012,2.3012,2.3012,2.3012,2.3012,2.3012,2.3012,2.3012,2.3012,2.3012,2.3012,2.3012,2.3012,2.3012,2.3012,2.3012,2.3012,2.3012,2.3012,2.3012,2.3012,2.3012,2.3012,2.3012,2.3012,2.3012,2.3012,2.3012,2.3012,2.3012,2.3012,2.3012,2.3012
Test loss: 2.3011,2.3011,2.3011,2.3011,2.3011,2.3011,2.3011,2.3011,2.3011,2.3011,2.3011,2.3011,2.3011,2.3011,2.3011,2.3011,2.3011,2.3011,2.3011,2.3011,2.3011,2.3011,2.3011,2.3011,2.3011,2.3011,2.3011,2.3011,2.3011,2.3011,2.3011,2.3011,2.3011,2.3011,2.3011,2.3011,2.3011,2.3011,2.3011,2.3011
Train accuracy: 11.2,11.2,11.2,11.2,11.2,11.2,11.2,11.2,11.2,11.2,11.2,11.2,11.2,11.2,11.2,11.2,11.2,11.2,11.2,11.2,11.2,11.2,11.2,11.2,11.2,11.2,11.2,11.2,11.2,11.2,11.2,11.2,11.2,11.2,11.2,11.2,11.2,11.2,11.2,11.2
Test accuracy: 11.3,11.3,11.3,11.3,11.3,11.3,11.3,11.3,11.3,11.3,11.3,11.3,11.3,11.3,11.3,11.3,11.3,11.3,11.3,11.3,11.3,11.3,11.3,11.3,11.3,11.3,11.3,11.3,11.3,11.3,11.3,11.3,11.3,11.3,11.3,11.3,11.3,11.3,11.3,11.3
Seed 8/10
Train loss: 2.3013,2.3012,2.3012,2.3012,2.3012,2.3012,2.3012,2.3012,2.3012,2.3012,2.3012,2.3012,2.3012,2.3012,2.3012,2.3012,2.3012,2.3012,2.3012,2.3012,2.3012,2.3012,2.3012,2.3012,2.3012,2.3012,2.3012,2.3012,2.3012,2.3012,2.3012,2.3012,2.3012,2.3012,2.3012,2.3012,2.3012,2.3012,2.3012,2.3012
Test loss: 2.3013,2.3011,2.3011,2.3011,2.3011,2.3011,2.3011,2.3011,2.3011,2.3011,2.3011,2.3011,2.3011,2.3011,2.3011,2.3011,2.3011,2.3011,2.3011,2.3011,2.3011,2.3011,2.3011,2.3011,2.3011,2.3011,2.3011,2.3011,2.3011,2.3011,2.3011,2.3011,2.3011,2.3011,2.3011,2.3011,2.3011,2.3011,2.3011,2.3011
Train accuracy: 11.2,11.2,11.2,11.2,11.2,11.2,11.2,11.2,11.2,11.2,11.2,11.2,11.2,11.2,11.2,11.2,11.2,11.2,11.2,11.2,11.2,11.2,11.2,11.2,11.2,11.2,11.2,11.2,11.2,11.2,11.2,11.2,11.2,11.2,11.2,11.2,11.2,11.2,11.2,11.2
Test accuracy: 11.3,11.3,11.3,11.3,11.3,11.3,11.3,11.3,11.3,11.3,11.3,11.3,11.3,11.3,11.3,11.3,11.3,11.3,11.3,11.3,11.3,11.3,11.3,11.3,11.3,11.3,11.3,11.3,11.3,11.3,11.3,11.3,11.3,11.3,11.3,11.3,11.3,11.3,11.3,11.3
Seed 9/10
Train loss: 2.3014,2.3012,2.3012,2.3012,2.3012,2.3012,2.3012,2.3012,2.3012,2.3012,2.3012,2.3012,2.3012,2.3012,2.3012,2.3012,2.3012,2.3012,2.3012,2.3012,2.3012,2.3012,2.3012,2.3012,2.3012,2.3012,2.3012,2.3012,2.3012,2.3012,2.3012,2.3012,2.3012,2.3012,2.3012,2.3012,2.3012,2.3012,2.3012,2.3012
Test loss: 2.3012,2.3011,2.3011,2.3011,2.3011,2.3011,2.3011,2.3011,2.3011,2.3011,2.3011,2.3011,2.3011,2.3011,2.3011,2.3011,2.3011,2.3011,2.3011,2.3011,2.3011,2.3011,2.3011,2.3011,2.3011,2.3011,2.3011,2.3011,2.3011,2.3011,2.3011,2.3011,2.3011,2.3011,2.3011,2.3011,2.3011,2.3011,2.3011,2.3011
Train accuracy: 11.2,11.2,11.2,11.2,11.2,11.2,11.2,11.2,11.2,11.2,11.2,11.2,11.2,11.2,11.2,11.2,11.2,11.2,11.2,11.2,11.2,11.2,11.2,11.2,11.2,11.2,11.2,11.2,11.2,11.2,11.2,11.2,11.2,11.2,11.2,11.2,11.2,11.2,11.2,11.2
Test accuracy: 11.3,11.3,11.3,11.3,11.3,11.3,11.3,11.3,11.3,11.3,11.3,11.3,11.3,11.3,11.3,11.3,11.3,11.3,11.3,11.3,11.3,11.3,11.3,11.3,11.3,11.3,11.3,11.3,11.3,11.3,11.3,11.3,11.3,11.3,11.3,11.3,11.3,11.3,11.3,11.3
Seed 10/10
Train loss: 2.3018,2.3012,2.3012,2.3012,2.3012,2.3012,2.3012,2.3012,2.3012,2.3012,2.3012,2.3012,2.3012,2.3012,2.3012,2.3012,2.3012,2.3012,2.3012,2.3012,2.3012,2.3012,2.3012,2.3012,2.3012,2.3012,2.3012,2.3012,2.3012,2.3012,2.3012,2.3012,2.3012,2.3012,2.3012,2.3012,2.3012,2.3012,2.3012,2.3012
Test loss: 2.3018,2.3011,2.3011,2.3011,2.3011,2.3011,2.3011,2.3011,2.3011,2.3011,2.3011,2.3011,2.3011,2.3011,2.3011,2.3011,2.3011,2.3011,2.3011,2.3011,2.3011,2.3011,2.3011,2.3011,2.3011,2.3011,2.3011,2.3011,2.3011,2.3011,2.3011,2.3011,2.3011,2.3011,2.3011,2.3011,2.3011,2.3011,2.3011,2.3011
Train accuracy: 10.4,11.2,11.2,11.2,11.2,11.2,11.2,11.2,11.2,11.2,11.2,11.2,11.2,11.2,11.2,11.2,11.2,11.2,11.2,11.2,11.2,11.2,11.2,11.2,11.2,11.2,11.2,11.2,11.2,11.2,11.2,11.2,11.2,11.2,11.2,11.2,11.2,11.2,11.2,11.2
Test accuracy: 10.3,11.3,11.3,11.3,11.3,11.3,11.3,11.3,11.3,11.3,11.3,11.3,11.3,11.3,11.3,11.3,11.3,11.3,11.3,11.3,11.3,11.3,11.3,11.3,11.3,11.3,11.3,11.3,11.3,11.3,11.3,11.3,11.3,11.3,11.3,11.3,11.3,11.3,11.3,11.3
