Seed 1/10
Train loss: 0.1626,0.1197,0.0729,0.0531,0.0396,0.0329,0.0294,0.0214,0.0193,0.0245,0.0237,0.0101,0.0086,0.0154,0.0062,0.0233,0.0078,0.0059,0.0081,0.0075,0.0107,0.0057,0.0041,0.0032,0.0052,0.0042,0.0015,0.0011,0.0084,0.0021,0.0011,0.0009,0.0008,0.0007,0.0029,0.0015,0.0014,0.0008,0.0008,0.0043
Test loss: 0.219,0.1683,0.126,0.0985,0.0985,0.1071,0.1016,0.0842,0.0902,0.0951,0.1609,0.0997,0.0918,0.147,0.0948,0.1585,0.0861,0.1248,0.0981,0.1291,0.1254,0.1101,0.1031,0.1006,0.1075,0.0919,0.1157,0.1358,0.1149,0.0967,0.109,0.1118,0.1313,0.0966,0.1197,0.1152,0.1727,0.1314,0.13,0.1039
Train accuracy: 95.2,96.5,97.9,98.5,98.9,99.0,99.1,99.4,99.4,99.2,99.3,99.7,99.8,99.5,99.8,99.3,99.8,99.9,99.8,99.8,99.7,99.9,99.9,99.9,99.9,99.9,100.0,100.0,99.7,100.0,100.0,100.0,100.0,100.0,99.9,100.0,100.0,100.0,100.0,99.9
Test accuracy: 95.0,96.0,97.3,97.7,97.9,97.9,97.8,98.1,98.1,97.9,97.8,98.3,98.4,98.0,98.3,97.8,98.2,98.5,98.2,98.2,98.0,98.3,98.5,98.4,98.4,98.3,98.5,98.6,98.2,98.5,98.7,98.7,98.6,98.6,98.5,98.6,98.7,98.8,98.7,98.5
Seed 2/10
Train loss: 0.5209,0.277,0.1952,0.1516,0.126,0.1127,0.1013,0.0826,0.0712,0.0701,0.0695,0.0687,0.0569,0.0573,0.047,0.0513,0.0433,0.0381,0.0341,0.0377,0.0346,0.0388,0.0306,0.0342,0.026,0.0272,0.0306,0.0289,0.0356,0.0249,0.0188,0.0487,0.0422,0.019,0.0219,0.0198,0.0314,0.0244,0.0179,0.0294
Test loss: 0.5237,0.3605,0.2912,0.2477,0.252,0.2538,0.2455,0.2292,0.2337,0.26,0.3179,0.2424,0.2724,0.3162,0.2481,0.2887,0.2869,0.3299,0.2784,0.2765,0.3798,0.3233,0.3674,0.3354,0.3156,0.3707,0.2795,0.4709,0.335,0.3133,0.3093,0.4014,0.4766,0.3792,0.416,0.3842,0.3746,0.4141,0.3514,0.3011
Train accuracy: 83.3,93.3,95.4,96.3,96.8,97.1,97.3,97.8,98.1,98.1,98.1,98.1,98.4,98.5,98.7,98.6,98.8,99.0,99.1,99.0,99.1,99.0,99.2,99.1,99.3,99.3,99.2,99.3,99.1,99.4,99.6,99.0,98.9,99.6,99.5,99.5,99.1,99.4,99.6,99.2
Test accuracy: 83.7,92.9,95.0,95.9,95.9,95.9,96.1,96.5,96.6,96.7,96.4,96.3,96.5,96.3,96.7,96.5,96.5,96.5,96.5,96.4,96.7,96.6,96.6,96.5,96.8,96.6,96.8,96.6,96.4,96.6,96.8,96.3,96.1,96.6,96.7,96.6,96.1,96.7,96.6,96.4
Seed 3/10
Train loss: 0.9841,0.8544,0.7747,0.6529,0.6005,0.5673,0.5348,0.508,0.4825,0.471,0.4434,0.4106,0.3812,0.3515,0.336,0.3208,0.3104,0.2975,0.2885,0.2788,0.2664,0.2565,0.2572,0.2532,0.2466,0.2466,0.2379,0.2311,0.24,0.242,0.2339,0.2337,0.2221,0.2382,0.2071,0.2037,0.2195,0.2012,0.209,0.2077
Test loss: 1.1709,1.1199,1.188,0.8499,0.8462,0.9599,1.3088,1.0817,0.9917,0.878,0.764,0.6355,0.5876,0.5779,0.5691,0.5608,0.5894,0.6557,0.6498,0.6797,0.7573,0.66,0.6687,0.7085,0.7317,0.7179,0.7841,0.7831,0.7602,0.7994,0.7568,0.9378,0.7815,0.8048,0.8212,0.8325,0.885,0.8442,0.8206,0.7908
Train accuracy: 67.1,72.8,75.7,79.8,81.1,81.8,82.3,83.0,83.5,84.1,86.4,88.8,89.7,90.9,91.3,91.8,91.9,92.5,92.8,93.0,93.2,93.8,93.8,93.5,93.8,93.5,94.3,94.2,94.1,94.1,94.1,94.4,94.3,93.3,94.6,94.7,94.6,94.8,94.5,94.7
Test accuracy: 68.0,73.2,75.8,79.4,80.5,81.0,81.2,81.3,81.5,81.8,83.7,86.1,87.1,88.3,88.4,88.6,88.4,88.8,89.3,89.3,89.4,89.8,89.9,89.2,89.3,88.8,89.7,89.4,89.4,89.4,89.2,89.6,89.5,88.2,89.1,89.3,89.5,89.4,89.1,88.8
Seed 4/10
Train loss: 0.1519,0.0972,0.0651,0.0496,0.0415,0.0335,0.0272,0.025,0.0198,0.0197,0.0219,0.0194,0.0202,0.0179,0.0095,0.0112,0.0087,0.0136,0.0106,0.0057,0.0079,0.0089,0.0126,0.006,0.005,0.0094,0.0028,0.0089,0.0043,0.0018,0.0014,0.0012,0.0048,0.0016,0.001,0.0009,0.0131,0.0033,0.0013,0.0006
Test loss: 0.1546,0.1115,0.0836,0.0703,0.0806,0.0705,0.0835,0.0811,0.0824,0.2968,0.0979,0.1343,0.1745,0.1079,0.1179,0.1227,0.1317,0.155,0.0949,0.1205,0.1547,0.1225,0.1539,0.0938,0.1165,0.1598,0.1621,0.1113,0.1091,0.0959,0.1026,0.1077,0.1083,0.0975,0.0966,0.1115,0.1883,0.1248,0.1032,0.0957
Train accuracy: 95.6,97.1,98.0,98.5,98.7,99.0,99.2,99.2,99.4,99.4,99.3,99.4,99.4,99.5,99.8,99.7,99.8,99.7,99.7,99.9,99.8,99.8,99.6,99.8,99.9,99.8,100.0,99.7,99.9,100.0,100.0,100.0,99.9,100.0,100.0,100.0,99.6,99.9,100.0,100.0
Test accuracy: 95.9,97.0,97.7,98.0,98.0,98.1,98.2,98.2,98.2,98.2,97.9,98.0,97.9,98.1,98.2,98.3,98.2,98.2,98.2,98.2,98.2,98.1,98.0,98.4,98.4,98.1,98.3,98.2,98.5,98.5,98.5,98.5,98.3,98.5,98.6,98.4,98.2,98.3,98.4,98.5
Seed 5/10
Train loss: 0.5173,0.3696,0.2542,0.1814,0.1495,0.1257,0.1144,0.1072,0.0987,0.1136,0.0881,0.1041,0.0821,0.0735,0.0741,0.0783,0.0702,0.0599,0.058,0.0713,0.0673,0.0667,0.0545,0.0469,0.0469,0.0441,0.0368,0.0534,0.0308,0.05,0.0339,0.0592,0.0428,0.0343,0.0406,0.033,0.0363,0.0336,0.0407,0.0261
Test loss: 0.5525,0.4148,0.2839,0.2254,0.2045,0.2203,0.2562,0.3015,0.3136,0.3563,0.4001,0.7104,1.0037,1.5964,0.4796,1.1971,0.5014,0.5863,0.7201,1.1885,0.8748,1.5226,0.609,0.4302,0.3586,0.4982,0.5408,0.6917,0.4988,0.804,0.4384,0.4274,0.4598,0.4115,0.4121,0.4742,0.4112,0.3565,0.5736,0.3506
Train accuracy: 83.7,89.9,94.8,95.9,96.5,96.9,97.1,97.2,97.3,96.8,97.6,97.1,97.9,98.2,98.1,98.2,98.4,98.7,98.6,98.4,98.2,98.6,98.8,98.9,98.9,99.0,99.2,98.6,99.4,98.9,99.3,98.6,99.1,99.3,99.1,99.3,99.2,99.3,99.2,99.5
Test accuracy: 84.1,90.1,94.5,95.1,95.5,95.7,95.8,95.7,95.8,95.0,95.6,95.2,95.6,95.8,95.6,95.9,96.0,96.1,96.0,95.6,95.6,95.8,95.9,96.2,96.1,96.1,96.2,95.7,96.3,96.0,96.5,96.0,96.0,96.4,96.1,96.2,96.2,96.5,96.3,96.5
Seed 6/10
Train loss: 0.1235,0.072,0.0533,0.0407,0.0337,0.0283,0.0245,0.0208,0.0179,0.0219,0.0151,0.0142,0.02,0.0137,0.0114,0.013,0.0126,0.0103,0.0082,0.0127,0.0078,0.0103,0.0079,0.0224,0.0037,0.0031,0.0037,0.0031,0.0055,0.0045,0.0063,0.0013,0.0077,0.0015,0.0033,0.0009,0.0005,0.0006,0.0065,0.001
Test loss: 0.2407,0.1034,0.0899,0.0829,0.07,0.0864,0.104,0.0979,0.125,0.1315,0.1015,0.1206,0.1783,0.1169,0.1239,0.2402,0.1818,0.1453,0.1131,0.1469,0.1365,0.2181,0.1604,0.197,0.111,0.1143,0.1433,0.1125,0.1561,0.1166,0.1239,0.1304,0.1499,0.1291,0.1367,0.1367,0.1238,0.1281,0.1238,0.1222
Train accuracy: 96.5,97.9,98.4,98.8,99.0,99.2,99.3,99.4,99.5,99.3,99.5,99.6,99.4,99.6,99.7,99.6,99.6,99.7,99.8,99.6,99.8,99.7,99.8,99.3,99.9,100.0,99.9,99.9,99.9,99.9,99.8,100.0,99.8,100.0,99.9,100.0,100.0,100.0,99.8,100.0
Test accuracy: 96.2,97.5,98.0,98.2,98.2,98.1,98.0,98.2,98.2,98.0,98.1,98.2,97.9,98.2,98.3,98.2,98.2,98.3,98.3,98.0,98.3,98.2,98.3,97.8,98.5,98.5,98.3,98.5,98.4,98.3,98.4,98.7,98.3,98.6,98.4,98.7,98.6,98.7,98.4,98.6
Seed 7/10
Train loss: 0.2097,0.088,0.062,0.0483,0.044,0.0488,0.0402,0.039,0.0231,0.0199,0.0171,0.0158,0.0197,0.011,0.0069,0.0121,0.0065,0.0068,0.0062,0.007,0.0106,0.0046,0.0027,0.0019,0.0036,0.0054,0.0054,0.0048,0.0147,0.0023,0.003,0.0044,0.0034,0.0033,0.0015,0.0065,0.0035,0.0039,0.002,0.0007
Test loss: 0.2216,0.1113,0.1004,0.103,0.1072,0.1388,0.1078,0.1765,0.1618,0.1361,0.1466,0.1104,0.1729,0.1073,0.105,0.1103,0.1073,0.1042,0.1176,0.1428,0.128,0.116,0.1222,0.1119,0.1202,0.1325,0.1131,0.1228,0.1548,0.1197,0.1219,0.1344,0.1324,0.1251,0.1226,0.137,0.1331,0.1332,0.1232,0.1383
Train accuracy: 95.6,97.5,98.2,98.6,98.7,98.6,98.7,98.8,99.3,99.5,99.5,99.6,99.5,99.7,99.8,99.7,99.8,99.8,99.9,99.8,99.7,99.9,100.0,100.0,99.9,99.9,99.9,99.9,99.6,100.0,99.9,99.9,99.9,99.9,100.0,99.8,99.9,99.9,100.0,100.0
Test accuracy: 95.6,96.9,97.3,97.5,97.5,97.2,97.3,97.4,97.7,97.8,97.8,97.8,97.8,97.8,98.1,98.0,98.0,98.1,98.1,98.0,98.0,98.0,98.2,98.2,98.2,98.0,98.2,98.0,97.9,98.0,98.0,98.0,98.2,98.1,98.2,98.0,98.0,98.1,98.2,98.3
Seed 8/10
Train loss: 0.1928,0.1138,0.0876,0.0711,0.0585,0.05,0.0443,0.04,0.0405,0.0345,0.0442,0.0275,0.0194,0.0201,0.0206,0.0194,0.0223,0.0138,0.0136,0.013,0.0202,0.0143,0.0143,0.0229,0.008,0.0121,0.0127,0.0129,0.0314,0.0093,0.0053,0.0099,0.0109,0.0056,0.0175,0.004,0.0049,0.007,0.0065,0.0072
Test loss: 0.2481,0.1517,0.1503,0.1621,0.1849,0.2686,0.1781,0.1478,0.1722,0.1582,0.2241,0.2119,0.1485,0.1375,0.1629,0.1895,0.1722,0.2511,0.2905,0.1458,0.2159,0.1585,0.1848,0.1777,0.1688,0.1748,0.1757,0.1953,0.1741,0.3344,0.1756,0.2157,0.2031,0.288,0.177,0.2004,0.1577,0.1896,0.1674,0.2782
Train accuracy: 94.7,96.7,97.5,97.9,98.3,98.5,98.7,98.8,98.8,99.0,98.7,99.2,99.5,99.4,99.5,99.5,99.4,99.6,99.7,99.6,99.4,99.6,99.7,99.4,99.8,99.7,99.7,99.6,99.2,99.8,99.9,99.8,99.7,99.9,99.5,99.9,99.9,99.8,99.9,99.8
Test accuracy: 94.6,96.5,97.1,97.3,97.3,97.5,97.4,97.5,97.5,97.5,97.3,97.7,97.7,97.8,97.8,97.9,97.6,97.9,98.0,97.9,97.6,97.8,97.9,97.6,97.8,97.9,97.8,97.7,97.5,98.0,98.1,97.8,97.7,97.9,97.8,97.9,98.0,97.8,97.9,97.8
Seed 9/10
Train loss: 0.1976,0.1255,0.0846,0.0686,0.0585,0.0521,0.0462,0.0416,0.0497,0.0448,0.0474,0.0423,0.0286,0.0244,0.02,0.017,0.0177,0.0208,0.0096,0.0539,0.0097,0.0162,0.0107,0.0085,0.0094,0.0147,0.0116,0.0088,0.0105,0.0109,0.007,0.006,0.0073,0.0088,0.0115,0.0078,0.0133,0.0047,0.0051,0.0053
Test loss: 0.2078,0.1477,0.1186,0.1322,0.1304,0.1336,0.1228,0.1152,0.1544,0.1277,0.1764,0.1533,0.1505,0.1569,0.1806,0.2715,0.1551,0.166,0.2532,0.2507,0.1654,0.2457,0.1939,0.2149,0.1769,0.1601,0.228,0.1785,0.2045,0.1819,0.1987,0.2702,0.1679,0.1969,0.1942,0.1908,0.2286,0.2214,0.182,0.2729
Train accuracy: 94.6,96.4,97.5,98.0,98.3,98.4,98.6,98.8,98.5,98.7,98.7,98.8,99.2,99.3,99.4,99.6,99.5,99.5,99.8,98.6,99.8,99.5,99.7,99.8,99.7,99.6,99.7,99.8,99.7,99.7,99.9,99.9,99.8,99.8,99.7,99.8,99.6,99.9,99.9,99.9
Test accuracy: 95.2,96.3,97.2,97.4,97.4,97.4,97.5,97.5,97.1,97.3,97.2,97.3,97.5,97.6,97.8,97.8,97.8,97.6,97.9,96.9,97.9,97.7,97.9,97.9,97.8,97.6,97.6,97.6,97.6,97.8,97.8,97.7,97.6,97.6,97.6,97.6,97.5,97.8,97.8,97.8
Seed 10/10
Train loss: 0.2402,0.1498,0.1122,0.0796,0.0578,0.0491,0.0417,0.0393,0.0425,0.0326,0.0406,0.0251,0.0352,0.0268,0.0168,0.0233,0.0174,0.0317,0.0126,0.0085,0.0091,0.0083,0.016,0.0109,0.005,0.0023,0.0023,0.014,0.0037,0.0026,0.0028,0.0063,0.0043,0.0064,0.0035,0.002,0.009,0.0024,0.0012,0.0036
Test loss: 0.2434,0.2495,0.1507,0.1442,0.1389,0.1329,0.1337,0.1199,0.1174,0.1507,0.1438,0.1222,0.1641,0.164,0.1134,0.1462,0.1321,0.1987,0.1242,0.1141,0.1203,0.132,0.1286,0.1206,0.1318,0.1247,0.1326,0.1444,0.1388,0.1394,0.1137,0.1241,0.1125,0.1262,0.1464,0.1208,0.1086,0.1196,0.1116,0.1177
Train accuracy: 93.1,95.7,96.7,97.7,98.3,98.5,98.7,98.8,98.7,99.0,98.7,99.2,98.9,99.2,99.5,99.3,99.5,99.1,99.6,99.8,99.8,99.8,99.6,99.7,99.9,100.0,100.0,99.6,99.9,100.0,100.0,99.9,99.9,99.8,99.9,100.0,99.8,100.0,100.0,99.9
Test accuracy: 93.1,95.5,96.3,97.0,97.4,97.3,97.5,97.5,97.3,97.4,97.2,97.3,97.0,97.3,97.6,97.5,97.9,97.2,97.8,97.8,98.0,97.8,97.6,98.0,98.0,98.2,98.2,97.8,98.3,98.2,98.3,98.1,98.3,98.0,98.3,98.4,98.2,98.4,98.4,98.3
