Seed 1/10
Train loss: 2.3014,2.3013,2.3013,2.3013,2.3013,2.3013,2.3013,2.3013,2.3013,2.3013,2.3013,2.3013,2.3013,2.3013,2.3013,2.3013,2.3013,2.3013,2.3013,2.3013,2.3013,2.3013,2.3013,2.3013,2.3013,2.3013,2.3013,2.3013,2.3013,2.3013,2.3013,2.3013,2.3013,2.3013,2.3013,2.3013,2.3013,2.3013,2.3013,2.3013
Test loss: 2.3012,2.3012,2.3012,2.3012,2.3012,2.3012,2.3012,2.3012,2.3012,2.3012,2.3012,2.3012,2.3012,2.3012,2.3012,2.3012,2.3012,2.3012,2.3012,2.3012,2.3012,2.3012,2.3012,2.3012,2.3012,2.3012,2.3012,2.3012,2.3012,2.3012,2.3012,2.3012,2.3012,2.3012,2.3012,2.3012,2.3012,2.3012,2.3012,2.3012
Train accuracy: 11.2,11.2,11.2,11.2,11.2,11.2,11.2,11.2,11.2,11.2,11.2,11.2,11.2,11.2,11.2,11.2,11.2,11.2,11.2,11.2,11.2,11.2,11.2,11.2,11.2,11.2,11.2,11.2,11.2,11.2,11.2,11.2,11.2,11.2,11.2,11.2,11.2,11.2,11.2,11.2
Test accuracy: 11.3,11.3,11.3,11.3,11.3,11.3,11.3,11.3,11.3,11.3,11.3,11.3,11.3,11.3,11.3,11.3,11.3,11.3,11.3,11.3,11.3,11.3,11.3,11.3,11.3,11.3,11.3,11.3,11.3,11.3,11.3,11.3,11.3,11.3,11.3,11.3,11.3,11.3,11.3,11.3
Seed 2/10
Train loss: 2.3013,2.3013,2.3013,2.3013,2.3013,2.3013,2.3013,2.3013,2.3013,2.3013,2.3013,2.3013,2.3013,2.3013,2.3013,2.3013,2.3013,2.3013,2.3013,2.3013,2.3013,2.3013,2.3013,2.3013,2.3013,2.3013,2.3013,2.3013,2.3013,2.3013,2.3013,2.3013,2.3013,2.3013,2.3013,2.3013,2.3013,2.3013,2.3013,2.3013
Test loss: 2.3012,2.3012,2.3012,2.3012,2.3012,2.3012,2.3012,2.3012,2.3012,2.3012,2.3012,2.3012,2.3012,2.3012,2.3012,2.3012,2.3012,2.3012,2.3012,2.3012,2.3012,2.3012,2.3012,2.3012,2.3012,2.3012,2.3012,2.3012,2.3012,2.3012,2.3012,2.3012,2.3012,2.3012,2.3012,2.3012,2.3012,2.3012,2.3012,2.3012
Train accuracy: 11.2,11.2,11.2,11.2,11.2,11.2,11.2,11.2,11.2,11.2,11.2,11.2,11.2,11.2,11.2,11.2,11.2,11.2,11.2,11.2,11.2,11.2,11.2,11.2,11.2,11.2,11.2,11.2,11.2,11.2,11.2,11.2,11.2,11.2,11.2,11.2,11.2,11.2,11.2,11.2
Test accuracy: 11.3,11.3,11.3,11.3,11.3,11.3,11.3,11.3,11.3,11.3,11.3,11.3,11.3,11.3,11.3,11.3,11.3,11.3,11.3,11.3,11.3,11.3,11.3,11.3,11.3,11.3,11.3,11.3,11.3,11.3,11.3,11.3,11.3,11.3,11.3,11.3,11.3,11.3,11.3,11.3
Seed 3/10
Train loss: 2.3013,2.3013,2.3013,2.3013,2.3013,2.3013,2.3013,2.3013,2.3013,2.3013,2.3013,2.3013,2.3013,2.3013,2.3013,2.3013,2.3013,2.3013,2.3013,2.3013,2.3013,2.3013,2.3013,2.3013,2.3013,2.3013,2.3013,2.3013,2.3013,2.3013,2.3013,2.3013,2.3013,2.3013,2.3013,2.3013,2.3013,2.3013,2.3013,2.3013
Test loss: 2.3012,2.3012,2.3012,2.3012,2.3012,2.3012,2.3012,2.3012,2.3012,2.3012,2.3012,2.3012,2.3012,2.3012,2.3012,2.3012,2.3012,2.3012,2.3012,2.3012,2.3012,2.3012,2.3012,2.3012,2.3012,2.3012,2.3012,2.3012,2.3012,2.3012,2.3012,2.3012,2.3012,2.3012,2.3012,2.3012,2.3012,2.3012,2.3012,2.3012
Train accuracy: 11.2,11.2,11.2,11.2,11.2,11.2,11.2,11.2,11.2,11.2,11.2,11.2,11.2,11.2,11.2,11.2,11.2,11.2,11.2,11.2,11.2,11.2,11.2,11.2,11.2,11.2,11.2,11.2,11.2,11.2,11.2,11.2,11.2,11.2,11.2,11.2,11.2,11.2,11.2,11.2
Test accuracy: 11.3,11.3,11.3,11.3,11.3,11.3,11.3,11.3,11.3,11.3,11.3,11.3,11.3,11.3,11.3,11.3,11.3,11.3,11.3,11.3,11.3,11.3,11.3,11.3,11.3,11.3,11.3,11.3,11.3,11.3,11.3,11.3,11.3,11.3,11.3,11.3,11.3,11.3,11.3,11.3
Seed 4/10
Train loss: 1.6685,1.5189,1.4646,1.4534,1.385,1.3439,1.3049,1.2748,1.2399,1.2281,1.2,1.1925,1.1738,1.1524,1.1481,1.1319,1.1196,1.1111,1.0863,1.0714,1.0539,1.0381,1.0352,1.0251,1.0174,1.0072,1.0132,0.9924,0.9878,0.9853,0.9862,0.9883,0.9729,0.9802,0.9664,0.9612,0.9608,0.9657,0.9671,0.9461
Test loss: 1.7954,1.9825,2.2204,2.8066,1.8807,1.4922,1.652,1.5321,1.3495,1.4106,1.3224,1.3809,1.2778,1.2523,1.2349,1.2752,1.2357,1.2333,1.1695,1.1571,1.1421,1.1256,1.1169,1.1202,1.1108,1.1053,1.1152,1.0926,1.0856,1.0877,1.0861,1.0973,1.085,1.0875,1.0758,1.0721,1.0705,1.0879,1.088,1.0706
Train accuracy: 32.1,33.8,35.7,37.5,40.1,41.8,44.9,46.3,48.2,48.5,49.1,49.7,49.9,51.5,53.6,54.1,54.9,54.0,55.6,56.2,57.1,58.2,57.0,57.6,57.8,58.3,57.0,58.6,58.9,58.9,58.7,58.1,59.1,58.6,59.3,59.8,59.9,59.5,59.1,60.4
Test accuracy: 31.2,32.7,35.1,36.8,40.1,41.4,44.0,45.4,46.9,47.3,47.4,48.2,48.5,50.2,52.2,52.3,52.5,52.0,53.5,54.3,55.0,55.7,54.9,55.2,55.5,55.5,54.3,55.6,56.3,55.6,55.7,55.1,56.1,55.4,56.4,56.5,56.8,56.1,55.6,57.0
Seed 5/10
Train loss: 1.6813,1.5403,1.4872,1.4695,1.4351,1.4173,1.3793,1.344,1.3578,1.3468,1.3275,1.311,1.2974,1.3091,1.2768,1.2681,1.2442,1.2517,1.2583,1.2279,1.2432,1.1997,1.219,1.2158,1.1723,1.1705,1.1976,1.1879,1.161,1.1357,1.1368,1.1456,1.1311,1.1522,1.1191,1.113,1.1384,1.1104,1.1093,1.1461
Test loss: 1.6842,1.5522,1.5388,1.5535,1.5239,1.6303,1.4364,1.4073,1.5696,1.507,1.4415,1.5168,1.4795,1.4887,1.4056,1.3666,1.4069,1.3674,1.3986,1.3355,1.3584,1.3005,1.3132,1.3048,1.2677,1.2678,1.3009,1.2902,1.2663,1.2462,1.256,1.268,1.2596,1.2789,1.2614,1.2668,1.2792,1.2764,1.2694,1.3221
Train accuracy: 28.3,36.0,35.9,34.4,38.0,38.8,43.0,44.9,42.7,43.6,43.8,43.1,44.1,43.0,44.7,44.6,46.4,45.3,44.3,48.0,47.4,50.0,48.4,46.8,50.9,51.2,49.6,49.4,51.2,52.2,52.2,51.9,53.0,50.7,52.8,52.8,51.7,53.4,53.8,51.4
Test accuracy: 28.9,37.1,36.4,34.4,38.2,38.8,43.1,45.1,42.6,43.8,43.4,42.9,43.9,43.1,44.2,44.2,45.8,44.6,43.9,47.1,46.8,48.9,47.0,45.4,49.5,49.7,47.7,48.3,49.9,50.3,49.9,50.0,50.5,48.9,50.4,50.5,49.3,50.8,51.1,49.3
Seed 6/10
Train loss: 1.6897,1.5533,1.5019,1.4648,1.4395,1.4122,1.3909,1.3646,1.3479,1.3295,1.3073,1.298,1.28,1.2732,1.2699,1.2604,1.2416,1.2275,1.2247,1.2182,1.2044,1.1986,1.1949,1.1807,1.1829,1.1976,1.174,1.1738,1.1619,1.1587,1.148,1.137,1.1448,1.1338,1.134,1.1356,1.1142,1.1268,1.1224,1.1027
Test loss: 1.7842,1.5881,1.5337,1.5022,1.4807,1.4706,1.4469,1.4226,1.4198,1.4149,1.441,1.3918,1.4363,1.5361,1.6147,1.3714,1.3726,1.3612,1.3294,1.4023,1.3729,1.4263,1.3301,1.3143,1.3521,1.3554,1.3204,1.3012,1.2732,1.3193,1.2785,1.2857,1.2709,1.27,1.2902,1.2707,1.2812,1.278,1.3992,1.324
Train accuracy: 30.2,34.7,36.9,39.3,41.3,42.3,43.0,44.4,44.6,44.4,45.0,45.3,45.1,44.6,45.1,44.9,45.6,46.5,46.2,46.7,46.6,47.1,47.2,47.6,47.4,46.7,48.4,48.2,49.3,50.4,51.3,52.2,51.4,52.1,52.2,51.9,53.2,52.5,52.9,54.0
Test accuracy: 29.6,33.7,35.9,38.6,40.6,41.7,42.2,43.6,43.8,43.7,44.1,44.1,44.0,43.6,44.4,44.1,44.4,45.8,45.0,45.4,45.1,45.6,46.2,46.4,45.9,45.1,46.6,46.5,47.8,48.2,49.0,49.6,49.2,49.1,49.6,49.4,50.3,49.4,49.7,50.3
Seed 7/10
Train loss: 2.3013,2.3013,2.3013,2.3013,2.3013,2.3013,2.3013,2.3013,2.3013,2.3013,2.3013,2.3013,2.3013,2.3013,2.3013,2.3013,2.3013,2.3013,2.3013,2.3013,2.3013,2.3013,2.3013,2.3013,2.3013,2.3013,2.3013,2.3013,2.3013,2.3013,2.3013,2.3013,2.3013,2.3013,2.3013,2.3013,2.3013,2.3013,2.3013,2.3013
Test loss: 2.3011,2.3012,2.3012,2.3012,2.3012,2.3012,2.3012,2.3012,2.3012,2.3012,2.3012,2.3012,2.3012,2.3012,2.3012,2.3012,2.3012,2.3012,2.3012,2.3012,2.3012,2.3012,2.3012,2.3012,2.3012,2.3012,2.3012,2.3012,2.3012,2.3012,2.3012,2.3012,2.3012,2.3012,2.3012,2.3012,2.3012,2.3012,2.3012,2.3012
Train accuracy: 11.2,11.2,11.2,11.2,11.2,11.2,11.2,11.2,11.2,11.2,11.2,11.2,11.2,11.2,11.2,11.2,11.2,11.2,11.2,11.2,11.2,11.2,11.2,11.2,11.2,11.2,11.2,11.2,11.2,11.2,11.2,11.2,11.2,11.2,11.2,11.2,11.2,11.2,11.2,11.2
Test accuracy: 11.3,11.3,11.3,11.3,11.3,11.3,11.3,11.3,11.3,11.3,11.3,11.3,11.3,11.3,11.3,11.3,11.3,11.3,11.3,11.3,11.3,11.3,11.3,11.3,11.3,11.3,11.3,11.3,11.3,11.3,11.3,11.3,11.3,11.3,11.3,11.3,11.3,11.3,11.3,11.3
Seed 8/10
Train loss: 2.3013,2.3013,2.3013,2.3013,2.3013,2.3013,2.3013,2.3013,2.3013,2.3013,2.3013,2.3013,2.3013,2.3013,2.3013,2.3013,2.3013,2.3013,2.3013,2.3013,2.3013,2.3013,2.3013,2.3013,2.3013,2.3013,2.3013,2.3013,2.3013,2.3013,2.3013,2.3013,2.3013,2.3013,2.3013,2.3013,2.3013,2.3013,2.3013,2.3013
Test loss: 2.3013,2.3012,2.3012,2.3012,2.3012,2.3012,2.3012,2.3012,2.3012,2.3012,2.3012,2.3012,2.3012,2.3012,2.3012,2.3012,2.3012,2.3012,2.3012,2.3012,2.3012,2.3012,2.3012,2.3012,2.3012,2.3012,2.3012,2.3012,2.3012,2.3012,2.3012,2.3012,2.3012,2.3012,2.3012,2.3012,2.3012,2.3012,2.3012,2.3012
Train accuracy: 11.2,11.2,11.2,11.2,11.2,11.2,11.2,11.2,11.2,11.2,11.2,11.2,11.2,11.2,11.2,11.2,11.2,11.2,11.2,11.2,11.2,11.2,11.2,11.2,11.2,11.2,11.2,11.2,11.2,11.2,11.2,11.2,11.2,11.2,11.2,11.2,11.2,11.2,11.2,11.2
Test accuracy: 11.3,11.3,11.3,11.3,11.3,11.3,11.3,11.3,11.3,11.3,11.3,11.3,11.3,11.3,11.3,11.3,11.3,11.3,11.3,11.3,11.3,11.3,11.3,11.3,11.3,11.3,11.3,11.3,11.3,11.3,11.3,11.3,11.3,11.3,11.3,11.3,11.3,11.3,11.3,11.3
Seed 9/10
Train loss: 2.3014,2.3013,2.3013,2.3013,2.3013,2.3013,2.3013,2.3013,2.3013,2.3013,2.3013,2.3013,2.3013,2.3013,2.3013,2.3013,2.3013,2.3013,2.3013,2.3013,2.3013,2.3013,2.3013,2.3013,2.3013,2.3013,2.3013,2.3013,2.3013,2.3013,2.3013,2.3013,2.3013,2.3013,2.3013,2.3013,2.3013,2.3013,2.3013,2.3013
Test loss: 2.3012,2.3012,2.3012,2.3012,2.3012,2.3012,2.3012,2.3012,2.3012,2.3012,2.3012,2.3012,2.3012,2.3012,2.3012,2.3012,2.3012,2.3012,2.3012,2.3012,2.3012,2.3012,2.3012,2.3012,2.3012,2.3012,2.3012,2.3012,2.3012,2.3012,2.3012,2.3012,2.3012,2.3012,2.3012,2.3012,2.3012,2.3012,2.3012,2.3012
Train accuracy: 11.2,11.2,11.2,11.2,11.2,11.2,11.2,11.2,11.2,11.2,11.2,11.2,11.2,11.2,11.2,11.2,11.2,11.2,11.2,11.2,11.2,11.2,11.2,11.2,11.2,11.2,11.2,11.2,11.2,11.2,11.2,11.2,11.2,11.2,11.2,11.2,11.2,11.2,11.2,11.2
Test accuracy: 11.3,11.3,11.3,11.3,11.3,11.3,11.3,11.3,11.3,11.3,11.3,11.3,11.3,11.3,11.3,11.3,11.3,11.3,11.3,11.3,11.3,11.3,11.3,11.3,11.3,11.3,11.3,11.3,11.3,11.3,11.3,11.3,11.3,11.3,11.3,11.3,11.3,11.3,11.3,11.3
Seed 10/10
Train loss: 2.3017,2.3013,2.3013,2.3013,2.3013,2.3013,2.3013,2.3013,2.3013,2.3013,2.3013,2.3013,2.3013,2.3013,2.3013,2.3013,2.3013,2.3013,2.3013,2.3013,2.3013,2.3013,2.3013,2.3013,2.3013,2.3013,2.3013,2.3013,2.3013,2.3013,2.3013,2.3013,2.3013,2.3013,2.3013,2.3013,2.3013,2.3013,2.3013,2.3013
Test loss: 2.3016,2.3012,2.3012,2.3012,2.3012,2.3012,2.3012,2.3012,2.3012,2.3012,2.3012,2.3012,2.3012,2.3012,2.3012,2.3012,2.3012,2.3012,2.3012,2.3012,2.3012,2.3012,2.3012,2.3012,2.3012,2.3012,2.3012,2.3012,2.3012,2.3012,2.3012,2.3012,2.3012,2.3012,2.3012,2.3012,2.3012,2.3012,2.3012,2.3012
Train accuracy: 10.4,11.2,11.2,11.2,11.2,11.2,11.2,11.2,11.2,11.2,11.2,11.2,11.2,11.2,11.2,11.2,11.2,11.2,11.2,11.2,11.2,11.2,11.2,11.2,11.2,11.2,11.2,11.2,11.2,11.2,11.2,11.2,11.2,11.2,11.2,11.2,11.2,11.2,11.2,11.2
Test accuracy: 10.3,11.3,11.3,11.3,11.3,11.3,11.3,11.3,11.3,11.3,11.3,11.3,11.3,11.3,11.3,11.3,11.3,11.3,11.3,11.3,11.3,11.3,11.3,11.3,11.3,11.3,11.3,11.3,11.3,11.3,11.3,11.3,11.3,11.3,11.3,11.3,11.3,11.3,11.3,11.3
