Seed 1/10
Train loss: 1.165,0.8604,0.6925,0.6115,0.5609,0.5257,0.4928,0.458,0.4393,0.4201,0.4062,0.3867,0.3746,0.3715,0.3596,0.3568,0.3387,0.3489,0.364,0.331,0.3323,0.3154,0.3189,0.3067,0.3064,0.3117,0.2934,0.3051,0.2877,0.2968,0.3039,0.2956,0.2858,0.3048,0.2867,0.278,0.2772,0.2743,0.2797,0.2687
Test loss: 1.1674,0.8803,0.7339,0.6619,0.6215,0.5943,0.5695,0.5426,0.5359,0.5279,0.5298,0.5249,0.53,0.5493,0.5461,0.5691,0.5536,0.5892,0.5922,0.5753,0.5983,0.5926,0.6114,0.6062,0.6176,0.5936,0.6309,0.6696,0.6459,0.6472,0.6708,0.6719,0.6645,0.7396,0.6766,0.6811,0.6665,0.6896,0.701,0.7004
Train accuracy: 53.5,66.2,78.4,81.1,82.7,83.4,83.8,84.3,84.4,84.6,84.8,85.2,85.6,85.9,86.0,86.2,86.5,86.5,84.9,86.1,86.8,86.8,86.7,86.7,87.0,86.4,87.5,87.2,87.6,87.1,87.4,87.3,87.3,87.2,87.4,87.8,87.8,87.5,87.4,87.9
Test accuracy: 53.3,66.6,78.2,81.0,82.5,83.2,83.2,83.5,83.3,83.1,83.0,83.1,83.3,83.7,83.6,83.7,83.7,83.8,81.9,82.6,83.7,83.4,83.3,83.0,83.3,82.4,83.7,83.5,83.6,83.3,83.3,83.1,82.8,82.9,82.8,83.2,83.5,82.8,82.7,83.2
Seed 2/10
Train loss: 1.0296,0.7207,0.564,0.4718,0.4023,0.3627,0.3309,0.3122,0.3103,0.2845,0.277,0.264,0.2561,0.2476,0.2447,0.2269,0.2267,0.2208,0.2206,0.2103,0.21,0.2094,0.1948,0.2099,0.192,0.1861,0.2005,0.1972,0.1756,0.1884,0.1959,0.1623,0.172,0.1711,0.1619,0.1459,0.1524,0.1468,0.1569,0.1768
Test loss: 1.0793,0.8397,0.6846,0.5918,0.5545,0.5712,0.5125,0.5667,0.5854,0.7591,0.6657,0.7458,0.7649,0.6762,0.7633,0.696,0.7614,0.6829,1.2836,0.6285,0.823,0.9661,0.8974,0.9956,0.8537,0.8234,0.7627,0.785,0.798,0.7451,0.9566,0.9085,0.8705,0.9539,0.6895,0.6893,0.8714,0.646,0.7652,0.979
Train accuracy: 56.7,83.1,87.6,89.5,91.2,91.9,92.5,92.7,92.3,93.0,92.8,93.1,93.3,93.5,93.6,94.1,94.4,94.1,94.3,94.6,94.3,94.8,95.3,95.0,95.1,95.1,94.9,95.2,95.5,95.0,94.8,96.4,95.8,96.0,96.1,96.4,96.4,96.4,96.0,95.9
Test accuracy: 56.8,83.5,88.0,89.3,90.6,91.0,91.0,91.2,90.7,91.1,90.6,90.8,90.8,91.0,91.0,91.1,91.7,91.2,91.2,91.3,91.1,91.5,92.0,91.8,91.4,91.1,91.3,91.5,91.8,91.6,90.8,92.4,91.5,92.1,92.0,92.0,92.4,92.5,91.8,92.1
Seed 3/10
Train loss: 1.0112,0.7242,0.534,0.432,0.3724,0.3269,0.2955,0.269,0.2529,0.2487,0.2352,0.2398,0.2358,0.2209,0.1959,0.1995,0.1983,0.1909,0.1652,0.1691,0.1774,0.171,0.1634,0.1529,0.1569,0.1504,0.141,0.1416,0.1447,0.1397,0.1232,0.1346,0.1426,0.1338,0.1286,0.1213,0.1387,0.1209,0.1148,0.1216
Test loss: 1.0101,0.8287,0.8216,0.6721,0.6373,0.6755,0.5959,0.6001,0.7025,0.4993,0.4153,0.4339,0.5656,0.5172,0.6796,0.7074,0.5047,0.5645,0.5591,0.6218,0.5332,0.6623,0.5759,0.4957,0.5243,0.5158,0.4802,0.4772,0.4644,0.6567,0.4382,0.563,0.5662,0.524,0.5441,0.5454,0.4881,0.5571,0.6472,0.5798
Train accuracy: 68.2,83.6,89.3,91.5,92.5,93.4,93.8,94.3,94.5,94.6,94.7,94.6,94.6,94.9,95.3,95.3,95.3,95.5,96.2,96.0,95.7,96.1,96.1,96.1,96.1,96.3,96.6,96.5,96.5,96.4,97.0,96.8,96.5,96.7,97.0,97.1,96.7,97.0,97.2,96.9
Test accuracy: 68.2,82.9,88.4,90.8,91.7,92.5,92.5,92.9,92.7,92.9,92.6,92.5,92.2,92.4,92.7,92.5,92.4,92.6,93.0,92.8,92.6,92.8,92.8,92.8,92.7,92.7,93.1,92.8,92.8,92.3,92.8,93.2,92.8,93.0,92.8,93.1,92.7,93.2,93.0,92.7
Seed 4/10
Train loss: 0.6223,0.3946,0.2714,0.2053,0.154,0.1237,0.1051,0.0935,0.0912,0.0848,0.0835,0.074,0.0716,0.0747,0.0657,0.0596,0.0684,0.0757,0.054,0.0541,0.066,0.046,0.0375,0.0367,0.0401,0.0538,0.0384,0.0277,0.0286,0.0311,0.0287,0.0226,0.0263,0.032,0.0345,0.0397,0.0246,0.0305,0.0409,0.0255
Test loss: 0.7094,0.4525,0.3717,0.3627,0.2287,0.211,0.2161,0.1985,0.2,0.2066,0.2196,0.2327,0.2476,0.3219,0.3039,0.2467,0.2711,0.3192,0.2925,0.367,0.3727,0.308,0.2409,0.2713,0.3111,0.3071,0.2881,0.288,0.279,0.2673,0.3022,0.2906,0.304,0.3021,0.3285,0.448,0.2928,0.3036,0.4576,0.3565
Train accuracy: 75.7,92.1,94.1,95.7,96.4,97.0,97.4,97.6,97.5,97.7,97.6,98.0,98.0,97.9,98.2,98.2,98.0,97.9,98.5,98.6,98.1,98.9,99.0,99.0,99.0,98.4,99.0,99.3,99.3,99.2,99.3,99.4,99.3,99.2,99.1,99.0,99.4,99.2,98.9,99.4
Test accuracy: 75.0,91.4,93.5,95.0,95.4,95.8,96.0,96.0,95.8,95.8,95.7,95.8,95.8,95.6,95.8,95.8,95.9,95.5,95.8,95.8,95.5,96.0,96.2,96.2,95.9,95.6,96.0,96.4,96.2,96.2,96.0,96.3,96.2,96.2,96.0,96.0,96.2,95.7,95.8,96.3
Seed 5/10
Train loss: 0.6877,0.5346,0.4713,0.3512,0.2953,0.2023,0.1438,0.1212,0.1045,0.0951,0.1006,0.079,0.083,0.0649,0.0591,0.0576,0.0535,0.0556,0.0508,0.0453,0.0448,0.0402,0.0419,0.0411,0.0376,0.0375,0.0381,0.0419,0.0341,0.0351,0.033,0.0328,0.0406,0.0353,0.0327,0.0336,0.0313,0.0301,0.024,0.025
Test loss: 0.6747,0.576,0.4999,0.389,0.3455,0.2762,0.2154,0.2241,0.2089,0.2031,0.2279,0.2203,0.311,0.2495,0.2163,0.2656,0.2339,0.2463,0.2371,0.2538,0.2447,0.228,0.262,0.2615,0.2852,0.2612,0.2721,0.2791,0.2515,0.2783,0.2621,0.2699,0.2853,0.3159,0.2954,0.297,0.3309,0.2839,0.3038,0.3213
Train accuracy: 74.0,75.8,82.3,87.3,88.8,95.7,96.9,97.2,97.5,97.6,97.2,97.9,97.8,98.4,98.5,98.6,98.6,98.6,98.7,98.9,98.9,99.1,99.0,99.0,99.1,99.1,99.1,99.0,99.2,99.2,99.2,99.3,99.1,99.2,99.3,99.3,99.3,99.3,99.4,99.5
Test accuracy: 74.4,75.6,82.3,86.8,87.9,95.1,95.8,96.0,96.1,95.9,95.5,95.9,95.8,96.1,96.0,96.1,95.9,95.8,96.2,96.2,96.0,96.3,96.2,96.1,96.0,96.0,96.2,95.9,96.2,96.2,96.2,96.4,96.0,96.1,96.3,96.2,96.0,96.2,96.3,96.1
Seed 6/10
Train loss: 0.4043,0.2313,0.1574,0.1186,0.0964,0.0802,0.0709,0.063,0.056,0.0462,0.0409,0.044,0.0357,0.045,0.0336,0.0315,0.0272,0.0235,0.0244,0.0301,0.0229,0.0375,0.0204,0.0215,0.0194,0.0118,0.0166,0.0129,0.0115,0.0137,0.0106,0.0121,0.0067,0.006,0.0215,0.0054,0.0078,0.0119,0.0091,0.0074
Test loss: 0.5167,0.2985,0.2175,0.1931,0.2248,0.6046,0.9559,0.4052,0.2829,0.3949,0.619,0.9023,1.2911,0.6682,0.4238,0.3639,0.5528,0.4848,0.3256,0.3387,0.2628,0.2727,0.2022,0.2739,0.191,0.2584,0.2031,0.3684,0.2144,0.2422,0.2337,0.1782,0.1712,0.1649,0.2048,0.1972,0.1678,0.1908,0.1814,0.1968
Train accuracy: 89.8,93.6,95.8,96.9,97.5,98.0,98.2,98.4,98.5,98.8,99.0,98.9,99.2,98.9,99.2,99.2,99.3,99.5,99.4,99.3,99.5,99.1,99.6,99.5,99.5,99.7,99.6,99.7,99.7,99.7,99.8,99.7,99.9,99.9,99.4,99.9,99.9,99.7,99.8,99.8
Test accuracy: 90.3,93.5,95.4,96.2,96.6,96.9,96.8,96.9,96.9,97.2,97.2,97.0,97.0,97.2,97.0,97.1,97.3,97.4,97.3,97.3,97.2,97.0,97.4,97.5,97.5,97.7,97.6,97.8,97.7,97.8,97.9,97.7,97.9,97.9,97.5,98.0,98.0,97.6,98.0,97.9
Seed 7/10
Train loss: 1.7212,1.6128,1.5629,1.5168,1.4899,1.4575,1.3982,1.3466,1.3109,1.2844,1.2746,1.2484,1.2348,1.2219,1.2121,1.2123,1.1996,1.1963,1.1955,1.202,1.2188,1.1883,1.1916,1.2004,1.1836,1.1618,1.1544,1.1492,1.1462,1.1384,1.1569,1.1371,1.1398,1.1386,1.1592,1.1251,1.1155,1.1493,1.1336,1.1234
Test loss: 1.7363,1.6461,1.6408,1.6519,1.6192,1.5259,1.437,1.3953,1.3738,1.361,1.3712,1.3547,1.3518,1.3415,1.3499,1.3491,1.3396,1.3586,1.3512,1.3613,1.3828,1.3476,1.3804,1.3868,1.3892,1.3771,1.3838,1.3829,1.3897,1.3922,1.3979,1.4024,1.4107,1.406,1.4224,1.4223,1.4356,1.4218,1.4384,1.4798
Train accuracy: 28.0,31.6,33.9,35.8,39.3,41.5,43.2,43.7,42.6,46.2,46.3,48.7,49.3,49.9,50.0,49.4,50.1,49.8,49.8,49.5,48.7,49.6,49.8,49.6,50.0,51.0,51.2,51.3,51.5,51.6,51.0,51.8,51.9,51.4,50.8,52.2,52.7,51.2,51.9,53.0
Test accuracy: 27.9,31.5,33.2,34.7,38.2,40.3,42.1,43.4,42.7,45.2,45.3,47.5,47.9,48.8,48.7,48.2,48.9,48.1,48.4,48.0,47.1,47.7,48.2,48.0,48.1,48.8,49.1,49.1,49.1,49.2,48.4,48.9,49.2,49.0,48.1,49.1,49.7,48.0,49.3,49.9
Seed 8/10
Train loss: 1.7137,1.635,1.4983,1.4249,1.3716,1.337,1.3074,1.2159,1.1743,1.1645,1.1438,1.1338,1.1214,1.0787,1.0719,1.0708,1.0542,1.0571,1.0521,1.0352,1.0335,1.0396,1.0113,1.0068,1.0096,0.9833,0.9915,0.9747,0.9926,0.9604,0.9632,0.9789,0.9691,0.9497,0.9623,0.9537,0.9407,0.9386,0.9422,0.9334
Test loss: 1.7261,1.6489,1.5232,1.4461,1.4001,1.3724,1.343,1.2494,1.2157,1.2111,1.2031,1.1957,1.1912,1.1622,1.1616,1.156,1.1617,1.165,1.1652,1.1674,1.1514,1.1723,1.1542,1.1582,1.155,1.1545,1.1603,1.1496,1.154,1.1636,1.1526,1.1669,1.168,1.1619,1.1575,1.182,1.1749,1.1783,1.1729,1.1998
Train accuracy: 25.3,31.9,36.2,40.3,43.3,43.8,47.1,53.4,55.3,56.4,57.0,56.4,56.6,57.8,58.7,59.0,58.7,57.3,57.4,58.5,57.8,58.0,59.0,58.5,58.1,59.6,59.4,60.1,58.8,60.2,60.1,59.3,59.6,61.2,60.1,60.2,61.2,61.1,60.9,61.5
Test accuracy: 25.6,32.2,36.3,40.1,43.4,43.6,46.9,53.4,55.0,56.0,56.9,55.9,56.4,57.0,57.7,57.5,58.0,56.1,56.3,58.0,56.4,56.8,57.5,57.2,56.5,58.1,57.9,58.4,56.9,58.6,58.5,57.6,58.1,59.2,58.5,58.2,59.1,58.9,58.8,59.6
Seed 9/10
Train loss: 0.9979,0.757,0.5719,0.4816,0.4178,0.3668,0.3292,0.3063,0.2888,0.2618,0.2458,0.2352,0.2248,0.2072,0.207,0.2084,0.191,0.1995,0.1834,0.1814,0.1792,0.1727,0.1732,0.1611,0.1715,0.1559,0.1927,0.1633,0.1405,0.1402,0.2682,0.1471,0.153,0.127,0.1401,0.1266,0.1588,0.164,0.1364,0.1265
Test loss: 1.0466,0.7846,0.6631,0.5529,0.5082,0.4685,0.4602,0.5347,0.623,0.6913,0.7032,0.7529,0.7666,0.797,0.8417,0.7784,0.756,0.8372,0.7658,0.8276,0.7398,0.8054,0.8632,0.7662,1.0588,0.8071,0.851,1.0576,0.7796,0.7109,0.8616,0.8779,0.864,0.7855,0.9482,0.9536,1.108,1.0968,0.827,0.7173
Train accuracy: 64.2,76.7,85.7,88.5,90.2,91.6,92.5,92.8,93.1,93.8,94.0,94.1,94.5,94.8,94.8,94.8,95.0,95.2,95.5,95.3,95.6,95.7,95.9,96.0,95.8,96.0,95.4,96.0,96.4,96.6,93.1,96.2,96.6,96.9,96.7,97.0,96.3,95.9,96.9,96.8
Test accuracy: 63.7,76.7,85.1,88.1,89.4,90.8,91.7,91.7,91.7,92.2,92.0,91.8,92.1,92.3,92.1,92.3,92.1,92.3,92.5,92.2,92.4,92.3,92.3,92.5,92.3,92.4,91.9,92.2,92.6,92.6,90.4,92.3,92.5,92.4,92.3,92.5,92.2,91.9,92.5,92.1
Seed 10/10
Train loss: 0.4577,0.2663,0.2066,0.1718,0.1535,0.138,0.129,0.1181,0.106,0.1019,0.0841,0.0786,0.0893,0.0642,0.0747,0.0598,0.0568,0.078,0.0622,0.0642,0.0678,0.0492,0.0397,0.0486,0.0446,0.0455,0.0376,0.0553,0.0374,0.0329,0.0415,0.0439,0.0367,0.0364,0.033,0.032,0.0219,0.0248,0.0233,0.0432
Test loss: 0.508,0.3566,0.4155,0.4688,0.3405,0.5394,0.4741,0.6598,0.7818,0.8122,1.5439,1.5587,0.6982,1.281,3.4884,1.6256,2.8428,1.323,0.6056,1.5311,2.4764,1.9557,0.9866,2.1315,0.9467,2.1199,1.2555,1.8655,1.2146,1.6021,1.4785,1.0173,0.6442,0.8819,0.5668,0.5823,0.6668,1.6193,0.4222,0.5693
Train accuracy: 89.2,93.8,95.1,95.8,96.0,96.4,96.5,96.8,97.0,97.1,97.7,97.8,97.6,98.3,97.9,98.4,98.5,97.7,98.3,98.4,98.3,98.7,99.0,98.8,98.9,98.9,99.1,98.5,99.1,99.3,99.0,98.9,99.1,99.1,99.2,99.3,99.6,99.5,99.5,98.8
Test accuracy: 88.9,93.5,94.7,95.2,95.3,95.3,95.4,95.4,95.5,95.2,95.8,95.6,95.4,95.6,95.3,95.8,95.9,95.0,95.6,95.6,95.5,95.8,96.0,95.9,96.0,95.9,95.8,95.4,96.0,95.7,95.8,95.6,95.8,95.8,95.7,95.7,96.2,96.2,96.0,95.5
