Seed 1/10
Train loss: 2.3157,2.3013,2.3013,2.3013,2.3013,2.3013,2.3013,2.3013,2.3013,2.3013,2.3013,2.3013,2.3013,2.3013,2.3013,2.3013,2.3013,2.3013,2.3013,2.3013,2.3013,2.3013,2.3013,2.3013,2.3013,2.3013,2.3013,2.3013,2.3013,2.3013,2.3013,2.3013,2.3013,2.3013,2.3013,2.3013,2.3013,2.3013,2.3013,2.3013
Test loss: 2.3162,2.3012,2.3012,2.3012,2.3012,2.3012,2.3012,2.3012,2.3012,2.3012,2.3012,2.3012,2.3012,2.3012,2.3012,2.3012,2.3012,2.3012,2.3012,2.3012,2.3012,2.3012,2.3012,2.3012,2.3012,2.3012,2.3012,2.3012,2.3012,2.3012,2.3012,2.3012,2.3012,2.3012,2.3012,2.3012,2.3012,2.3012,2.3012,2.3012
Train accuracy: 10.4,11.2,11.2,11.2,11.2,11.2,11.2,11.2,11.2,11.2,11.2,11.2,11.2,11.2,11.2,11.2,11.2,11.2,11.2,11.2,11.2,11.2,11.2,11.2,11.2,11.2,11.2,11.2,11.2,11.2,11.2,11.2,11.2,11.2,11.2,11.2,11.2,11.2,11.2,11.2
Test accuracy: 10.3,11.3,11.3,11.3,11.3,11.3,11.3,11.3,11.3,11.3,11.3,11.3,11.3,11.3,11.3,11.3,11.3,11.3,11.3,11.3,11.3,11.3,11.3,11.3,11.3,11.3,11.3,11.3,11.3,11.3,11.3,11.3,11.3,11.3,11.3,11.3,11.3,11.3,11.3,11.3
Seed 2/10
Train loss: 2.31,2.3013,2.3013,2.3013,2.3013,2.3013,2.3013,2.3013,2.3013,2.3013,2.3013,2.3013,2.3013,2.3013,2.3013,2.3013,2.3013,2.3013,2.3013,2.3013,2.3013,2.3013,2.3013,2.3013,2.3013,2.3013,2.3013,2.3013,2.3013,2.3013,2.3013,2.3013,2.3013,2.3013,2.3013,2.3013,2.3013,2.3013,2.3013,2.3013
Test loss: 2.3093,2.3011,2.3012,2.3012,2.3012,2.3012,2.3012,2.3012,2.3012,2.3012,2.3012,2.3012,2.3012,2.3012,2.3012,2.3012,2.3012,2.3012,2.3012,2.3012,2.3012,2.3012,2.3012,2.3012,2.3012,2.3012,2.3012,2.3012,2.3012,2.3012,2.3012,2.3012,2.3012,2.3012,2.3012,2.3012,2.3012,2.3012,2.3012,2.3012
Train accuracy: 9.8,11.2,11.2,11.2,11.2,11.2,11.2,11.2,11.2,11.2,11.2,11.2,11.2,11.2,11.2,11.2,11.2,11.2,11.2,11.2,11.2,11.2,11.2,11.2,11.2,11.2,11.2,11.2,11.2,11.2,11.2,11.2,11.2,11.2,11.2,11.2,11.2,11.2,11.2,11.2
Test accuracy: 9.7,11.3,11.3,11.3,11.3,11.3,11.3,11.3,11.3,11.3,11.3,11.3,11.3,11.3,11.3,11.3,11.3,11.3,11.3,11.3,11.3,11.3,11.3,11.3,11.3,11.3,11.3,11.3,11.3,11.3,11.3,11.3,11.3,11.3,11.3,11.3,11.3,11.3,11.3,11.3
Seed 3/10
Train loss: 1.8852,1.7625,1.6941,1.5961,1.5213,1.484,1.4495,1.4172,1.391,1.3813,1.3629,1.3608,1.3483,1.3388,1.3297,1.329,1.3254,1.3213,1.3082,1.3064,1.2943,1.2883,1.291,1.2872,1.2747,1.2754,1.2711,1.2695,1.2671,1.2675,1.2521,1.2544,1.2518,1.2481,1.2375,1.241,1.2311,1.2484,1.2321,1.248
Test loss: 1.8906,1.7628,1.7007,1.6084,1.5355,1.5063,1.4783,1.4496,1.4272,1.4243,1.4122,1.4136,1.4038,1.4039,1.3979,1.4031,1.4013,1.3988,1.3953,1.4083,1.4036,1.3976,1.406,1.4114,1.4175,1.4117,1.4273,1.4161,1.4256,1.4211,1.4182,1.4258,1.4317,1.4302,1.4335,1.4195,1.4438,1.4569,1.4449,1.5006
Train accuracy: 20.6,26.4,34.1,40.4,39.7,40.7,40.9,41.5,42.2,42.7,43.8,43.6,44.4,44.7,45.2,45.3,45.5,45.1,45.9,46.5,46.8,46.7,46.4,46.1,47.2,47.1,47.2,47.0,47.2,47.2,47.6,47.6,47.6,47.6,48.0,47.7,48.0,48.0,47.9,48.4
Test accuracy: 20.3,26.3,34.1,40.8,39.5,40.4,40.9,41.2,41.7,42.5,42.9,43.0,43.8,44.0,44.8,44.6,44.8,44.6,45.1,45.8,45.9,45.7,45.5,45.1,46.2,45.9,46.1,45.9,45.9,46.0,46.0,46.2,46.3,46.2,46.3,46.3,46.3,46.3,46.2,46.6
Seed 4/10
Train loss: 1.7843,1.6808,1.6143,1.5736,1.5443,1.5105,1.4856,1.4625,1.4423,1.4254,1.4164,1.4087,1.3966,1.389,1.3664,1.3484,1.3438,1.3479,1.3307,1.3123,1.2954,1.3301,1.2954,1.2957,1.2717,1.2698,1.2863,1.2631,1.2926,1.2552,1.2657,1.2519,1.2318,1.2448,1.2421,1.2444,1.2304,1.214,1.2208,1.2263
Test loss: 1.7968,1.725,1.643,1.6301,1.6312,1.5722,1.5556,1.5515,1.5388,1.5648,1.6459,1.6929,1.6909,1.7428,1.6197,1.5708,1.5651,1.5808,1.5733,1.5465,1.5485,1.5957,1.5871,1.5966,1.5639,1.5841,1.6298,1.6085,1.6933,1.6311,1.6726,1.6392,1.636,1.6815,1.6799,1.7194,1.7125,1.7021,1.7242,1.7118
Train accuracy: 18.6,29.0,33.4,35.8,37.2,39.4,40.5,42.1,43.5,44.3,44.3,44.4,45.3,44.7,45.1,45.3,45.4,45.5,45.9,46.4,46.6,46.4,47.3,46.5,46.7,47.3,47.6,48.2,47.8,48.2,47.7,49.1,48.9,49.2,49.4,49.1,49.4,49.4,50.3,49.7
Test accuracy: 18.7,29.1,33.2,35.2,36.2,38.5,39.6,41.2,42.6,43.4,42.6,42.5,43.3,42.7,43.3,43.3,43.2,43.3,43.5,43.8,44.0,44.0,44.4,43.8,44.4,44.3,44.5,45.1,44.5,44.9,44.4,45.6,45.4,45.8,46.2,45.7,45.8,45.9,46.3,46.0
Seed 5/10
Train loss: 2.3107,2.3014,2.3013,2.3013,2.3013,2.3013,2.3013,2.3013,2.3013,2.3013,2.3013,2.3013,2.3013,2.3013,2.3013,2.3013,2.3013,2.3013,2.3013,2.3013,2.3013,2.3013,2.3013,2.3013,2.3013,2.3013,2.3013,2.3013,2.3013,2.3013,2.3013,2.3013,2.3013,2.3013,2.3013,2.3013,2.3013,2.3013,2.3013,2.3013
Test loss: 2.3109,2.3013,2.3012,2.3012,2.3012,2.3012,2.3012,2.3012,2.3012,2.3012,2.3012,2.3012,2.3012,2.3012,2.3012,2.3012,2.3012,2.3012,2.3012,2.3012,2.3012,2.3012,2.3012,2.3012,2.3012,2.3012,2.3012,2.3012,2.3012,2.3012,2.3012,2.3012,2.3012,2.3012,2.3012,2.3012,2.3012,2.3012,2.3012,2.3012
Train accuracy: 9.0,11.2,11.2,11.2,11.2,11.2,11.2,11.2,11.2,11.2,11.2,11.2,11.2,11.2,11.2,11.2,11.2,11.2,11.2,11.2,11.2,11.2,11.2,11.2,11.2,11.2,11.2,11.2,11.2,11.2,11.2,11.2,11.2,11.2,11.2,11.2,11.2,11.2,11.2,11.2
Test accuracy: 8.9,11.3,11.3,11.3,11.3,11.3,11.3,11.3,11.3,11.3,11.3,11.3,11.3,11.3,11.3,11.3,11.3,11.3,11.3,11.3,11.3,11.3,11.3,11.3,11.3,11.3,11.3,11.3,11.3,11.3,11.3,11.3,11.3,11.3,11.3,11.3,11.3,11.3,11.3,11.3
Seed 6/10
Train loss: 1.735,1.6396,1.5837,1.5424,1.5165,1.4913,1.4653,1.4524,1.42,1.3942,1.3779,1.3847,1.3714,1.3377,1.3267,1.3262,1.303,1.2997,1.2941,1.2871,1.2797,1.2791,1.2821,1.2848,1.2672,1.2654,1.2595,1.2529,1.2516,1.2544,1.2657,1.2476,1.2515,1.2373,1.3,1.2357,1.2361,1.2357,1.2483,1.2307
Test loss: 1.7336,1.6849,1.6051,1.5776,1.5489,1.5302,1.5102,1.5258,1.5058,1.4789,1.4708,1.5872,1.5937,1.4802,1.4627,1.4494,1.4531,1.4681,1.4891,1.4623,1.4602,1.4856,1.4854,1.4915,1.4986,1.492,1.5059,1.4981,1.5157,1.5126,1.5617,1.5169,1.524,1.5286,1.646,1.5274,1.5193,1.5704,1.589,1.5556
Train accuracy: 27.9,29.0,25.7,36.1,38.1,39.9,41.6,41.3,43.3,44.9,45.0,43.5,44.5,45.9,46.3,45.8,46.0,46.5,46.8,46.7,46.5,47.0,46.6,46.7,47.3,46.9,47.3,47.2,47.4,47.6,47.8,47.6,47.3,47.5,47.8,47.7,47.5,47.8,47.6,47.8
Test accuracy: 27.3,28.8,25.9,36.2,38.1,39.3,40.8,39.9,41.5,43.5,43.5,42.1,42.9,44.7,45.1,44.6,44.7,45.1,45.3,45.1,45.2,45.5,45.1,45.0,45.5,45.2,45.6,45.6,45.5,45.7,45.8,45.7,45.5,45.5,45.9,45.7,45.4,46.0,45.6,45.8
Seed 7/10
Train loss: 1.7451,1.5767,1.5032,1.4562,1.4222,1.3923,1.3722,1.3492,1.329,1.3124,1.2966,1.2903,1.2781,1.2639,1.2526,1.254,1.2791,1.2509,1.2418,1.2419,1.244,1.2208,1.22,1.2158,1.2131,1.2013,1.2045,1.19,1.1944,1.1802,1.2048,1.1905,1.1998,1.1739,1.1721,1.1802,1.1652,1.1799,1.1654,1.1556
Test loss: 1.749,1.5884,1.5201,1.4836,1.4623,1.4448,1.4354,1.4276,1.4232,1.4246,1.4168,1.4232,1.4165,1.4275,1.4301,1.4304,1.4738,1.4497,1.4608,1.4745,1.4957,1.4478,1.4474,1.4735,1.4582,1.4403,1.4534,1.4536,1.4764,1.4658,1.5238,1.5116,1.4692,1.5176,1.5384,1.4819,1.501,1.537,1.4969,1.5132
Train accuracy: 32.9,33.5,36.6,38.0,39.1,40.4,41.4,42.6,43.2,43.6,43.7,44.5,44.3,44.9,45.6,45.2,46.2,45.8,46.4,47.2,46.7,47.1,46.9,48.3,47.4,48.2,47.9,48.5,48.9,49.1,48.6,48.8,48.1,49.2,49.9,48.7,49.9,49.1,49.9,50.2
Test accuracy: 33.0,33.7,37.1,38.0,38.9,39.9,40.8,41.5,42.3,42.4,42.5,43.0,42.7,43.1,44.0,43.7,44.4,44.0,44.3,45.2,44.7,44.7,44.3,45.8,44.9,45.7,45.6,46.0,46.1,46.2,45.7,45.7,45.3,46.4,46.5,45.8,46.7,46.2,46.4,46.9
Seed 8/10
Train loss: 1.7635,1.6362,1.5701,1.5329,1.5084,1.4695,1.4574,1.4316,1.4109,1.3912,1.3684,1.3642,1.3408,1.3248,1.3219,1.3052,1.2964,1.2911,1.2848,1.2758,1.2716,1.2756,1.2652,1.2624,1.2627,1.2712,1.2483,1.2526,1.2462,1.2496,1.2429,1.2537,1.2395,1.2419,1.242,1.2542,1.2358,1.227,1.2303,1.2238
Test loss: 1.8366,1.8325,1.7151,1.7337,1.9489,1.5335,1.5572,1.4965,1.4863,1.4535,1.442,1.426,1.4152,1.403,1.4013,1.3832,1.3827,1.3875,1.4002,1.3995,1.3981,1.413,1.4076,1.4014,1.4224,1.4249,1.4149,1.4198,1.43,1.4151,1.4595,1.4292,1.4639,1.4421,1.4509,1.4593,1.4364,1.4578,1.452,1.4554
Train accuracy: 23.0,29.0,31.2,34.4,36.1,37.0,38.0,39.1,40.0,41.0,42.8,42.8,44.4,44.2,44.5,44.9,45.1,45.3,45.7,46.0,45.7,45.7,46.0,45.8,46.2,45.6,46.5,46.3,46.6,46.2,46.5,46.1,46.5,46.5,46.2,46.1,46.7,46.9,46.6,46.9
Test accuracy: 23.6,29.2,30.9,34.1,35.7,36.5,37.4,38.6,39.3,40.1,42.0,41.7,43.3,43.0,43.5,43.8,43.9,44.0,44.3,44.4,44.2,44.2,44.3,44.2,44.5,43.9,44.6,44.6,44.6,44.4,44.6,44.1,44.5,44.7,44.3,44.1,44.7,44.9,44.6,44.7
Seed 9/10
Train loss: 1.7061,1.5526,1.4791,1.4271,1.3884,1.3565,1.3254,1.2966,1.2722,1.2495,1.2203,1.2047,1.1777,1.1763,1.1589,1.1384,1.1299,1.1251,1.1068,1.1029,1.0933,1.081,1.0811,1.0695,1.07,1.0602,1.0754,1.0552,1.0498,1.0543,1.079,1.0324,1.0227,1.0377,1.036,1.03,1.0317,1.0185,1.0277,1.0212
Test loss: 1.7287,1.6006,1.5402,1.4977,1.4586,1.4289,1.4253,1.4751,1.5083,1.4339,1.3279,1.3526,1.3007,1.3016,1.2919,1.265,1.2787,1.2782,1.2813,1.276,1.2754,1.2756,1.2826,1.2834,1.2894,1.2949,1.3205,1.3093,1.302,1.3049,1.3536,1.3008,1.2947,1.3057,1.3357,1.352,1.3323,1.3563,1.3702,1.3483
Train accuracy: 28.5,32.5,35.7,39.0,42.4,45.0,47.1,48.3,49.3,50.3,50.8,51.5,51.9,52.4,53.5,53.7,53.8,54.1,55.4,54.6,55.5,55.9,55.6,55.8,56.3,56.1,56.0,56.7,56.8,56.7,54.5,57.2,57.3,56.9,56.8,57.4,57.4,57.4,57.0,57.1
Test accuracy: 28.2,32.9,35.4,38.8,41.7,44.2,46.1,47.4,48.3,49.1,49.6,50.1,50.4,51.2,51.9,51.8,52.2,52.3,53.5,52.4,53.2,53.3,53.2,53.4,54.0,53.8,53.4,54.2,54.1,54.1,51.8,54.1,54.0,54.0,53.7,54.6,54.1,54.1,53.6,53.7
Seed 10/10
Train loss: 1.8238,1.5454,1.4644,1.4078,1.3538,1.2993,1.2657,1.2249,1.2018,1.1919,1.1856,1.1664,1.1426,1.1317,1.1253,1.1385,1.1176,1.0992,1.1237,1.0859,1.0766,1.0898,1.06,1.0645,1.0424,1.0403,1.0324,1.04,1.0279,1.0242,1.0449,1.0036,1.0142,1.0053,1.0053,1.0028,0.9992,0.9955,1.0001,0.9878
Test loss: 1.8241,1.5544,1.4824,1.4356,1.3921,1.3461,1.3234,1.2914,1.2784,1.2859,1.2942,1.2831,1.2743,1.2781,1.2803,1.3144,1.3004,1.2909,1.3323,1.3058,1.2987,1.3316,1.3037,1.3326,1.2997,1.3125,1.2959,1.3234,1.3281,1.3229,1.3785,1.3322,1.3229,1.3322,1.3611,1.3743,1.3654,1.3402,1.3657,1.3617
Train accuracy: 22.5,31.1,35.3,38.6,42.0,46.0,47.7,49.2,50.0,50.3,50.5,52.3,52.8,53.8,54.5,54.3,55.4,55.7,55.9,57.3,57.3,57.7,57.9,57.7,58.0,58.9,58.5,58.1,58.6,58.0,58.6,59.4,58.7,58.6,59.0,60.0,59.3,59.0,58.5,58.9
Test accuracy: 22.4,31.5,35.5,38.3,41.8,45.7,47.1,48.6,49.8,49.6,50.0,51.5,52.3,52.4,52.9,53.1,53.8,54.1,54.2,55.0,54.8,55.5,55.0,54.5,54.9,55.6,55.2,55.1,55.0,54.7,55.9,55.7,55.3,54.9,55.3,56.0,55.3,55.1,55.2,54.9
