Seed 1/10
Train loss: 0.4465,0.2655,0.1998,0.1662,0.1476,0.1403,0.1151,0.1058,0.081,0.0769,0.0704,0.0714,0.0713,0.0662,0.0655,0.0602,0.0663,0.0506,0.042,0.0448,0.0364,0.033,0.0338,0.0285,0.0344,0.0436,0.0317,0.0307,0.0243,0.0291,0.0251,0.0309,0.0226,0.0211,0.0285,0.0164,0.0278,0.0167,0.0216,0.0164
Test loss: 0.7165,0.3424,0.2827,0.2892,0.3461,0.5002,0.3637,0.496,0.2706,0.6976,0.7956,0.7918,0.419,0.8038,2.1444,0.9781,0.9105,0.5298,0.4336,1.1654,0.7713,0.7256,0.7218,0.4154,1.066,0.369,0.4329,0.5645,0.3538,0.393,0.3458,0.5498,0.2828,0.3076,1.4248,0.3658,0.9418,0.5126,0.2557,0.2444
Train accuracy: 86.4,92.4,94.3,95.2,95.8,95.9,96.6,96.8,97.7,97.8,97.9,97.9,97.9,98.1,98.1,98.2,98.1,98.6,98.8,98.8,99.1,99.1,99.1,99.3,99.1,98.8,99.2,99.2,99.4,99.3,99.4,99.2,99.5,99.5,99.3,99.7,99.3,99.7,99.5,99.7
Test accuracy: 86.2,91.9,93.4,94.1,94.5,94.5,95.0,95.2,96.0,95.9,95.8,95.9,95.9,95.7,95.9,96.0,95.8,96.2,96.0,96.0,96.4,96.2,96.1,96.1,96.1,95.9,96.0,96.2,96.1,96.1,96.3,96.0,96.2,96.3,96.3,96.5,96.2,96.5,96.2,96.3
Seed 2/10
Train loss: 0.5837,0.2827,0.1901,0.1555,0.1496,0.1525,0.1274,0.1429,0.089,0.0655,0.0615,0.0538,0.0541,0.0538,0.0513,0.0645,0.0603,0.0394,0.0408,0.0334,0.036,0.043,0.0358,0.0299,0.0247,0.0304,0.0377,0.0363,0.0241,0.0266,0.029,0.0247,0.0227,0.0212,0.0277,0.022,0.019,0.0237,0.0164,0.0362
Test loss: 0.5888,0.3623,0.2772,0.2495,0.4028,0.3456,0.3168,0.4344,0.2214,0.1684,0.2018,0.2114,0.1904,0.2689,0.2534,0.5818,0.6289,0.3663,0.2034,0.2427,0.2456,0.2502,0.215,0.2234,0.2897,0.2546,0.3394,0.2745,0.2273,0.3096,0.2856,0.2894,0.2355,0.2798,0.237,0.2442,0.2477,0.2786,0.2337,0.4209
Train accuracy: 88.1,93.3,95.5,96.3,96.3,96.0,96.6,96.1,97.5,98.2,98.3,98.6,98.5,98.6,98.6,98.3,98.3,99.0,99.0,99.1,99.1,98.9,99.1,99.3,99.5,99.2,99.0,99.1,99.4,99.4,99.3,99.4,99.4,99.5,99.3,99.5,99.6,99.5,99.6,99.0
Test accuracy: 89.2,93.8,96.0,96.2,96.1,95.5,95.9,95.1,95.9,96.2,96.5,96.5,96.1,96.3,96.3,96.1,96.1,96.3,96.5,96.3,96.5,96.3,96.4,96.5,96.7,96.7,96.1,96.2,96.4,96.6,96.3,96.4,96.4,96.5,96.2,96.4,96.5,96.2,96.5,96.2
Seed 3/10
Train loss: 0.9095,0.6547,0.5186,0.441,0.3921,0.3574,0.3221,0.2937,0.2814,0.2606,0.2234,0.219,0.2217,0.2251,0.1955,0.1698,0.1935,0.1657,0.1539,0.1546,0.1674,0.1437,0.1615,0.1419,0.1375,0.1427,0.1261,0.1338,0.1359,0.1178,0.1235,0.1157,0.1137,0.117,0.1111,0.1061,0.1026,0.1145,0.1545,0.108
Test loss: 1.0408,0.7406,0.599,0.5727,0.4722,0.4411,0.3856,0.3748,0.7574,0.3597,0.4911,0.5375,0.4709,0.5051,0.375,0.2967,0.3348,0.3156,0.2843,0.3058,0.3583,0.2988,0.418,0.3206,0.2785,0.32,0.2769,0.3272,0.3054,0.3449,0.3136,0.3857,0.3116,0.3028,0.3081,0.3011,0.3693,0.4117,0.3464,0.3015
Train accuracy: 74.8,85.0,88.6,91.3,92.2,92.7,93.7,94.1,94.2,94.5,95.3,95.2,94.9,94.7,95.6,96.2,95.5,96.3,96.4,96.4,96.1,96.8,96.1,96.7,96.8,96.7,97.2,96.9,96.9,97.4,97.2,97.4,97.5,97.3,97.6,97.7,97.8,97.4,96.1,97.6
Test accuracy: 74.4,84.8,87.8,90.6,91.4,91.7,92.7,92.9,92.5,92.8,93.5,93.1,92.9,92.3,93.3,94.0,93.3,93.6,93.7,93.8,93.5,94.0,93.3,93.8,94.0,93.4,93.9,93.8,93.3,94.0,93.7,93.9,93.9,94.0,94.1,94.0,94.1,93.8,93.1,94.0
Seed 4/10
Train loss: 0.9849,0.8203,0.6908,0.6224,0.5512,0.4869,0.4416,0.4158,0.3941,0.373,0.359,0.3479,0.3909,0.3337,0.3553,0.3172,0.3848,0.282,0.2784,0.2669,0.2722,0.247,0.2537,0.2576,0.2719,0.2543,0.2699,0.2281,0.2269,0.2236,0.2092,0.2071,0.2087,0.1957,0.2231,0.2066,0.1844,0.2003,0.1719,0.1724
Test loss: 1.1038,0.9014,0.8544,1.1516,1.2285,0.8805,0.8677,1.1219,0.7188,1.436,0.9826,1.6319,1.8649,1.1675,1.3846,1.2449,0.6842,1.2315,1.5616,1.5881,0.8877,1.0847,1.0208,0.9409,1.3377,0.987,1.2686,2.5154,0.7754,1.0908,0.6669,0.871,1.3491,0.6516,1.6402,0.5323,1.7503,0.4578,0.4568,0.6725
Train accuracy: 66.8,78.4,84.4,84.7,86.5,88.2,89.1,89.5,90.0,90.5,90.9,91.0,89.6,91.3,90.7,91.7,89.3,92.8,93.0,93.2,93.1,93.7,93.4,93.4,93.0,93.4,93.6,94.3,94.2,94.4,94.7,94.7,94.6,95.2,94.2,94.8,95.5,94.8,95.8,95.7
Test accuracy: 66.7,78.5,84.0,83.9,85.8,87.5,87.9,88.3,88.8,89.3,89.2,89.1,88.2,89.0,88.7,89.5,88.1,90.6,90.5,90.5,90.5,90.9,90.5,90.8,90.5,90.7,90.5,91.4,91.2,91.1,91.4,91.1,91.4,91.8,90.6,91.2,91.6,91.0,91.8,91.5
Seed 5/10
Train loss: 0.959,0.7155,0.5532,0.476,0.4183,0.3946,0.3651,0.3482,0.3305,0.2979,0.2849,0.2536,0.2569,0.2353,0.2234,0.2152,0.211,0.2221,0.2049,0.1995,0.1906,0.1777,0.1986,0.1771,0.1688,0.1794,0.1793,0.1696,0.177,0.1746,0.1605,0.159,0.1669,0.1682,0.1523,0.1443,0.1587,0.1679,0.1492,0.1542
Test loss: 1.2451,0.9552,0.6537,0.5352,0.5163,0.4601,0.6293,0.4732,0.4371,0.7805,0.4693,0.457,0.4394,0.4237,0.3895,0.4503,0.3879,0.3518,0.3797,0.4035,0.3348,0.3487,0.3497,0.3062,0.3075,0.3501,0.3579,0.3329,0.3288,0.3558,0.3491,0.3446,0.4093,0.3874,0.3282,0.3436,0.3761,0.3474,0.3845,0.3369
Train accuracy: 71.7,85.2,88.8,90.1,91.5,91.3,91.9,91.9,92.3,93.3,93.5,94.3,93.8,94.6,94.7,95.0,94.8,94.4,95.1,95.2,95.4,95.8,95.1,95.9,96.1,95.6,95.7,96.0,95.7,95.9,96.3,96.5,96.2,96.0,96.5,96.7,96.2,95.9,96.6,96.4
Test accuracy: 72.0,86.2,88.8,89.9,91.1,90.3,90.6,90.7,90.9,91.5,91.8,92.3,91.9,92.4,92.4,92.4,92.2,91.8,92.2,92.3,92.4,92.8,92.0,93.0,92.9,92.7,92.5,92.9,92.4,92.7,93.0,93.0,92.9,92.6,92.8,92.8,92.5,92.5,93.0,92.7
Seed 6/10
Train loss: 0.2814,0.1779,0.1438,0.1218,0.1028,0.0926,0.0799,0.0747,0.0757,0.0787,0.0651,0.0583,0.0504,0.0752,0.0478,0.0462,0.0517,0.0556,0.0379,0.0375,0.0361,0.0303,0.0266,0.0261,0.0286,0.027,0.0412,0.0287,0.026,0.0227,0.0255,0.0294,0.0268,0.0245,0.017,0.0267,0.0156,0.0165,0.0196,0.0202
Test loss: 0.3749,0.2644,0.2686,0.273,0.3487,0.2929,0.3359,0.3232,0.2202,0.2731,0.1804,0.1439,0.1586,0.2558,0.1617,0.1634,0.2197,0.1746,0.2026,0.2022,0.1921,0.2623,0.2482,0.2688,0.2303,0.2565,0.2157,0.1888,0.2228,0.2874,0.2351,0.2553,0.232,0.2292,0.2284,0.2228,0.165,0.1694,0.1932,0.2831
Train accuracy: 92.4,95.1,96.1,96.6,97.1,97.4,97.7,97.9,97.8,97.6,98.1,98.3,98.5,97.8,98.7,98.7,98.5,98.3,98.9,98.9,99.0,99.2,99.3,99.3,99.2,99.3,98.8,99.2,99.3,99.4,99.3,99.2,99.3,99.4,99.6,99.2,99.6,99.6,99.5,99.5
Test accuracy: 92.3,94.9,95.2,95.7,96.1,96.1,96.4,96.5,96.3,96.0,96.5,96.7,96.7,96.1,96.6,96.5,96.5,96.1,96.6,96.5,96.7,96.6,96.8,96.7,96.9,96.9,96.9,96.8,96.8,96.7,96.7,96.6,96.7,96.6,96.9,96.7,97.1,97.0,96.9,96.9
Seed 7/10
Train loss: 0.3726,0.2589,0.2087,0.1684,0.152,0.1449,0.1355,0.131,0.1081,0.0993,0.0919,0.0846,0.0758,0.0744,0.0711,0.0665,0.0616,0.0568,0.0615,0.065,0.0572,0.0481,0.0457,0.0522,0.0434,0.0468,0.0506,0.0453,0.0349,0.0405,0.032,0.0329,0.0318,0.0336,0.0452,0.0332,0.0321,0.0295,0.0263,0.0336
Test loss: 0.518,0.3914,0.3136,0.2978,0.2808,0.2355,0.2493,0.3064,0.2668,0.3186,0.2813,0.2228,0.2406,0.243,0.3106,0.2556,0.2351,0.2486,0.3941,0.3333,0.2925,0.2906,0.3161,0.3262,0.3054,0.3095,0.2834,0.3889,0.3504,0.3123,0.2995,0.7312,0.2652,0.2941,0.8251,0.2622,0.3527,0.383,0.6143,0.4692
Train accuracy: 88.9,92.5,94.0,95.2,95.7,95.9,96.2,96.3,97.0,97.3,97.3,97.6,97.8,97.9,98.0,98.0,98.2,98.4,98.3,98.2,98.4,98.7,98.7,98.6,98.8,98.8,98.7,98.8,99.1,98.9,99.2,99.2,99.3,99.2,98.9,99.1,99.2,99.3,99.4,99.2
Test accuracy: 89.0,92.1,93.5,94.4,94.8,94.6,94.7,94.7,95.2,95.3,95.2,95.6,95.5,95.5,95.5,95.4,95.5,95.7,95.5,95.3,95.3,95.5,95.8,95.6,95.6,95.9,95.6,95.6,95.8,95.5,95.8,95.9,95.7,95.8,95.4,95.6,95.5,95.7,96.0,95.5
Seed 8/10
Train loss: 0.8552,0.6536,0.5147,0.435,0.3775,0.3369,0.3092,0.2717,0.2521,0.2281,0.2176,0.2139,0.2081,0.2085,0.1849,0.1746,0.1683,0.163,0.1648,0.1638,0.172,0.147,0.1399,0.1648,0.1402,0.1394,0.1625,0.1466,0.1232,0.1474,0.1244,0.1171,0.1181,0.1226,0.1236,0.1141,0.1323,0.1196,0.146,0.1163
Test loss: 1.0282,0.9189,0.6017,1.0554,0.6421,0.6853,0.5565,0.6517,0.4409,0.4337,0.4752,0.33,0.6314,0.3762,0.6678,0.5771,0.6132,0.5661,0.7677,0.6589,0.3622,0.4869,0.5527,0.6566,0.445,0.3651,0.3752,0.4146,0.6457,3.0526,0.5474,0.5111,1.5466,0.4866,1.7415,1.141,0.5332,0.8084,0.7768,0.5575
Train accuracy: 78.5,85.3,89.8,91.1,92.0,92.6,93.2,94.1,94.3,94.8,94.9,94.9,94.8,94.7,95.4,95.6,95.8,96.1,95.9,95.8,95.6,96.5,96.7,95.7,96.6,96.6,95.9,96.3,97.1,96.3,97.0,97.2,97.3,97.1,97.0,97.3,96.7,97.1,96.2,97.2
Test accuracy: 78.2,84.8,89.0,90.4,90.6,91.3,91.6,92.4,92.4,92.8,92.8,92.7,92.1,91.9,92.8,92.7,92.6,92.6,92.4,92.8,92.4,93.3,93.4,92.4,93.4,93.2,93.0,92.5,93.4,92.4,93.3,93.2,93.2,92.9,92.9,93.1,93.1,93.1,92.9,93.0
Seed 9/10
Train loss: 0.9065,0.7666,0.6708,0.5981,0.5587,0.4805,0.4028,0.3206,0.2923,0.2589,0.2454,0.2194,0.2239,0.2069,0.2133,0.219,0.182,0.187,0.1694,0.1778,0.1715,0.1518,0.1577,0.1683,0.155,0.1384,0.1968,0.142,0.1627,0.1351,0.1251,0.1328,0.1457,0.1308,0.1254,0.185,0.1117,0.1285,0.1307,0.1265
Test loss: 0.9105,0.8599,0.7677,0.7411,0.6722,0.575,0.5622,0.576,0.4856,0.4434,0.4835,0.4769,0.4369,0.4439,0.5103,0.4962,0.4723,0.4526,0.4389,0.4888,0.4889,0.3904,0.4735,0.5141,0.5552,0.4496,0.5516,0.4778,0.5252,0.4786,0.5888,0.454,0.6833,0.8108,2.3958,0.6532,1.6311,1.1499,0.6399,1.2732
Train accuracy: 70.6,74.5,75.9,76.6,77.5,84.1,88.7,92.9,93.3,94.2,94.5,95.0,94.7,95.2,94.8,94.8,95.5,95.4,95.8,95.7,95.6,96.3,96.2,95.9,96.2,96.7,94.9,96.5,95.9,96.7,97.0,96.8,96.4,96.9,97.0,95.4,97.5,97.0,96.9,97.0
Test accuracy: 71.3,74.7,76.0,76.5,77.1,83.6,87.5,91.8,91.8,92.7,92.7,93.0,92.8,92.9,92.3,92.4,92.8,92.6,92.8,92.7,92.5,92.8,92.9,92.8,93.0,93.0,91.9,92.9,92.3,92.7,93.1,93.0,92.6,92.8,92.8,91.8,93.0,92.5,92.7,92.7
Seed 10/10
Train loss: 0.3608,0.2514,0.2055,0.1718,0.1462,0.1265,0.1062,0.0942,0.0916,0.0884,0.0802,0.0677,0.063,0.0533,0.0519,0.0539,0.0474,0.0422,0.0399,0.0415,0.0602,0.0314,0.0338,0.0306,0.0387,0.0341,0.0223,0.0369,0.0297,0.023,0.0241,0.0283,0.0277,0.0226,0.0214,0.0208,0.0213,0.0152,0.0259,0.0244
Test loss: 1.1534,0.7996,0.6137,0.5861,0.4665,0.4036,0.4012,0.3114,0.4447,0.3767,0.341,0.2295,0.2262,0.1881,0.2171,0.3357,0.1961,0.194,0.1955,0.2045,0.2185,0.1979,0.1911,0.2407,0.1978,0.1833,0.1616,0.3053,0.1666,0.1911,0.1754,0.1799,0.2301,0.2198,0.2222,0.2407,0.2077,0.2259,0.2136,0.2042
Train accuracy: 91.0,93.9,94.9,95.7,96.3,96.8,97.2,97.5,97.5,97.6,97.9,98.2,98.4,98.7,98.7,98.6,98.8,99.0,99.0,99.0,98.3,99.2,99.3,99.3,99.0,99.2,99.6,99.1,99.3,99.5,99.4,99.4,99.4,99.5,99.5,99.6,99.5,99.7,99.3,99.4
Test accuracy: 91.1,93.8,94.8,95.0,95.3,95.5,95.8,96.2,96.0,95.8,96.0,96.1,96.3,96.5,96.4,96.2,96.4,96.7,96.6,96.3,95.5,96.5,96.6,96.4,96.2,96.6,96.8,96.1,96.3,96.8,96.5,96.3,96.5,96.5,96.6,96.8,96.5,96.9,96.1,96.6
