Seed 1/10
Train loss: 0.4143,0.2429,0.1713,0.1456,0.1225,0.112,0.1067,0.1045,0.1005,0.0836,0.0722,0.0686,0.0752,0.061,0.0545,0.0529,0.058,0.0584,0.0446,0.0409,0.0546,0.044,0.0474,0.0423,0.0453,0.0466,0.0409,0.0309,0.0341,0.0468,0.039,0.0366,0.0302,0.0385,0.0304,0.0261,0.0261,0.0312,0.025,0.0341
Test loss: 0.4506,0.2786,0.2331,0.2296,0.1937,0.197,0.2087,0.2387,0.2734,0.2413,0.3311,0.2539,0.4473,0.2775,0.269,0.3723,0.2663,0.3004,0.2465,0.2358,0.3851,0.2484,0.3774,0.2993,0.2752,0.3135,0.3347,0.268,0.3863,0.3261,0.4014,0.3238,0.4648,0.3515,0.8047,0.6044,0.374,0.7318,0.4172,0.5781
Train accuracy: 92.1,94.6,95.9,96.3,96.8,97.1,97.2,97.3,97.4,97.8,98.0,98.2,98.0,98.4,98.6,98.7,98.5,98.5,98.9,99.0,98.5,98.9,98.8,98.9,98.9,98.8,99.0,99.3,99.2,98.8,99.0,99.1,99.3,99.0,99.3,99.4,99.4,99.3,99.4,99.2
Test accuracy: 92.1,94.3,95.5,95.8,96.2,96.2,96.0,96.0,95.9,96.1,96.4,96.3,96.2,96.4,96.3,96.6,96.3,96.1,96.6,96.5,96.1,96.3,96.5,96.2,96.3,96.1,96.3,96.6,96.2,96.1,96.3,96.2,96.3,96.3,96.6,96.5,96.5,96.5,96.6,96.3
Seed 2/10
Train loss: 0.2413,0.1774,0.1333,0.1057,0.0892,0.0713,0.0525,0.0456,0.0411,0.0331,0.0317,0.0279,0.0253,0.0246,0.0259,0.0232,0.0207,0.0209,0.0138,0.0115,0.0138,0.0217,0.0162,0.0123,0.0154,0.013,0.0081,0.0168,0.0104,0.0082,0.011,0.0046,0.0043,0.0078,0.0052,0.011,0.0038,0.0038,0.0032,0.0101
Test loss: 0.3075,0.3477,0.2521,0.2632,0.2251,0.1942,0.1482,0.1641,0.2552,0.1454,0.1767,0.146,0.448,0.1545,0.1549,0.1474,0.1743,0.1335,0.192,0.1492,0.154,0.219,0.1611,0.2025,0.1816,0.292,0.1486,0.1644,0.1663,0.2676,0.1458,0.1888,0.2673,0.2825,0.1576,0.2923,0.1861,0.1721,0.1992,0.1688
Train accuracy: 93.5,95.3,96.3,97.0,97.5,98.0,98.5,98.8,98.8,99.1,99.1,99.2,99.3,99.3,99.3,99.3,99.5,99.4,99.7,99.7,99.7,99.5,99.6,99.7,99.6,99.7,99.8,99.5,99.7,99.8,99.7,99.9,99.9,99.8,99.9,99.7,99.9,99.9,99.9,99.7
Test accuracy: 93.4,94.8,95.8,96.3,96.6,96.9,97.0,97.4,97.0,97.3,97.3,97.4,97.7,97.5,97.3,97.4,97.7,97.5,97.8,97.7,97.6,97.4,97.7,97.7,97.6,97.7,97.8,97.5,97.9,97.9,97.8,97.9,97.9,97.7,97.9,97.7,98.0,97.8,97.9,97.7
Seed 3/10
Train loss: 0.2495,0.1124,0.0697,0.0536,0.0452,0.038,0.0387,0.0366,0.0223,0.0172,0.0134,0.0104,0.0142,0.0085,0.0084,0.0074,0.0077,0.0062,0.0078,0.0054,0.0049,0.0035,0.013,0.004,0.0072,0.0019,0.0015,0.002,0.0042,0.002,0.0012,0.0009,0.0076,0.0035,0.0013,0.0012,0.0008,0.0038,0.0016,0.0011
Test loss: 0.2584,0.1442,0.1192,0.1156,0.1107,0.1079,0.1281,0.1301,0.111,0.1029,0.1032,0.0967,0.1199,0.1088,0.1108,0.1187,0.1016,0.1071,0.0937,0.11,0.0911,0.0924,0.2141,0.1132,0.1428,0.1243,0.1042,0.1241,0.107,0.1614,0.121,0.1512,0.1513,0.1208,0.1268,0.1284,0.1413,0.1388,0.1095,0.0949
Train accuracy: 92.4,96.7,97.9,98.3,98.6,98.8,98.8,98.9,99.4,99.5,99.6,99.7,99.6,99.8,99.8,99.8,99.8,99.8,99.8,99.9,99.9,99.9,99.7,99.9,99.9,100.0,100.0,100.0,99.9,100.0,100.0,100.0,99.8,99.9,100.0,100.0,100.0,99.9,100.0,100.0
Test accuracy: 91.9,96.4,97.3,97.5,97.6,97.8,97.6,97.5,97.9,98.1,98.2,98.1,98.2,98.1,98.1,98.1,98.3,98.4,98.3,98.3,98.4,98.4,98.2,98.2,98.1,98.3,98.5,98.3,98.2,98.4,98.4,98.5,98.1,98.2,98.4,98.5,98.4,98.4,98.5,98.5
Seed 4/10
Train loss: 0.5444,0.296,0.2152,0.1767,0.146,0.1213,0.107,0.0932,0.0864,0.0834,0.0767,0.0736,0.0749,0.0699,0.0632,0.0551,0.073,0.045,0.0593,0.0518,0.0413,0.0463,0.0313,0.0315,0.0404,0.042,0.0439,0.025,0.0267,0.0268,0.0301,0.0301,0.0247,0.0229,0.0354,0.0238,0.0168,0.0393,0.0267,0.021
Test loss: 0.594,0.3558,0.3164,0.3269,0.2565,0.227,0.2158,0.2237,0.2895,0.2984,0.2722,0.2921,0.2952,0.2641,0.3557,0.313,0.3601,0.3068,0.386,0.3357,0.3379,0.3011,0.3603,0.3204,0.3721,0.3816,0.3658,0.342,0.3623,0.6247,0.3559,0.3505,0.3707,0.3616,0.3766,0.4104,0.3472,0.3942,0.3235,0.5154
Train accuracy: 87.5,93.5,95.0,95.6,96.3,96.9,97.2,97.5,97.8,97.8,98.0,98.1,97.9,98.2,98.3,98.5,98.1,98.8,98.5,98.8,99.0,98.8,99.2,99.1,99.0,99.0,98.9,99.4,99.4,99.3,99.3,99.3,99.4,99.4,99.2,99.4,99.6,99.1,99.3,99.5
Test accuracy: 87.6,93.4,94.3,94.9,95.4,95.8,95.8,96.0,96.1,95.9,96.1,96.0,96.0,95.9,96.0,96.1,95.7,96.3,96.1,96.3,96.3,96.1,96.4,96.3,96.2,96.3,96.3,96.5,96.3,96.3,96.7,96.6,96.3,96.6,96.4,96.5,96.5,96.2,96.5,96.4
Seed 5/10
Train loss: 0.5749,0.3673,0.2687,0.1962,0.1591,0.1401,0.1258,0.1128,0.108,0.1085,0.0919,0.0779,0.087,0.0712,0.0694,0.0798,0.0735,0.0631,0.0573,0.0623,0.0602,0.0557,0.0588,0.0585,0.0516,0.0517,0.0443,0.0378,0.0369,0.0332,0.0319,0.0343,0.0535,0.0412,0.0495,0.0405,0.0448,0.0247,0.0353,0.0289
Test loss: 0.5762,0.4084,0.3096,0.2371,0.2423,0.2882,0.3735,0.4579,0.4558,0.3457,0.3597,0.9966,0.4542,0.5045,0.5115,0.9552,1.5722,1.4056,0.7773,1.0047,3.2126,2.4963,0.4227,1.2412,0.8571,0.4757,1.1438,0.9347,0.6216,0.8317,0.8356,0.9443,0.5722,0.7873,0.5895,0.9548,0.9675,0.8553,1.2278,0.6725
Train accuracy: 85.6,91.8,94.2,95.4,96.2,96.5,96.8,97.1,97.1,97.1,97.7,98.0,97.7,98.2,98.2,98.0,98.1,98.4,98.6,98.4,98.4,98.6,98.5,98.6,98.8,98.7,98.9,99.1,99.1,99.3,99.3,99.2,98.7,99.0,98.8,99.1,98.9,99.5,99.2,99.4
Test accuracy: 86.4,91.8,94.0,95.0,95.5,95.5,95.6,95.6,95.5,95.3,95.8,95.8,95.5,95.8,95.7,95.6,95.5,95.8,95.8,95.8,95.5,95.5,95.5,95.6,95.8,95.9,95.8,96.0,96.0,95.8,95.9,95.9,95.5,95.7,95.7,95.8,95.6,96.0,96.1,95.8
Seed 6/10
Train loss: 1.4004,0.8941,0.6016,0.5232,0.4616,0.4094,0.3868,0.3205,0.2921,0.2645,0.2544,0.2461,0.2331,0.2414,0.2126,0.206,0.2099,0.1972,0.1844,0.1921,0.1646,0.1807,0.1813,0.1743,0.1554,0.1585,0.1744,0.1574,0.1598,0.175,0.137,0.1521,0.1408,0.1345,0.1385,0.1356,0.1342,0.138,0.167,0.1331
Test loss: 1.3927,0.8891,0.6087,0.5435,0.494,0.4545,0.4414,0.3904,0.3779,0.3594,0.3606,0.3587,0.3575,0.3856,0.365,0.3766,0.3936,0.3911,0.3921,0.413,0.3921,0.4131,0.4261,0.403,0.4252,0.4277,0.4724,0.4402,0.4309,0.4778,0.4203,0.462,0.4326,0.4213,0.4742,0.4476,0.4487,0.4512,0.535,0.493
Train accuracy: 43.4,69.5,87.5,88.5,89.0,90.1,90.2,92.8,93.6,94.1,93.8,94.4,94.3,94.1,94.9,95.2,95.3,95.5,95.7,95.5,96.1,95.8,95.7,95.8,96.3,96.4,95.9,96.3,96.0,95.9,96.7,96.5,96.6,96.7,96.8,96.8,96.8,96.7,96.1,96.8
Test accuracy: 43.2,69.7,87.6,88.2,88.2,89.1,89.2,91.6,92.2,92.4,91.8,92.4,92.1,91.9,92.6,92.9,92.7,92.9,93.1,92.9,93.0,93.1,92.6,92.4,93.0,93.2,92.7,93.1,92.7,92.8,92.9,93.0,93.0,92.9,93.3,92.8,92.9,93.0,92.2,93.1
Seed 7/10
Train loss: 0.418,0.2526,0.2108,0.1768,0.158,0.1391,0.1177,0.1011,0.1003,0.0791,0.0793,0.0699,0.0631,0.0756,0.0682,0.0535,0.0481,0.0483,0.0553,0.0413,0.048,0.0438,0.0317,0.0372,0.0428,0.0319,0.0337,0.0262,0.0289,0.0276,0.0294,0.0307,0.0263,0.0262,0.0395,0.0292,0.0239,0.0232,0.0455,0.019
Test loss: 0.4624,0.3381,0.3591,0.3352,0.4221,0.4226,0.3794,0.3296,0.3493,0.2775,0.2234,0.2772,0.2422,0.3029,0.3105,0.2294,0.2588,0.2983,0.3662,0.2796,0.2674,0.2578,0.2525,0.2648,0.2693,0.2892,0.3157,0.3585,0.3201,0.3733,0.305,0.3602,0.3162,0.2862,0.401,0.2728,0.2783,0.3219,0.4246,0.2743
Train accuracy: 90.6,94.0,94.8,95.4,95.8,96.2,96.7,97.2,97.2,97.9,97.8,98.1,98.3,97.9,98.2,98.6,98.8,98.7,98.5,99.0,98.7,98.8,99.3,99.1,98.9,99.3,99.2,99.4,99.4,99.4,99.3,99.3,99.4,99.4,99.1,99.3,99.5,99.5,98.8,99.7
Test accuracy: 90.5,93.9,94.4,94.8,95.0,95.4,95.6,95.9,95.9,96.1,96.1,96.0,96.2,96.0,95.9,96.3,96.3,96.2,95.9,96.2,96.2,96.2,96.5,96.3,96.2,96.2,96.2,96.3,96.3,96.4,96.4,96.3,96.4,96.4,96.1,96.3,96.5,96.2,95.9,96.3
Seed 8/10
Train loss: 0.1794,0.1095,0.0868,0.0672,0.0557,0.0519,0.0399,0.0366,0.0331,0.0293,0.0254,0.0291,0.027,0.0168,0.0218,0.0158,0.0117,0.0076,0.0126,0.0204,0.0114,0.0072,0.0075,0.0069,0.0048,0.0103,0.004,0.0064,0.0074,0.0064,0.0053,0.0033,0.0156,0.0068,0.0044,0.006,0.0033,0.0062,0.0026,0.0056
Test loss: 0.2431,0.1679,0.1411,0.1338,0.1101,0.14,0.1035,0.106,0.1337,0.1262,0.1066,0.1205,0.1279,0.1319,0.1332,0.0994,0.1023,0.1132,0.1645,0.1435,0.1684,0.11,0.1772,0.1416,0.1292,0.1981,0.1881,0.1509,0.1212,0.1549,0.1501,0.1749,0.166,0.1919,0.2053,0.148,0.2064,0.2233,0.1759,0.1944
Train accuracy: 95.0,97.0,97.6,98.1,98.4,98.4,98.8,98.9,99.0,99.2,99.3,99.2,99.2,99.6,99.4,99.6,99.7,99.8,99.7,99.4,99.7,99.9,99.8,99.8,99.9,99.8,99.9,99.9,99.8,99.9,99.9,99.9,99.6,99.8,99.9,99.9,100.0,99.8,100.0,99.9
Test accuracy: 95.0,96.7,97.0,97.6,97.4,97.5,97.7,97.9,97.9,97.8,98.0,97.6,97.9,98.0,97.8,98.0,98.0,98.1,97.9,97.7,98.0,98.1,98.0,98.0,98.0,97.9,98.0,97.9,98.0,97.8,97.9,97.9,97.7,97.9,97.8,97.8,98.1,97.7,98.1,98.0
Seed 9/10
Train loss: 0.2341,0.1562,0.1171,0.0882,0.0698,0.0634,0.0526,0.0528,0.0388,0.0332,0.0359,0.0335,0.0319,0.0244,0.0203,0.0187,0.0228,0.0211,0.018,0.0248,0.0144,0.0106,0.0117,0.0122,0.0266,0.0088,0.0148,0.0102,0.0143,0.0099,0.0083,0.0081,0.0103,0.0151,0.0065,0.0087,0.0105,0.0066,0.0086,0.0067
Test loss: 0.2874,0.2014,0.1761,0.1419,0.1599,0.198,0.1641,0.2263,0.1952,0.1371,0.2474,0.2267,0.2266,0.184,0.1879,0.1356,0.188,0.165,0.2106,0.1622,0.1477,0.1591,0.2498,0.1712,0.1773,0.1492,0.3054,0.2102,0.1755,0.1634,0.1917,0.1687,0.1575,0.2835,0.1939,0.1658,0.1749,0.169,0.2033,0.1811
Train accuracy: 93.4,95.6,96.7,97.6,98.0,98.2,98.5,98.4,98.9,99.1,99.0,99.1,99.0,99.3,99.5,99.5,99.4,99.4,99.5,99.2,99.6,99.7,99.7,99.7,99.2,99.8,99.7,99.7,99.6,99.8,99.8,99.8,99.7,99.6,99.8,99.8,99.7,99.8,99.8,99.8
Test accuracy: 93.3,95.4,96.5,97.0,97.2,97.1,97.3,97.2,97.4,97.4,97.3,97.3,97.4,97.4,97.5,97.6,97.2,97.5,97.5,97.5,97.6,97.5,97.7,97.6,97.3,97.8,97.5,97.6,97.5,97.7,97.7,97.7,97.7,97.3,97.5,97.5,97.7,97.6,97.7,97.3
Seed 10/10
Train loss: 0.2214,0.139,0.1042,0.0801,0.0594,0.0492,0.0423,0.0368,0.0331,0.0356,0.0373,0.0252,0.0233,0.0234,0.0237,0.0192,0.0144,0.0141,0.0128,0.0173,0.0111,0.0063,0.0094,0.0324,0.0075,0.0155,0.003,0.0072,0.0099,0.0036,0.0038,0.0031,0.014,0.0069,0.0051,0.0043,0.0036,0.007,0.0025,0.0043
Test loss: 0.6101,0.2454,0.2135,0.1746,0.1623,0.1437,0.1595,0.1753,0.1478,0.1592,0.1962,0.1469,0.1548,0.1755,0.1596,0.1411,0.1581,0.221,0.1757,0.2007,0.1493,0.2308,0.1597,0.187,0.1507,0.1808,0.1738,0.2104,0.1412,0.1552,0.1841,0.1819,0.1516,0.1581,0.1527,0.1748,0.1618,0.1673,0.161,0.1719
Train accuracy: 94.0,96.1,97.0,97.7,98.3,98.6,98.8,99.0,99.1,99.0,99.0,99.3,99.3,99.3,99.4,99.5,99.7,99.7,99.7,99.5,99.8,99.9,99.8,99.1,99.9,99.6,100.0,99.9,99.8,100.0,100.0,100.0,99.6,99.8,99.9,99.9,99.9,99.8,100.0,99.9
Test accuracy: 94.0,95.9,96.6,97.0,97.4,97.5,97.5,97.6,97.4,97.2,97.3,97.4,97.6,97.6,97.6,97.7,97.8,97.9,97.8,97.6,97.7,97.8,97.8,97.2,97.9,97.4,97.9,97.8,97.8,97.9,97.8,97.8,97.8,97.8,97.9,98.0,97.9,97.7,98.0,97.9
