Seed 1/10
Train loss: 0.2089,0.1532,0.1272,0.0954,0.075,0.0545,0.0432,0.0395,0.0346,0.0342,0.032,0.0299,0.0224,0.026,0.0185,0.0223,0.0167,0.0169,0.0188,0.0144,0.019,0.0134,0.0187,0.0112,0.0168,0.0088,0.0152,0.0108,0.012,0.0098,0.0067,0.0073,0.007,0.0111,0.0061,0.0121,0.0048,0.0117,0.006,0.0075
Test loss: 0.2118,0.1641,0.1514,0.1304,0.1152,0.1036,0.0964,0.1014,0.1127,0.117,0.1167,0.1226,0.1204,0.1277,0.1217,0.129,0.1318,0.1265,0.1413,0.1372,0.146,0.1355,0.1406,0.1467,0.1638,0.1438,0.1553,0.1465,0.1603,0.1575,0.1482,0.136,0.1506,0.1589,0.1514,0.1662,0.1477,0.1683,0.1392,0.1515
Train accuracy: 93.8,95.2,96.1,97.2,97.7,98.3,98.6,98.8,98.9,98.9,99.0,99.0,99.3,99.2,99.4,99.3,99.5,99.4,99.4,99.5,99.4,99.5,99.4,99.7,99.5,99.7,99.5,99.7,99.7,99.7,99.8,99.8,99.8,99.7,99.8,99.7,99.9,99.6,99.8,99.8
Test accuracy: 93.7,94.8,95.5,96.5,96.9,97.4,97.5,97.5,97.4,97.4,97.3,97.5,97.6,97.3,97.6,97.4,97.7,97.7,97.6,97.5,97.7,97.6,97.6,97.6,97.5,97.9,97.5,97.6,97.5,97.6,97.7,97.7,97.8,97.7,97.8,97.7,98.0,97.5,97.9,97.8
Seed 2/10
Train loss: 0.1938,0.1294,0.1064,0.1088,0.0945,0.0759,0.0777,0.0527,0.0504,0.0419,0.0325,0.0429,0.0318,0.0456,0.0296,0.0306,0.0179,0.015,0.0286,0.0327,0.0145,0.0118,0.02,0.0168,0.0144,0.0128,0.0134,0.014,0.0138,0.0114,0.0122,0.0153,0.0125,0.01,0.0083,0.0075,0.0074,0.0065,0.007,0.0072
Test loss: 0.1988,0.1443,0.1251,0.1327,0.1259,0.1154,0.1253,0.1047,0.1066,0.1058,0.1039,0.1264,0.1019,0.1238,0.1158,0.1229,0.1061,0.1053,0.1368,0.1248,0.1275,0.1089,0.1394,0.1434,0.1262,0.1377,0.1415,0.1385,0.1391,0.1493,0.1474,0.1504,0.1483,0.1472,0.1378,0.1445,0.153,0.1516,0.1555,0.1468
Train accuracy: 94.3,96.2,96.8,96.7,97.1,97.7,97.6,98.4,98.4,98.7,99.0,98.7,99.0,98.6,99.0,98.9,99.4,99.5,99.1,99.0,99.5,99.6,99.4,99.5,99.5,99.6,99.6,99.5,99.6,99.7,99.6,99.5,99.6,99.7,99.7,99.8,99.8,99.8,99.8,99.8
Test accuracy: 94.2,95.6,96.3,96.1,96.5,96.8,96.7,97.3,97.2,97.5,97.5,97.2,97.7,97.2,97.3,97.3,97.8,97.8,97.2,97.5,97.5,97.8,97.5,97.4,97.7,97.6,97.7,97.6,97.4,97.6,97.4,97.6,97.6,97.7,97.8,97.8,97.7,97.6,97.5,97.6
Seed 3/10
Train loss: 0.8547,0.6562,0.5157,0.4432,0.4029,0.3612,0.3303,0.3015,0.2989,0.286,0.2494,0.2675,0.2606,0.2305,0.2265,0.2234,0.2072,0.209,0.2016,0.2041,0.1977,0.185,0.1811,0.1811,0.1856,0.1802,0.1851,0.1568,0.177,0.162,0.1624,0.1637,0.1501,0.1513,0.1452,0.1397,0.1547,0.143,0.1735,0.1413
Test loss: 0.8552,0.6623,0.5343,0.468,0.4331,0.3928,0.3645,0.3423,0.3461,0.3354,0.3052,0.3355,0.332,0.303,0.3077,0.3042,0.2898,0.307,0.2962,0.3007,0.2986,0.2893,0.2941,0.2939,0.3038,0.3112,0.3154,0.2853,0.3073,0.303,0.2978,0.3036,0.2965,0.3068,0.3083,0.3055,0.3224,0.3123,0.3409,0.3171
Train accuracy: 75.1,84.3,89.1,90.7,91.3,91.7,92.1,92.8,92.6,92.6,93.7,92.9,93.1,93.9,94.1,94.2,94.5,94.5,94.7,94.7,94.8,95.2,95.3,95.3,95.1,95.3,95.1,96.0,95.3,95.8,95.7,95.6,96.0,96.1,96.2,96.3,95.9,96.2,95.4,96.1
Test accuracy: 75.5,84.5,88.7,90.1,90.4,90.7,91.2,91.6,91.5,91.4,92.0,91.4,91.5,92.3,92.3,92.4,92.7,92.3,92.6,92.7,92.7,93.1,93.1,93.0,92.7,92.7,92.5,93.2,92.8,92.6,93.0,92.8,92.9,92.9,92.9,93.2,92.8,93.1,92.2,92.9
Seed 4/10
Train loss: 0.2108,0.1844,0.1443,0.1276,0.1041,0.0701,0.0827,0.0538,0.0553,0.0606,0.0556,0.0485,0.0411,0.0279,0.0365,0.0395,0.0338,0.0247,0.025,0.0209,0.0191,0.0214,0.0165,0.0346,0.0118,0.0181,0.0137,0.0154,0.0142,0.0186,0.0108,0.0194,0.0262,0.0089,0.0114,0.01,0.0085,0.0183,0.0079,0.0068
Test loss: 0.2108,0.2009,0.1689,0.1579,0.141,0.1126,0.1308,0.1088,0.1091,0.1278,0.1307,0.1339,0.1229,0.1217,0.133,0.1532,0.1424,0.1353,0.1404,0.125,0.1344,0.1434,0.1394,0.1728,0.1218,0.135,0.1323,0.1474,0.126,0.1501,0.1407,0.1604,0.1709,0.1503,0.1603,0.1561,0.1489,0.1643,0.168,0.1476
Train accuracy: 94.1,94.4,95.6,96.1,96.9,97.9,97.4,98.4,98.3,98.1,98.3,98.5,98.7,99.2,98.9,98.8,99.0,99.2,99.2,99.4,99.4,99.4,99.5,99.0,99.7,99.4,99.6,99.5,99.6,99.4,99.7,99.5,99.2,99.7,99.7,99.7,99.8,99.5,99.8,99.8
Test accuracy: 93.8,93.9,95.0,95.3,95.8,96.8,96.3,97.0,96.9,96.7,96.9,96.8,97.0,97.2,97.1,97.0,97.2,97.4,97.4,97.5,97.3,97.3,97.5,97.1,97.7,97.4,97.4,97.4,97.5,97.4,97.5,97.2,97.1,97.4,97.3,97.5,97.5,97.2,97.4,97.5
Seed 5/10
Train loss: 0.1417,0.0779,0.058,0.0479,0.039,0.0348,0.0244,0.0252,0.0208,0.015,0.0182,0.0146,0.0112,0.0131,0.0102,0.0174,0.0083,0.0102,0.0072,0.0081,0.0131,0.0128,0.0053,0.009,0.0071,0.0043,0.0028,0.0059,0.0075,0.0057,0.0116,0.0032,0.0038,0.0023,0.0111,0.0036,0.0043,0.0014,0.0074,0.0101
Test loss: 0.1411,0.0912,0.075,0.0746,0.075,0.0715,0.0711,0.0784,0.0761,0.0766,0.0804,0.0824,0.0752,0.0799,0.0801,0.0993,0.0939,0.0899,0.097,0.0996,0.1034,0.101,0.1033,0.1131,0.1012,0.1017,0.0963,0.0911,0.1044,0.1021,0.1176,0.1009,0.1037,0.1119,0.1236,0.1085,0.1093,0.1104,0.1246,0.1405
Train accuracy: 95.8,97.6,98.2,98.4,98.7,98.8,99.2,99.1,99.3,99.5,99.4,99.5,99.6,99.6,99.7,99.5,99.7,99.7,99.8,99.7,99.6,99.6,99.8,99.7,99.8,99.9,99.9,99.8,99.8,99.8,99.6,99.9,99.9,99.9,99.7,99.9,99.8,100.0,99.7,99.7
Test accuracy: 95.7,97.3,97.8,97.7,97.9,98.1,98.1,98.0,98.1,98.3,98.1,98.1,98.3,98.2,98.3,98.1,98.2,98.2,98.2,98.3,98.2,98.2,98.3,98.1,98.3,98.3,98.3,98.4,98.3,98.3,98.1,98.4,98.4,98.3,98.3,98.2,98.3,98.3,98.2,98.0
Seed 6/10
Train loss: 0.2422,0.1331,0.1046,0.0779,0.0657,0.051,0.0504,0.057,0.0346,0.0345,0.032,0.0246,0.0244,0.0345,0.0217,0.018,0.0197,0.0153,0.0204,0.0166,0.0137,0.0168,0.0142,0.015,0.0134,0.0083,0.0123,0.0094,0.0096,0.0065,0.0101,0.0151,0.0075,0.0116,0.0063,0.0057,0.0058,0.0065,0.0064,0.0066
Test loss: 0.2425,0.1407,0.1216,0.104,0.0968,0.0929,0.0943,0.1071,0.0917,0.0988,0.1013,0.0953,0.1015,0.1201,0.1049,0.1014,0.1117,0.1124,0.1213,0.117,0.1115,0.1216,0.1177,0.1209,0.1285,0.1113,0.1273,0.1199,0.1203,0.1112,0.1299,0.1349,0.124,0.1339,0.127,0.1234,0.1292,0.1243,0.1337,0.1288
Train accuracy: 93.0,96.0,96.8,97.6,98.0,98.4,98.5,98.3,98.9,98.9,99.0,99.2,99.2,98.9,99.3,99.5,99.4,99.5,99.4,99.5,99.6,99.5,99.6,99.5,99.6,99.7,99.6,99.7,99.7,99.8,99.7,99.6,99.8,99.6,99.8,99.8,99.8,99.8,99.8,99.8
Test accuracy: 92.8,95.7,96.3,97.0,97.2,97.4,97.4,97.2,97.5,97.7,97.5,97.7,97.8,97.5,97.7,97.8,97.8,97.9,97.8,97.8,98.0,97.9,97.8,97.9,97.9,98.0,97.9,98.0,97.9,98.2,97.9,98.0,98.0,97.9,98.0,98.0,98.0,98.0,98.0,98.0
Seed 7/10
Train loss: 0.4495,0.2688,0.1804,0.1497,0.1309,0.1267,0.131,0.1177,0.1172,0.1026,0.1009,0.0895,0.0801,0.0862,0.0778,0.0705,0.0589,0.0876,0.0568,0.0646,0.0639,0.0596,0.0517,0.0586,0.0627,0.0451,0.0441,0.0454,0.0427,0.0447,0.0372,0.0426,0.0405,0.0424,0.0334,0.054,0.0292,0.049,0.0323,0.0565
Test loss: 0.4533,0.2889,0.2046,0.1788,0.1682,0.1668,0.1688,0.1663,0.1728,0.1721,0.1694,0.1727,0.1704,0.1755,0.1737,0.171,0.1665,0.2006,0.1674,0.1829,0.1921,0.1894,0.1964,0.1934,0.2179,0.19,0.1964,0.1949,0.1974,0.2011,0.1908,0.1989,0.205,0.2165,0.2087,0.2224,0.2102,0.2322,0.2179,0.2296
Train accuracy: 85.6,92.3,94.7,95.6,96.1,96.1,96.0,96.4,96.3,96.9,96.7,97.3,97.5,97.4,97.6,97.8,98.2,97.3,98.2,98.0,98.0,98.1,98.5,98.2,98.0,98.6,98.7,98.7,98.7,98.6,98.8,98.7,98.8,98.7,99.0,98.4,99.1,98.6,99.0,98.4
Test accuracy: 85.4,92.0,94.1,94.9,95.0,95.1,95.0,95.3,95.3,95.2,95.4,95.5,95.7,95.6,95.7,95.7,96.1,95.5,96.1,95.8,95.8,95.9,95.9,95.8,95.5,96.2,96.0,96.1,96.1,96.1,96.2,96.0,96.0,95.9,96.1,95.8,96.1,95.9,96.0,95.5
Seed 8/10
Train loss: 0.1201,0.0775,0.0532,0.0472,0.0426,0.0357,0.0343,0.0239,0.0213,0.018,0.0138,0.0135,0.0122,0.0095,0.0084,0.0123,0.0109,0.0119,0.008,0.0127,0.0193,0.0043,0.0064,0.0158,0.0144,0.0063,0.0075,0.0105,0.0052,0.0082,0.004,0.0053,0.0224,0.0049,0.0046,0.0016,0.0036,0.0118,0.008,0.0037
Test loss: 0.116,0.0835,0.0688,0.0698,0.0746,0.07,0.0752,0.0715,0.0753,0.0715,0.0729,0.0821,0.073,0.0753,0.0751,0.0846,0.0944,0.0858,0.0908,0.0991,0.1129,0.0813,0.0895,0.112,0.1041,0.0919,0.1011,0.1046,0.0961,0.1132,0.1009,0.1089,0.1385,0.1072,0.1044,0.0961,0.1141,0.1194,0.1172,0.101
Train accuracy: 96.4,97.6,98.4,98.6,98.7,98.9,98.9,99.2,99.3,99.4,99.6,99.6,99.6,99.7,99.7,99.6,99.7,99.7,99.7,99.6,99.4,99.9,99.8,99.5,99.6,99.8,99.8,99.7,99.9,99.7,99.9,99.8,99.5,99.9,99.9,100.0,99.9,99.6,99.8,99.9
Test accuracy: 96.4,97.5,97.9,98.1,98.0,98.1,98.0,98.1,98.2,98.2,98.2,98.2,98.3,98.4,98.5,98.2,98.2,98.3,98.3,98.2,98.0,98.6,98.5,98.2,98.3,98.4,98.3,98.1,98.3,98.2,98.5,98.3,97.9,98.5,98.5,98.5,98.3,98.2,98.3,98.5
Seed 9/10
Train loss: 1.0212,0.6731,0.5439,0.492,0.4145,0.3702,0.3345,0.3152,0.3013,0.2816,0.2615,0.2402,0.234,0.22,0.2351,0.2157,0.2075,0.1962,0.2005,0.2148,0.2137,0.1941,0.1834,0.1821,0.1808,0.1746,0.1806,0.1727,0.1651,0.1732,0.1897,0.156,0.1721,0.1572,0.1635,0.1552,0.1627,0.1408,0.1485,0.1481
Test loss: 1.0271,0.6718,0.5623,0.5102,0.4453,0.4016,0.3699,0.361,0.3468,0.3386,0.3213,0.3029,0.296,0.2966,0.3156,0.2956,0.2974,0.2941,0.2959,0.3048,0.3179,0.3077,0.2954,0.2936,0.3059,0.3015,0.3053,0.2975,0.3037,0.3145,0.3263,0.2991,0.3314,0.304,0.3128,0.3105,0.3146,0.2962,0.3279,0.3113
Train accuracy: 70.3,84.1,87.2,87.9,89.9,90.9,91.7,91.6,92.0,92.5,93.0,93.5,93.6,94.1,93.5,94.1,94.3,94.5,94.4,93.9,94.2,94.6,94.9,94.9,94.9,95.3,95.0,95.2,95.3,95.2,94.7,95.7,95.4,95.5,95.4,95.6,95.4,96.2,96.0,95.8
Test accuracy: 70.4,84.0,86.6,86.8,89.0,90.1,90.6,90.7,90.8,91.0,91.6,92.1,92.2,92.3,91.8,92.3,92.3,92.1,92.0,91.6,91.7,92.1,92.5,92.2,92.3,92.4,92.4,92.5,92.5,92.4,92.0,92.8,92.3,92.5,92.4,92.3,92.5,92.6,92.3,92.8
Seed 10/10
Train loss: 0.2376,0.1274,0.1021,0.0794,0.0775,0.0682,0.0564,0.0436,0.048,0.0391,0.0345,0.0253,0.0323,0.0251,0.0238,0.0264,0.0172,0.0272,0.0309,0.0232,0.024,0.0105,0.0164,0.0144,0.0216,0.0158,0.0169,0.0193,0.0124,0.0142,0.0072,0.011,0.0097,0.0053,0.0222,0.0099,0.0111,0.0083,0.0062,0.0125
Test loss: 0.2303,0.1256,0.1083,0.0965,0.1015,0.0988,0.0925,0.0884,0.1006,0.1037,0.1017,0.1054,0.1107,0.1088,0.1156,0.1144,0.1059,0.1206,0.1349,0.1239,0.1473,0.1217,0.1398,0.1284,0.1366,0.1291,0.1494,0.1635,0.1504,0.1322,0.1312,0.1421,0.1455,0.1404,0.1574,0.152,0.1493,0.1523,0.1591,0.1701
Train accuracy: 92.7,96.1,96.8,97.5,97.5,97.8,98.2,98.6,98.5,98.7,98.9,99.2,99.0,99.2,99.2,99.2,99.4,99.1,99.1,99.3,99.3,99.7,99.5,99.6,99.3,99.5,99.5,99.4,99.6,99.6,99.8,99.6,99.7,99.8,99.3,99.7,99.7,99.7,99.8,99.6
Test accuracy: 93.1,96.2,96.7,97.1,96.9,97.0,97.4,97.5,97.2,97.4,97.5,97.5,97.6,97.4,97.5,97.5,97.9,97.5,97.5,97.6,97.3,97.7,97.4,97.5,97.6,97.7,97.4,97.2,97.5,97.7,97.8,97.6,97.5,97.8,97.5,97.5,97.6,97.7,97.6,97.6
