Seed 1/10
Train loss: 0.1166,0.0766,0.0576,0.0473,0.0351,0.0288,0.022,0.02,0.0192,0.0159,0.0127,0.0136,0.0156,0.0069,0.0096,0.006,0.0075,0.0057,0.004,0.0068,0.0032,0.0049,0.0027,0.0048,0.002,0.0014,0.0111,0.003,0.0018,0.0009,0.01,0.0022,0.0009,0.0005,0.0025,0.0023,0.0024,0.0027,0.0028,0.002
Test loss: 0.1767,0.1572,0.1057,0.122,0.1303,0.1397,0.0978,0.1004,0.0839,0.1179,0.1141,0.2043,0.2418,0.1484,0.1282,0.1192,0.1318,0.1393,0.2023,0.1875,0.1255,0.1437,0.1317,0.1083,0.1299,0.1268,0.2045,0.1823,0.1207,0.207,0.1922,0.1119,0.1022,0.1092,0.1204,0.1483,0.1313,0.1566,0.1026,0.1279
Train accuracy: 96.8,97.8,98.3,98.6,98.9,99.2,99.4,99.4,99.4,99.5,99.6,99.6,99.5,99.8,99.7,99.9,99.8,99.9,99.9,99.8,99.9,99.9,100.0,99.9,100.0,100.0,99.7,99.9,100.0,100.0,99.7,99.9,100.0,100.0,100.0,100.0,99.9,99.9,100.0,100.0
Test accuracy: 96.5,97.6,97.6,97.5,97.7,97.9,98.1,98.1,98.0,98.0,98.1,98.2,98.1,98.4,98.3,98.4,98.3,98.4,98.5,98.2,98.4,98.2,98.6,98.4,98.5,98.4,97.9,98.3,98.5,98.6,97.9,98.5,98.5,98.5,98.5,98.4,98.3,98.4,98.5,98.5
Seed 2/10
Train loss: 0.0913,0.0612,0.0431,0.0371,0.028,0.0234,0.0223,0.0159,0.0132,0.0127,0.0082,0.0096,0.0053,0.0068,0.0051,0.008,0.0081,0.0043,0.0042,0.0033,0.0042,0.0031,0.005,0.003,0.0023,0.0034,0.0011,0.0004,0.0003,0.0033,0.0013,0.0014,0.0024,0.0004,0.0003,0.0002,0.0002,0.0032,0.0007,0.0002
Test loss: 0.1057,0.0774,0.0672,0.0641,0.0603,0.0813,0.073,0.0687,0.0598,0.0987,0.0697,0.0867,0.0682,0.076,0.0781,0.0892,0.1432,0.0702,0.0718,0.0774,0.0948,0.0805,0.0838,0.0739,0.0652,0.0751,0.0791,0.08,0.0725,0.0758,0.0716,0.0705,0.0882,0.0883,0.0825,0.1017,0.1055,0.0754,0.0943,0.0963
Train accuracy: 97.3,98.2,98.7,98.8,99.1,99.3,99.3,99.5,99.6,99.7,99.8,99.7,99.9,99.8,99.9,99.8,99.8,99.9,99.9,99.9,99.9,99.9,99.9,99.9,100.0,99.9,100.0,100.0,100.0,99.9,100.0,100.0,99.9,100.0,100.0,100.0,100.0,99.9,100.0,100.0
Test accuracy: 97.3,97.8,98.2,98.1,98.3,98.4,98.4,98.5,98.6,98.4,98.3,98.5,98.5,98.6,98.5,98.4,98.5,98.6,98.6,98.5,98.5,98.6,98.5,98.5,98.5,98.6,98.7,98.7,98.7,98.5,98.6,98.6,98.4,98.8,98.7,98.7,98.7,98.6,98.7,98.8
Seed 3/10
Train loss: 0.4856,0.2665,0.1795,0.1547,0.1483,0.1425,0.1325,0.1206,0.1095,0.1002,0.1052,0.0887,0.0668,0.0743,0.0718,0.0607,0.0506,0.0532,0.0559,0.1231,0.0439,0.0498,0.0448,0.0376,0.0533,0.032,0.0299,0.0356,0.0304,0.0388,0.0314,0.0304,0.0237,0.032,0.0272,0.0366,0.0233,0.0225,0.023,0.0215
Test loss: 0.5549,0.307,0.2698,0.2159,0.2481,0.3449,0.3747,0.5956,0.3881,0.3492,0.6231,0.4257,0.3208,0.7553,0.413,0.4334,0.3018,0.3889,0.636,0.8048,0.5784,0.4258,0.4037,0.2794,0.3727,0.2394,0.2477,0.2608,0.3592,0.2353,0.2424,0.276,0.3157,0.2311,0.2302,0.3083,0.2455,0.2934,0.2434,0.2372
Train accuracy: 87.9,92.5,94.9,95.6,95.7,96.0,96.2,96.6,97.0,97.3,97.1,97.6,98.2,98.0,98.1,98.3,98.6,98.6,98.5,97.1,98.9,98.7,98.8,99.1,98.7,99.2,99.3,99.1,99.3,99.0,99.2,99.2,99.5,99.2,99.3,99.1,99.5,99.5,99.5,99.5
Test accuracy: 88.3,92.2,94.3,94.9,94.9,94.9,95.0,95.3,95.7,95.7,95.4,95.8,96.1,95.9,95.9,95.9,96.3,96.2,95.9,94.5,96.1,95.9,96.0,96.0,95.8,96.2,96.2,96.1,96.1,95.8,96.2,96.2,96.2,96.0,96.0,96.0,96.2,96.1,96.1,96.0
Seed 4/10
Train loss: 0.0684,0.0386,0.0286,0.023,0.0181,0.0123,0.0143,0.0128,0.0072,0.0064,0.0052,0.0069,0.0051,0.0033,0.0013,0.0008,0.0104,0.0021,0.0047,0.0021,0.0025,0.0009,0.0009,0.0024,0.0026,0.0007,0.0001,0.0001,0.0001,0.0001,0.0,0.0,0.0,0.0,0.0,0.002,0.0006,0.0002,0.0001,0.0
Test loss: 0.0792,0.0583,0.0492,0.0539,0.0538,0.0566,0.0684,0.0558,0.061,0.0707,0.0516,0.0793,0.0777,0.0578,0.0795,0.0798,0.0858,0.0643,0.1031,0.0734,0.0707,0.1361,0.0965,0.0791,0.0919,0.0698,0.0614,0.0628,0.0636,0.0659,0.0694,0.0721,0.0805,0.0821,0.0962,0.1143,0.0727,0.0781,0.0794,0.0791
Train accuracy: 97.9,98.8,99.1,99.3,99.5,99.6,99.6,99.6,99.8,99.8,99.9,99.8,99.9,99.9,100.0,100.0,99.7,100.0,99.9,100.0,99.9,100.0,100.0,99.9,99.9,100.0,100.0,100.0,100.0,100.0,100.0,100.0,100.0,100.0,100.0,100.0,100.0,100.0,100.0,100.0
Test accuracy: 97.8,98.4,98.6,98.5,98.6,98.7,98.5,98.5,98.7,98.9,98.7,98.7,98.7,98.8,98.9,98.9,98.5,98.7,98.7,98.6,98.7,98.8,98.9,98.9,98.7,98.8,99.0,99.0,99.0,99.0,99.0,99.0,99.0,99.0,98.9,98.7,98.8,98.9,99.0,99.0
Seed 5/10
Train loss: 0.0871,0.0618,0.0418,0.0379,0.0245,0.0201,0.0184,0.0153,0.0133,0.0097,0.0056,0.0072,0.0062,0.0058,0.0052,0.0058,0.0043,0.0037,0.0017,0.0044,0.0023,0.0022,0.0015,0.0021,0.0032,0.0011,0.0006,0.0006,0.0037,0.0006,0.0002,0.0002,0.0001,0.0002,0.002,0.0003,0.0002,0.0001,0.0001,0.0001
Test loss: 0.0954,0.0866,0.0691,0.0958,0.0769,0.0583,0.0645,0.0755,0.0692,0.058,0.0662,0.067,0.0679,0.0759,0.1197,0.0722,0.0945,0.0899,0.0707,0.0757,0.0937,0.0881,0.0824,0.1048,0.1232,0.1358,0.1501,0.108,0.1691,0.1222,0.1568,0.1531,0.1457,0.1696,0.146,0.1144,0.122,0.1299,0.1377,0.1439
Train accuracy: 97.4,98.2,98.8,98.8,99.3,99.4,99.5,99.6,99.6,99.7,99.9,99.8,99.8,99.9,99.9,99.8,99.9,99.9,100.0,99.9,100.0,100.0,100.0,100.0,99.9,100.0,100.0,100.0,99.9,100.0,100.0,100.0,100.0,100.0,100.0,100.0,100.0,100.0,100.0,100.0
Test accuracy: 97.3,97.9,98.2,98.1,98.3,98.4,98.5,98.5,98.5,98.6,98.6,98.6,98.6,98.7,98.5,98.7,98.8,98.6,98.7,98.5,98.9,98.8,98.7,98.7,98.7,98.8,98.8,98.8,98.5,98.9,98.8,98.9,98.9,98.9,98.7,99.0,99.0,99.0,99.0,99.0
Seed 6/10
Train loss: 0.1144,0.067,0.0439,0.0355,0.029,0.0294,0.0223,0.0155,0.0136,0.0112,0.0081,0.0101,0.0047,0.0048,0.0052,0.0021,0.0045,0.0053,0.001,0.0006,0.0004,0.0003,0.0427,0.0069,0.0008,0.0011,0.0042,0.0009,0.0007,0.0003,0.0072,0.0012,0.0002,0.0001,0.0001,0.0001,0.0001,0.0001,0.0,0.0
Test loss: 0.1473,0.0991,0.0965,0.0758,0.0845,0.0911,0.0886,0.0707,0.0797,0.0795,0.0804,0.1056,0.1066,0.0707,0.0777,0.0758,0.0723,0.091,0.1331,0.1158,0.125,0.1048,0.3896,0.1287,0.0986,0.1565,0.0891,0.0985,0.0959,0.0902,0.1233,0.0761,0.0758,0.0819,0.0934,0.0956,0.1006,0.105,0.0992,0.105
Train accuracy: 96.7,98.0,98.7,98.9,99.1,99.1,99.3,99.5,99.6,99.7,99.8,99.7,99.9,99.9,99.9,100.0,99.9,99.9,100.0,100.0,100.0,100.0,98.8,99.8,100.0,100.0,99.9,100.0,100.0,100.0,99.8,100.0,100.0,100.0,100.0,100.0,100.0,100.0,100.0,100.0
Test accuracy: 96.7,97.8,98.3,98.3,98.2,98.2,98.3,98.4,98.4,98.6,98.6,98.4,98.7,98.7,98.5,98.7,98.7,98.7,98.8,98.7,98.7,98.8,97.7,98.6,98.9,98.7,98.5,98.8,98.7,98.8,98.5,98.7,98.8,98.8,98.8,98.8,98.8,98.8,98.8,98.8
Seed 7/10
Train loss: 0.1377,0.0926,0.0614,0.047,0.0354,0.0259,0.0208,0.0181,0.0162,0.0131,0.0157,0.008,0.0092,0.0081,0.0059,0.009,0.0048,0.0061,0.0043,0.0039,0.0044,0.0036,0.0026,0.0023,0.0042,0.003,0.0023,0.0018,0.0058,0.0033,0.0023,0.0011,0.0021,0.0027,0.0013,0.0011,0.0011,0.0024,0.0018,0.001
Test loss: 0.1672,0.1218,0.0979,0.0812,0.1292,0.0718,0.1016,0.0757,0.0822,0.0681,0.0976,0.0805,0.206,0.1571,0.2672,0.1318,0.1212,0.0787,0.1229,0.1533,0.1183,0.1355,0.0876,0.1033,0.1033,0.1399,0.1222,0.1785,0.1003,0.1236,0.0799,0.0713,0.0851,0.0806,0.08,0.0744,0.0909,0.0753,0.0876,0.0814
Train accuracy: 95.9,97.4,98.3,98.6,99.0,99.3,99.4,99.5,99.6,99.6,99.6,99.8,99.8,99.8,99.9,99.7,99.9,99.8,99.9,99.9,99.9,99.9,99.9,100.0,99.9,99.9,100.0,100.0,99.8,99.9,99.9,100.0,100.0,99.9,100.0,100.0,100.0,99.9,100.0,100.0
Test accuracy: 96.2,97.6,98.1,98.2,98.3,98.5,98.6,98.5,98.4,98.5,98.4,98.7,98.7,98.7,98.8,98.5,98.8,98.6,98.6,98.8,98.8,98.8,98.7,98.7,98.6,98.7,98.8,98.8,98.5,98.8,98.7,98.9,98.8,98.8,98.9,99.0,98.9,98.9,98.9,98.8
Seed 8/10
Train loss: 0.1145,0.0723,0.0532,0.0419,0.0335,0.0289,0.018,0.0166,0.0123,0.009,0.0076,0.0081,0.0117,0.0051,0.0054,0.0066,0.0052,0.0033,0.0056,0.0066,0.0046,0.0036,0.0043,0.0008,0.0004,0.0003,0.0047,0.0008,0.0003,0.0002,0.0001,0.0001,0.0016,0.0012,0.0002,0.0001,0.0001,0.0001,0.0001,0.0216
Test loss: 0.1198,0.0977,0.1142,0.1589,0.1889,0.0897,0.118,0.0893,0.0932,0.08,0.096,0.0822,0.0788,0.0796,0.1572,0.1288,0.0875,0.1168,0.1605,0.1696,0.1149,0.1244,0.1931,0.1792,0.2501,0.3825,0.26,0.2257,0.175,0.1781,0.2029,0.2934,0.085,0.1435,0.1101,0.1318,0.1526,0.1801,0.2314,0.2399
Train accuracy: 96.7,98.0,98.5,98.9,99.0,99.2,99.5,99.5,99.7,99.8,99.8,99.8,99.6,99.9,99.9,99.8,99.9,99.9,99.9,99.8,99.9,99.9,99.9,100.0,100.0,100.0,99.9,100.0,100.0,100.0,100.0,100.0,100.0,100.0,100.0,100.0,100.0,100.0,100.0,99.6
Test accuracy: 97.0,98.1,98.3,98.4,98.3,98.4,98.5,98.5,98.5,98.5,98.6,98.7,98.5,98.7,98.5,98.6,98.7,98.7,98.5,98.6,98.5,98.4,98.7,98.8,98.9,98.8,98.6,98.8,98.9,99.0,99.0,98.9,98.9,98.9,99.0,99.0,99.0,99.0,99.0,98.1
Seed 9/10
Train loss: 0.1254,0.063,0.043,0.0362,0.0281,0.0209,0.0188,0.0158,0.0185,0.014,0.0074,0.0072,0.0051,0.009,0.0053,0.0045,0.0033,0.0034,0.0031,0.0078,0.0039,0.0023,0.0018,0.0051,0.0032,0.0011,0.0029,0.002,0.0011,0.0035,0.0048,0.002,0.0009,0.0008,0.0005,0.0004,0.0113,0.0032,0.0007,0.0003
Test loss: 0.1283,0.0852,0.0772,0.0695,0.0725,0.0835,0.0802,0.0903,0.0788,0.0739,0.067,0.0745,0.0585,0.1145,0.0809,0.0768,0.0915,0.0932,0.0716,0.1172,0.095,0.0867,0.0956,0.0826,0.1169,0.0766,0.0734,0.079,0.0713,0.0952,0.0917,0.0893,0.0756,0.079,0.0635,0.0718,0.1056,0.0896,0.083,0.0784
Train accuracy: 96.2,98.2,98.7,98.9,99.1,99.4,99.4,99.5,99.4,99.6,99.8,99.8,99.9,99.7,99.9,99.9,99.9,99.9,99.9,99.8,99.9,100.0,100.0,99.9,99.9,100.0,99.9,100.0,100.0,99.9,99.9,100.0,100.0,100.0,100.0,100.0,99.6,99.9,100.0,100.0
Test accuracy: 96.4,98.0,98.3,98.4,98.4,98.5,98.4,98.5,98.4,98.4,98.7,98.5,98.7,98.3,98.5,98.7,98.6,98.7,98.6,98.6,98.6,98.8,98.7,98.5,98.7,98.8,98.7,98.6,98.6,98.6,98.5,98.7,98.8,98.9,98.8,98.8,98.2,98.6,98.8,98.9
Seed 10/10
Train loss: 0.1354,0.0791,0.063,0.0435,0.0356,0.0262,0.022,0.0189,0.0178,0.0135,0.0126,0.0095,0.0101,0.0085,0.0067,0.007,0.005,0.0099,0.0034,0.0053,0.0052,0.0044,0.0037,0.0039,0.0051,0.0034,0.0026,0.0033,0.0018,0.0074,0.0026,0.0006,0.0027,0.0031,0.0008,0.0007,0.0076,0.0016,0.0011,0.0005
Test loss: 0.2291,0.1135,0.0945,0.0803,0.0756,0.0766,0.0765,0.0744,0.0802,0.0896,0.1155,0.0867,0.1202,0.0932,0.0874,0.1066,0.0989,0.142,0.0811,0.1073,0.0832,0.0904,0.0896,0.0881,0.0992,0.0906,0.0861,0.1258,0.0859,0.0951,0.0987,0.0844,0.094,0.0834,0.0801,0.0833,0.2206,0.0923,0.0923,0.0853
Train accuracy: 96.3,97.7,98.2,98.7,98.9,99.2,99.4,99.5,99.5,99.6,99.7,99.8,99.7,99.8,99.8,99.8,99.9,99.8,99.9,99.9,99.9,99.9,99.9,99.9,99.9,99.9,100.0,99.9,100.0,99.8,99.9,100.0,100.0,99.9,100.0,100.0,99.8,100.0,100.0,100.0
Test accuracy: 96.5,97.6,97.8,98.1,98.1,98.4,98.3,98.3,98.2,98.3,98.3,98.3,98.3,98.4,98.4,98.3,98.3,98.1,98.5,98.5,98.4,98.4,98.6,98.4,98.4,98.5,98.5,98.5,98.6,98.2,98.4,98.7,98.4,98.4,98.7,98.7,98.4,98.6,98.5,98.6
