Seed 1/10
Train loss: 1.6752,1.5465,1.466,1.3388,1.29,1.1966,1.1547,1.1178,1.1061,1.0952,1.053,1.069,1.0259,1.0064,0.9996,0.9939,0.9723,0.974,0.9718,0.9396,0.9489,0.9549,0.9265,0.9355,0.9249,0.9413,0.9197,0.9209,0.9049,0.9032,0.9056,0.8981,0.9035,0.8798,0.8775,0.8844,0.8821,0.882,0.8628,0.8622
Test loss: 1.677,1.5523,1.4743,1.3472,1.3069,1.2204,1.1808,1.1567,1.1467,1.1457,1.1215,1.137,1.0991,1.0943,1.0901,1.0923,1.0746,1.0785,1.0838,1.0579,1.0719,1.0886,1.0601,1.0785,1.0708,1.0853,1.0724,1.079,1.0716,1.0584,1.0735,1.0707,1.0756,1.0663,1.0729,1.0771,1.0698,1.0747,1.0706,1.0672
Train accuracy: 24.6,30.0,32.7,41.2,42.2,50.7,52.2,52.6,53.1,52.1,54.0,52.7,55.9,55.7,56.2,56.4,57.0,57.4,56.4,58.6,57.7,56.2,58.7,58.4,59.0,57.5,58.5,58.8,59.4,59.4,58.7,59.0,58.8,60.3,60.2,59.9,60.0,60.3,61.8,61.8
Test accuracy: 24.2,29.8,32.9,40.5,41.2,49.6,51.4,51.4,51.5,50.2,51.6,50.7,53.4,53.0,53.4,53.5,53.7,54.1,53.1,54.9,54.5,52.8,54.4,54.7,54.9,54.0,54.2,54.6,55.0,54.8,54.2,54.6,54.4,55.5,55.1,54.9,54.7,55.4,57.0,56.5
Seed 2/10
Train loss: 2.3033,2.3013,2.3012,2.3012,2.3012,2.3012,2.3012,2.3012,2.3012,2.3012,2.3012,2.3012,2.3013,2.3012,2.3012,2.3012,2.3012,2.3012,2.3012,2.3012,2.3012,2.3012,2.3012,2.3012,2.3012,2.3012,2.3012,2.3012,2.3012,2.3013,2.3013,2.3012,2.3012,2.3012,2.3012,2.3012,2.3012,2.3012,2.3012,2.3012
Test loss: 2.3029,2.3011,2.301,2.3011,2.301,2.301,2.3011,2.301,2.3011,2.301,2.3011,2.301,2.3012,2.301,2.3011,2.301,2.3011,2.3011,2.3011,2.3011,2.3011,2.301,2.3012,2.301,2.3011,2.3011,2.3011,2.301,2.3011,2.3011,2.3012,2.3012,2.3011,2.3011,2.3011,2.3011,2.3011,2.3011,2.3011,2.301
Train accuracy: 9.7,11.2,11.2,11.2,11.2,11.2,11.2,11.2,11.2,11.2,11.2,11.2,11.2,11.2,11.2,11.2,11.2,11.2,11.2,11.2,11.2,11.2,11.2,11.2,11.2,11.2,11.2,11.2,11.2,11.2,11.2,11.2,11.2,11.2,11.2,11.2,11.2,11.2,11.2,11.2
Test accuracy: 9.8,11.3,11.3,11.3,11.3,11.3,11.3,11.3,11.3,11.3,11.3,11.3,11.3,11.3,11.3,11.3,11.3,11.3,11.3,11.3,11.3,11.3,11.3,11.3,11.3,11.3,11.3,11.3,11.3,11.3,11.3,11.3,11.3,11.3,11.3,11.3,11.3,11.3,11.3,11.3
Seed 3/10
Train loss: 1.8596,1.762,1.7153,1.6962,1.6835,1.6755,1.6701,1.6408,1.5642,1.5086,1.3785,1.3426,1.3015,1.2807,1.2583,1.238,1.234,1.2232,1.2309,1.2182,1.1987,1.201,1.1874,1.1989,1.1933,1.1807,1.1732,1.1755,1.1697,1.1801,1.16,1.1554,1.1612,1.1579,1.1566,1.157,1.1598,1.1558,1.1515,1.1573
Test loss: 1.8626,1.7638,1.7181,1.7048,1.6928,1.6816,1.6839,1.6369,1.5673,1.511,1.3983,1.3565,1.319,1.2991,1.2802,1.2691,1.2683,1.2662,1.2804,1.2661,1.2504,1.2583,1.2489,1.2623,1.2591,1.2507,1.2459,1.2567,1.2451,1.2609,1.2559,1.2517,1.2493,1.2557,1.2569,1.2574,1.2691,1.2677,1.2613,1.2651
Train accuracy: 23.2,30.7,30.9,31.0,31.2,31.4,31.3,35.8,36.6,38.2,44.9,44.8,46.4,46.7,47.2,47.8,47.7,48.0,47.3,47.8,48.4,48.3,48.8,48.7,48.9,48.9,49.2,49.1,49.3,49.2,49.4,49.5,49.6,49.5,49.6,49.6,49.3,49.6,49.6,49.7
Test accuracy: 23.4,30.6,30.7,30.8,30.9,31.2,30.9,35.9,36.6,38.3,44.4,45.0,46.2,46.6,47.0,47.5,47.2,47.3,46.6,47.1,47.5,47.6,47.7,47.5,47.8,47.4,47.8,47.6,48.0,47.7,47.6,47.7,48.0,47.5,47.7,47.7,47.5,47.5,47.5,47.4
Seed 4/10
Train loss: 2.3025,2.3012,2.3012,2.3012,2.3012,2.3012,2.3012,2.3012,2.3012,2.3012,2.3012,2.3012,2.3012,2.3012,2.3012,2.3012,2.3012,2.3012,2.3012,2.3012,2.3012,2.3012,2.3012,2.3012,2.3012,2.3012,2.3012,2.3012,2.3012,2.3012,2.3012,2.3012,2.3012,2.3012,2.3012,2.3012,2.3012,2.3012,2.3012,2.3012
Test loss: 2.3026,2.3011,2.3011,2.3012,2.3012,2.3011,2.3011,2.3011,2.3011,2.301,2.3011,2.301,2.3011,2.3011,2.3011,2.3011,2.3011,2.3011,2.3011,2.3011,2.301,2.3011,2.3011,2.301,2.3011,2.301,2.3011,2.3011,2.3011,2.3011,2.3011,2.3011,2.3011,2.3012,2.3011,2.3011,2.3011,2.3011,2.3011,2.3011
Train accuracy: 11.2,11.2,11.2,11.2,11.2,11.2,11.2,11.2,11.2,11.2,11.2,11.2,11.2,11.2,11.2,11.2,11.2,11.2,11.2,11.2,11.2,11.2,11.2,11.2,11.2,11.2,11.2,11.2,11.2,11.2,11.2,11.2,11.2,11.2,11.2,11.2,11.2,11.2,11.2,11.2
Test accuracy: 11.3,11.3,11.3,11.3,11.3,11.3,11.3,11.3,11.3,11.3,11.3,11.3,11.3,11.3,11.3,11.3,11.3,11.3,11.3,11.3,11.3,11.3,11.3,11.3,11.3,11.3,11.3,11.3,11.3,11.3,11.3,11.3,11.3,11.3,11.3,11.3,11.3,11.3,11.3,11.3
Seed 5/10
Train loss: 0.9994,0.6586,0.5143,0.4547,0.4228,0.4011,0.3099,0.3056,0.299,0.2615,0.2879,0.2426,0.257,0.2294,0.2209,0.2198,0.2376,0.2164,0.1887,0.1929,0.238,0.191,0.1885,0.1602,0.1726,0.1367,0.1385,0.1303,0.1312,0.151,0.1473,0.1621,0.1257,0.1443,0.1233,0.1131,0.1173,0.1182,0.1153,0.1352
Test loss: 0.9963,0.6651,0.5312,0.482,0.4562,0.4471,0.3663,0.3596,0.3659,0.3452,0.3731,0.3467,0.3635,0.3468,0.3491,0.3496,0.3725,0.3789,0.3502,0.3669,0.4058,0.3786,0.3875,0.3612,0.3846,0.3611,0.3544,0.3621,0.3713,0.3979,0.4052,0.4349,0.4007,0.4119,0.4092,0.4039,0.4137,0.4104,0.4141,0.4386
Train accuracy: 62.7,76.9,82.5,84.1,85.0,86.3,91.7,91.3,91.6,92.8,91.4,93.0,92.3,93.3,93.6,93.5,92.9,93.6,94.6,94.3,92.7,94.6,94.4,95.5,95.0,96.2,96.0,96.4,96.4,95.4,95.9,95.2,96.5,96.1,96.6,96.9,96.8,96.6,96.7,96.0
Test accuracy: 62.6,76.0,81.9,83.2,84.0,85.5,90.4,90.3,90.6,91.0,89.8,91.0,90.6,91.0,91.1,91.2,90.4,90.6,91.4,91.1,90.0,91.3,91.0,91.9,91.3,92.2,92.1,92.3,92.1,91.1,91.7,91.1,91.9,91.7,92.1,91.9,91.9,92.1,92.1,91.1
Seed 6/10
Train loss: 1.8241,1.6916,1.6145,1.5846,1.5079,1.3827,1.2163,1.1788,1.1546,1.1286,1.0999,1.0844,1.0459,1.0371,1.0301,1.0109,0.9933,1.0013,0.9988,0.9807,0.9834,0.998,0.9575,0.9523,0.9878,0.9475,0.9365,0.9449,0.9575,0.9607,0.9276,0.9362,0.9423,0.9202,0.9188,0.9233,0.9076,0.9091,0.9218,0.9084
Test loss: 1.8219,1.6982,1.621,1.6017,1.5266,1.3977,1.2354,1.2023,1.1857,1.1652,1.1414,1.1286,1.0995,1.0888,1.0949,1.0762,1.0647,1.0767,1.0731,1.0627,1.0683,1.0894,1.0522,1.0527,1.0868,1.0609,1.0538,1.062,1.0712,1.0684,1.0461,1.0624,1.065,1.0544,1.0547,1.0635,1.0522,1.0511,1.0711,1.0563
Train accuracy: 26.6,28.6,33.9,34.8,41.2,46.1,48.7,47.8,51.9,51.9,54.6,54.5,57.2,56.9,57.4,58.4,59.1,58.7,58.5,59.6,58.9,58.1,60.3,60.9,59.0,61.2,61.2,61.1,60.0,60.4,61.3,60.9,60.7,61.6,61.7,61.6,62.3,62.1,61.7,61.8
Test accuracy: 26.6,28.7,34.0,35.2,40.9,46.6,48.5,47.9,51.3,51.2,53.7,53.5,55.8,55.5,56.0,57.1,57.2,56.8,56.8,57.4,56.7,55.8,57.8,58.4,56.6,58.5,58.2,58.2,57.1,57.7,58.3,57.8,57.7,58.3,58.4,58.0,58.5,58.3,58.0,58.1
Seed 7/10
Train loss: 1.1618,0.8167,0.5907,0.4303,0.3378,0.2875,0.263,0.2349,0.225,0.2332,0.211,0.1789,0.1732,0.1661,0.1732,0.1545,0.144,0.1738,0.1674,0.1423,0.1532,0.1523,0.1168,0.1305,0.1381,0.1172,0.1241,0.1117,0.1072,0.1116,0.1143,0.1109,0.1018,0.1054,0.1077,0.1005,0.119,0.1005,0.1003,0.096
Test loss: 1.1628,0.8136,0.5872,0.4389,0.3626,0.323,0.309,0.2871,0.2896,0.3074,0.3065,0.2764,0.2799,0.2682,0.2856,0.2856,0.2701,0.314,0.3162,0.288,0.3226,0.3219,0.2965,0.3109,0.3226,0.3054,0.3187,0.3131,0.325,0.3372,0.3356,0.33,0.332,0.3439,0.3562,0.3573,0.3847,0.3547,0.3619,0.3555
Train accuracy: 58.2,67.9,84.5,88.6,91.3,92.5,93.0,93.7,93.9,93.5,94.3,95.2,95.3,95.5,95.2,95.8,96.1,95.2,95.3,96.0,95.7,95.7,96.8,96.3,96.2,96.8,96.5,96.9,97.0,96.8,96.8,96.9,97.2,97.0,97.0,97.2,96.6,97.1,97.2,97.2
Test accuracy: 59.4,68.2,84.6,89.0,91.0,92.2,92.2,92.9,92.6,92.4,92.7,93.4,93.0,93.3,93.1,93.4,93.6,93.0,92.6,93.3,92.7,92.6,93.5,93.0,92.8,93.4,93.2,93.4,93.1,92.9,93.0,93.1,93.3,92.9,93.0,93.0,92.4,92.8,93.0,93.2
Seed 8/10
Train loss: 1.1368,0.8737,0.6893,0.5221,0.4439,0.3931,0.3626,0.2983,0.2795,0.3154,0.2525,0.2309,0.228,0.2106,0.2415,0.211,0.2037,0.2057,0.1893,0.2089,0.1868,0.1587,0.1582,0.1661,0.1564,0.1767,0.1863,0.1912,0.1358,0.156,0.146,0.1324,0.1465,0.1725,0.1402,0.127,0.1292,0.1122,0.1189,0.1137
Test loss: 1.1432,0.8895,0.7112,0.554,0.4807,0.4517,0.4274,0.3649,0.3628,0.4182,0.3615,0.3418,0.3485,0.3463,0.3993,0.3671,0.3682,0.3862,0.3612,0.393,0.3678,0.3631,0.361,0.3695,0.3781,0.4046,0.3912,0.4192,0.3746,0.3875,0.3923,0.396,0.4047,0.4364,0.4106,0.4011,0.3926,0.4005,0.4051,0.418
Train accuracy: 52.0,66.3,76.9,85.3,87.4,88.9,89.7,91.9,92.3,90.8,93.0,93.5,93.5,94.1,93.4,94.1,94.1,94.2,94.7,94.0,94.6,95.7,95.6,95.2,95.7,94.8,94.3,94.3,96.3,95.6,95.9,96.2,95.9,94.9,96.1,96.4,96.3,96.9,96.7,96.9
Test accuracy: 52.0,66.6,76.7,84.7,86.5,87.5,88.1,90.2,90.2,88.5,90.6,90.9,90.9,91.2,90.3,90.8,90.6,90.8,91.4,90.5,90.8,91.7,91.5,91.3,91.5,90.5,90.6,90.4,92.2,91.5,91.5,91.7,91.4,90.3,91.5,91.7,91.4,92.0,91.7,91.9
Seed 9/10
Train loss: 2.3033,2.3013,2.3012,2.3012,2.3012,2.3012,2.3012,2.3012,2.3012,2.3012,2.3012,2.3012,2.3013,2.3012,2.3012,2.3012,2.3012,2.3012,2.3012,2.3012,2.3012,2.3012,2.3012,2.3012,2.3012,2.3012,2.3012,2.3012,2.3012,2.3012,2.3012,2.3012,2.3012,2.3012,2.3012,2.3012,2.3012,2.3012,2.3012,2.3012
Test loss: 2.3037,2.3013,2.3011,2.3011,2.3011,2.3012,2.3011,2.301,2.301,2.3011,2.3011,2.3011,2.3012,2.3011,2.3011,2.301,2.3011,2.3011,2.301,2.301,2.301,2.3011,2.301,2.3011,2.301,2.3011,2.301,2.3011,2.301,2.301,2.3011,2.3011,2.3011,2.3011,2.301,2.3011,2.301,2.3011,2.301,2.3011
Train accuracy: 9.9,11.2,11.2,11.2,11.2,11.2,11.2,11.2,11.2,11.2,11.2,11.2,11.2,11.2,11.2,11.2,11.2,11.2,11.2,11.2,11.2,11.2,11.2,11.2,11.2,11.2,11.2,11.2,11.2,11.2,11.2,11.2,11.2,11.2,11.2,11.2,11.2,11.2,11.2,11.2
Test accuracy: 9.6,11.3,11.3,11.3,11.3,11.3,11.3,11.3,11.3,11.3,11.3,11.3,11.3,11.3,11.3,11.3,11.3,11.3,11.3,11.3,11.3,11.3,11.3,11.3,11.3,11.3,11.3,11.3,11.3,11.3,11.3,11.3,11.3,11.3,11.3,11.3,11.3,11.3,11.3,11.3
Seed 10/10
Train loss: 2.304,2.3014,2.3012,2.3012,2.3012,2.3012,2.3012,2.3012,2.3012,2.3012,2.3012,2.3012,2.3012,2.3012,2.3012,2.3012,2.3012,2.3012,2.3012,2.3012,2.3012,2.3012,2.3012,2.3012,2.3012,2.3012,2.3012,2.3012,2.3012,2.3012,2.3012,2.3012,2.3012,2.3012,2.3012,2.3012,2.3012,2.3013,2.3012,2.3012
Test loss: 2.3038,2.3012,2.3012,2.3011,2.3011,2.301,2.3011,2.3011,2.3011,2.301,2.3011,2.301,2.3011,2.3011,2.301,2.301,2.3011,2.3011,2.3011,2.3011,2.3011,2.3011,2.3011,2.301,2.3011,2.301,2.301,2.301,2.301,2.301,2.301,2.301,2.3011,2.301,2.3011,2.3011,2.3011,2.3011,2.301,2.3011
Train accuracy: 9.8,11.2,11.2,11.2,11.2,11.2,11.2,11.2,11.2,11.2,11.2,11.2,11.2,11.2,11.2,11.2,11.2,11.2,11.2,11.2,11.2,11.2,11.2,11.2,11.2,11.2,11.2,11.2,11.2,11.2,11.2,11.2,11.2,11.2,11.2,11.2,11.2,11.2,11.2,11.2
Test accuracy: 9.7,11.3,11.3,11.3,11.3,11.3,11.3,11.3,11.3,11.3,11.3,11.3,11.3,11.3,11.3,11.3,11.3,11.3,11.3,11.3,11.3,11.3,11.3,11.3,11.3,11.3,11.3,11.3,11.3,11.3,11.3,11.3,11.3,11.3,11.3,11.3,11.3,11.3,11.3,11.3
