Seed 1/10
Train loss: 1.735,1.6139,1.5195,1.4629,1.4268,1.389,1.3645,1.3472,1.3209,1.3059,1.306,1.2826,1.2862,1.2578,1.2543,1.2317,1.2235,1.2424,1.2158,1.2247,1.2151,1.1933,1.1912,1.1916,1.1958,1.1643,1.1753,1.171,1.1611,1.2331,1.1762,1.1444,1.1616,1.1323,1.1406,1.1301,1.1359,1.1296,1.1191,1.1255
Test loss: 1.7419,1.6258,1.532,1.4823,1.4479,1.4202,1.3976,1.3921,1.3724,1.3603,1.3697,1.3648,1.3662,1.3505,1.3388,1.341,1.326,1.3334,1.3356,1.3501,1.3322,1.3212,1.3696,1.3663,1.3452,1.3305,1.3767,1.3649,1.3285,1.372,1.384,1.3534,1.4121,1.3543,1.3389,1.382,1.4092,1.3745,1.3743,1.3924
Train accuracy: 20.4,27.6,33.7,37.0,39.2,43.6,44.8,44.1,45.6,45.6,45.0,45.8,45.8,48.0,47.2,49.1,49.7,48.3,49.8,48.0,49.1,50.7,51.5,50.7,49.8,51.5,51.0,51.1,51.5,46.8,50.3,52.1,52.6,52.5,52.1,52.7,52.4,52.4,53.1,52.5
Test accuracy: 19.8,27.1,33.6,36.9,39.6,43.7,45.0,44.1,45.5,45.4,44.5,45.4,45.0,47.3,46.3,48.2,48.5,46.9,48.4,46.6,47.8,49.0,49.7,49.0,48.1,49.6,49.4,49.4,49.6,45.5,48.5,50.0,50.7,49.8,49.8,50.3,49.8,50.2,50.7,50.0
Seed 2/10
Train loss: 2.3021,2.3012,2.3012,2.3012,2.3012,2.3012,2.3012,2.3012,2.3012,2.3012,2.3012,2.3012,2.3012,2.3012,2.3012,2.3012,2.3012,2.3012,2.3012,2.3012,2.3012,2.3012,2.3012,2.3012,2.3012,2.3012,2.3012,2.3012,2.3012,2.3012,2.3012,2.3012,2.3012,2.3012,2.3012,2.3012,2.3012,2.3012,2.3012,2.3012
Test loss: 2.3018,2.3011,2.3011,2.3011,2.3011,2.3011,2.3011,2.3011,2.3011,2.3011,2.3011,2.3011,2.3011,2.3011,2.3011,2.3011,2.3011,2.3011,2.3011,2.3011,2.3011,2.3011,2.3011,2.3011,2.3011,2.3011,2.3011,2.3011,2.3011,2.3011,2.3011,2.3011,2.3011,2.3011,2.3011,2.3011,2.3011,2.3011,2.3011,2.3011
Train accuracy: 11.2,11.2,11.2,11.2,11.2,11.2,11.2,11.2,11.2,11.2,11.2,11.2,11.2,11.2,11.2,11.2,11.2,11.2,11.2,11.2,11.2,11.2,11.2,11.2,11.2,11.2,11.2,11.2,11.2,11.2,11.2,11.2,11.2,11.2,11.2,11.2,11.2,11.2,11.2,11.2
Test accuracy: 11.3,11.3,11.3,11.3,11.3,11.3,11.3,11.3,11.3,11.3,11.3,11.3,11.3,11.3,11.3,11.3,11.3,11.3,11.3,11.3,11.3,11.3,11.3,11.3,11.3,11.3,11.3,11.3,11.3,11.3,11.3,11.3,11.3,11.3,11.3,11.3,11.3,11.3,11.3,11.3
Seed 3/10
Train loss: 1.8631,1.7993,1.7638,1.7433,1.7253,1.7154,1.7012,1.6928,1.6883,1.6816,1.6741,1.673,1.668,1.663,1.6624,1.6584,1.6588,1.5922,1.5328,1.5,1.4886,1.4836,1.4701,1.4677,1.4591,1.4554,1.4671,1.4394,1.4422,1.4337,1.3871,1.3383,1.3218,1.3081,1.3004,1.2927,1.2808,1.2824,1.2727,1.2737
Test loss: 1.8663,1.805,1.774,1.7509,1.7338,1.7319,1.7177,1.7105,1.7168,1.7058,1.7007,1.7068,1.7031,1.6958,1.7055,1.6929,1.6989,1.6066,1.553,1.5254,1.5271,1.5324,1.5291,1.5248,1.5219,1.5294,1.5528,1.5189,1.5341,1.5188,1.4749,1.4237,1.4099,1.3926,1.4031,1.4094,1.3997,1.4034,1.3954,1.3995
Train accuracy: 21.7,30.3,30.8,30.8,30.9,31.1,31.1,31.2,31.2,31.1,31.3,31.4,31.6,31.5,31.8,31.7,32.0,36.8,38.7,39.2,39.3,39.5,39.6,39.4,39.5,40.1,39.8,40.1,40.0,40.3,43.0,44.1,43.9,45.1,45.2,45.5,46.0,45.5,46.7,46.3
Test accuracy: 21.6,30.3,30.7,30.7,30.8,30.9,30.9,30.9,30.9,30.9,31.0,31.1,31.3,31.2,31.4,31.2,31.7,36.8,38.3,38.9,38.8,38.7,38.9,38.7,38.7,39.3,38.9,39.1,39.3,39.4,42.3,42.9,42.9,43.9,43.9,44.2,44.5,44.4,45.1,44.7
Seed 4/10
Train loss: 1.3357,1.0757,0.781,0.6609,0.5932,0.5503,0.5238,0.4678,0.4377,0.4163,0.3992,0.3958,0.3859,0.376,0.3689,0.3659,0.3748,0.3369,0.3435,0.3393,0.3423,0.338,0.3592,0.357,0.3622,0.3644,0.3381,0.3347,0.3176,0.2956,0.325,0.2995,0.2831,0.2874,0.2762,0.2807,0.2781,0.2673,0.2726,0.2627
Test loss: 1.3285,1.078,0.7916,0.6875,0.6314,0.6011,0.5847,0.5304,0.5094,0.5004,0.4957,0.5034,0.5059,0.5052,0.5125,0.5173,0.5364,0.5108,0.5264,0.5298,0.5462,0.5449,0.5709,0.5802,0.5991,0.6065,0.61,0.6177,0.6139,0.6048,0.6163,0.6316,0.6412,0.6339,0.6592,0.6395,0.6644,0.6679,0.6655,0.6652
Train accuracy: 44.3,55.5,72.0,77.2,79.1,80.0,80.5,82.2,82.9,83.3,83.7,83.7,83.8,84.0,84.2,84.2,83.7,84.9,84.6,84.7,84.7,84.7,84.2,84.0,84.1,84.2,84.8,84.9,85.2,85.9,85.2,85.9,86.4,86.2,86.6,86.3,86.5,86.7,86.7,87.0
Test accuracy: 44.7,55.1,71.3,76.4,78.0,79.1,79.9,81.0,81.6,81.9,82.0,81.9,81.9,81.9,81.9,81.9,81.5,82.3,82.0,82.3,82.0,82.0,81.6,81.5,81.6,81.5,81.7,82.0,81.9,82.6,82.0,82.3,82.5,82.5,82.4,82.3,82.5,82.5,82.6,82.8
Seed 5/10
Train loss: 1.0736,0.7791,0.6513,0.56,0.4703,0.4183,0.3894,0.3681,0.3523,0.3316,0.3185,0.3093,0.3011,0.2903,0.2865,0.2845,0.2813,0.2825,0.2858,0.2756,0.2779,0.274,0.2654,0.2741,0.2943,0.2456,0.2746,0.2428,0.2894,0.2744,0.2238,0.2425,0.2286,0.2207,0.2341,0.2522,0.2198,0.2182,0.209,0.2043
Test loss: 1.0756,0.7879,0.6712,0.59,0.4983,0.455,0.4417,0.4315,0.426,0.4228,0.4221,0.4217,0.4282,0.4344,0.4325,0.4549,0.4567,0.4651,0.4813,0.4837,0.5032,0.4792,0.486,0.4825,0.5166,0.4892,0.5098,0.5041,0.5374,0.5477,0.5308,0.5441,0.5392,0.5507,0.5481,0.601,0.5746,0.5808,0.5617,0.5637
Train accuracy: 58.4,69.2,74.7,80.8,83.9,84.9,85.4,85.8,86.0,86.5,86.8,87.0,87.1,87.2,87.5,87.6,87.8,87.5,87.6,88.0,88.1,87.9,88.1,87.7,87.6,88.5,88.0,88.5,87.2,88.1,89.2,88.7,88.7,88.9,88.6,88.5,89.2,89.5,89.3,89.5
Test accuracy: 58.6,68.3,74.3,79.9,83.4,84.5,85.1,85.1,85.2,85.5,85.8,85.8,85.7,85.7,85.9,85.8,86.2,85.8,85.7,86.0,86.1,85.7,86.0,85.7,85.6,86.0,85.6,85.9,85.0,85.6,86.2,85.9,85.6,85.8,85.6,85.7,86.3,86.0,86.2,86.3
Seed 6/10
Train loss: 1.2479,0.8748,0.7402,0.6684,0.6255,0.5981,0.5755,0.5607,0.5098,0.4913,0.4789,0.4649,0.4339,0.4373,0.417,0.4109,0.4006,0.3851,0.3925,0.3664,0.4079,0.3743,0.362,0.354,0.3396,0.3459,0.3911,0.3602,0.3233,0.3249,0.3388,0.3289,0.3167,0.3213,0.314,0.3185,0.3161,0.3011,0.3128,0.2976
Test loss: 1.2444,0.8822,0.7582,0.6965,0.6686,0.6542,0.6393,0.6347,0.5813,0.5665,0.5637,0.5658,0.552,0.5633,0.5616,0.5726,0.5813,0.5762,0.5966,0.5831,0.6223,0.6203,0.6182,0.6193,0.619,0.647,0.6797,0.7039,0.6575,0.6654,0.6743,0.6962,0.7087,0.6866,0.703,0.7021,0.7102,0.7058,0.719,0.7086
Train accuracy: 54.1,70.2,72.9,75.0,75.9,76.4,77.0,78.3,83.0,83.4,83.3,83.5,84.3,83.9,84.5,84.4,84.7,85.2,84.8,85.6,83.7,85.4,85.9,85.9,86.2,86.3,84.7,86.1,86.7,86.8,86.0,86.5,86.8,86.8,86.8,86.8,86.7,87.0,86.8,87.1
Test accuracy: 54.5,70.3,73.3,75.1,75.4,75.9,76.1,77.2,81.7,82.4,82.2,82.3,82.8,82.2,82.6,82.2,82.2,82.5,82.4,82.8,81.3,82.2,83.3,83.1,83.1,83.2,81.5,83.1,83.2,83.6,82.9,83.1,83.4,83.5,83.1,83.5,82.9,83.3,83.2,83.6
Seed 7/10
Train loss: 1.0412,0.8222,0.6184,0.5002,0.426,0.3729,0.3291,0.2972,0.2766,0.2579,0.2432,0.2308,0.2149,0.2112,0.2006,0.1947,0.1884,0.1744,0.179,0.1771,0.1694,0.1754,0.1618,0.1661,0.1681,0.146,0.1655,0.1491,0.1542,0.1392,0.1531,0.1434,0.1251,0.1308,0.1254,0.1359,0.117,0.1199,0.1202,0.1225
Test loss: 1.0356,0.8218,0.6279,0.5251,0.4575,0.417,0.3869,0.3638,0.3527,0.3464,0.343,0.3399,0.3359,0.344,0.3438,0.3495,0.3488,0.3448,0.3575,0.3666,0.3767,0.3869,0.3899,0.405,0.4244,0.408,0.438,0.4144,0.4387,0.4188,0.4555,0.4465,0.4254,0.4632,0.4525,0.4666,0.4556,0.4698,0.4847,0.4819
Train accuracy: 66.1,73.0,83.6,87.3,89.3,90.5,91.6,92.4,92.8,93.2,93.6,93.9,94.2,94.2,94.5,94.7,94.9,95.2,95.0,95.1,95.2,95.0,95.5,95.4,95.3,95.8,95.3,95.6,95.7,96.0,95.6,95.9,96.3,96.3,96.5,96.1,96.7,96.6,96.7,96.6
Test accuracy: 65.9,73.4,83.9,87.3,88.9,90.0,90.9,91.3,91.5,91.8,91.9,92.1,92.1,92.1,92.3,92.2,92.3,92.5,92.3,92.2,92.4,92.0,92.2,92.2,92.3,92.2,92.0,92.3,92.0,92.2,91.7,92.2,92.6,92.2,92.3,91.9,92.7,92.3,92.5,92.5
Seed 8/10
Train loss: 1.7042,1.6014,1.5336,1.4883,1.4406,1.4115,1.3811,1.3594,1.272,0.766,0.6857,0.607,0.5624,0.5366,0.5108,0.4875,0.4826,0.4642,0.4712,0.4508,0.4364,0.434,0.4117,0.4503,0.4183,0.4145,0.4079,0.3899,0.3761,0.419,0.3856,0.3742,0.3981,0.3804,0.3595,0.3639,0.3495,0.3456,0.3485,0.3537
Test loss: 1.7061,1.5979,1.5268,1.4785,1.4379,1.4146,1.3859,1.3725,1.2947,0.806,0.7334,0.6646,0.6301,0.6157,0.6034,0.5976,0.6021,0.5954,0.6202,0.5982,0.6066,0.6088,0.5908,0.6463,0.6276,0.6328,0.6366,0.6116,0.6079,0.6731,0.654,0.6536,0.6672,0.6733,0.6496,0.6766,0.6566,0.6728,0.687,0.7031
Train accuracy: 27.3,31.0,36.2,39.3,42.9,43.9,44.3,44.6,49.9,70.1,73.8,78.7,79.2,79.9,79.9,81.8,82.1,82.6,82.9,82.7,83.3,83.4,83.7,82.9,83.8,83.7,83.8,83.9,84.5,83.6,84.2,84.5,83.8,84.4,84.8,84.8,85.1,85.2,85.2,85.2
Test accuracy: 27.1,31.2,36.4,39.2,42.9,43.4,43.8,43.8,49.1,69.4,72.8,77.0,77.5,78.3,78.0,79.8,80.1,80.5,80.7,80.0,80.5,80.7,80.6,80.1,80.7,80.4,80.5,80.8,80.9,80.2,80.7,80.6,80.3,80.6,80.7,80.7,81.0,80.6,80.8,81.1
Seed 9/10
Train loss: 2.3021,2.3012,2.3012,2.3012,2.3012,2.3012,2.3012,2.3012,2.3012,2.3012,2.3012,2.3012,2.3012,2.3012,2.3012,2.3012,2.3012,2.3012,2.3012,2.3012,2.3012,2.3012,2.3012,2.3012,2.3012,2.3012,2.3012,2.3012,2.3012,2.3012,2.3012,2.3012,2.3012,2.3012,2.3012,2.3012,2.3012,2.3012,2.3012,2.3012
Test loss: 2.3023,2.3011,2.3011,2.3011,2.3011,2.3011,2.3011,2.3011,2.3011,2.3011,2.3011,2.3011,2.3011,2.3011,2.3011,2.3011,2.3011,2.3011,2.3011,2.3011,2.3011,2.3011,2.3011,2.3011,2.3011,2.3011,2.3011,2.3011,2.3011,2.3011,2.3011,2.3011,2.3011,2.3011,2.3011,2.3011,2.3011,2.3011,2.3011,2.3011
Train accuracy: 9.9,11.2,11.2,11.2,11.2,11.2,11.2,11.2,11.2,11.2,11.2,11.2,11.2,11.2,11.2,11.2,11.2,11.2,11.2,11.2,11.2,11.2,11.2,11.2,11.2,11.2,11.2,11.2,11.2,11.2,11.2,11.2,11.2,11.2,11.2,11.2,11.2,11.2,11.2,11.2
Test accuracy: 9.6,11.3,11.3,11.3,11.3,11.3,11.3,11.3,11.3,11.3,11.3,11.3,11.3,11.3,11.3,11.3,11.3,11.3,11.3,11.3,11.3,11.3,11.3,11.3,11.3,11.3,11.3,11.3,11.3,11.3,11.3,11.3,11.3,11.3,11.3,11.3,11.3,11.3,11.3,11.3
Seed 10/10
Train loss: 1.3614,0.9798,0.6946,0.5579,0.4839,0.3781,0.3134,0.2674,0.2484,0.2275,0.2179,0.2091,0.2009,0.194,0.1914,0.1777,0.1794,0.1545,0.1635,0.1504,0.162,0.136,0.1308,0.1334,0.127,0.1238,0.1189,0.115,0.1273,0.1084,0.1068,0.1055,0.1106,0.1068,0.1006,0.0968,0.1055,0.098,0.104,0.0937
Test loss: 1.3738,0.9983,0.7228,0.5984,0.5259,0.428,0.3791,0.3465,0.3424,0.3312,0.3336,0.3394,0.3414,0.3486,0.3568,0.3577,0.3753,0.3613,0.3824,0.3776,0.406,0.382,0.3769,0.3929,0.3983,0.4025,0.4111,0.4344,0.4282,0.4315,0.4443,0.435,0.4491,0.4669,0.477,0.4642,0.4998,0.4884,0.4966,0.4719
Train accuracy: 47.6,59.8,75.9,81.6,87.1,91.3,92.7,93.6,93.9,94.2,94.2,94.4,94.5,94.7,94.7,95.1,95.0,95.7,95.4,95.8,95.3,96.2,96.2,96.3,96.4,96.5,96.7,96.8,96.3,96.9,97.0,97.1,96.9,97.0,97.1,97.3,97.1,97.3,97.2,97.4
Test accuracy: 46.5,58.9,75.5,81.4,86.6,90.4,91.5,92.2,92.3,92.2,92.0,92.1,92.3,91.9,91.8,92.1,92.0,92.4,91.8,92.1,91.4,92.3,92.4,92.8,92.2,92.4,92.7,92.2,92.0,92.7,92.7,92.8,92.5,92.6,92.2,92.6,92.3,92.4,92.6,92.8
