Seed 1/10
Train loss: 0.1223,0.0691,0.0549,0.0444,0.0388,0.0391,0.0394,0.0281,0.024,0.0227,0.0235,0.0132,0.0212,0.0158,0.0173,0.0151,0.0079,0.0172,0.0102,0.011,0.0099,0.0122,0.0159,0.0138,0.0056,0.0059,0.0085,0.0066,0.0047,0.0045,0.0055,0.0125,0.0071,0.0038,0.0079,0.0064,0.0036,0.0056,0.0062,0.0077
Test loss: 0.1215,0.0804,0.0722,0.07,0.0714,0.0748,0.0843,0.0794,0.0768,0.0825,0.0816,0.068,0.0896,0.0858,0.0946,0.1032,0.084,0.1066,0.097,0.0985,0.0966,0.0983,0.1068,0.1041,0.0975,0.1049,0.1218,0.0941,0.0969,0.0997,0.1082,0.1245,0.1152,0.1183,0.1153,0.124,0.1099,0.1021,0.1246,0.1226
Train accuracy: 96.5,98.0,98.3,98.7,98.8,98.8,98.7,99.1,99.2,99.3,99.2,99.6,99.3,99.5,99.4,99.5,99.8,99.4,99.7,99.7,99.7,99.6,99.4,99.5,99.8,99.8,99.7,99.8,99.9,99.8,99.8,99.7,99.7,99.9,99.7,99.8,99.9,99.8,99.8,99.7
Test accuracy: 96.3,97.7,97.8,97.9,97.9,98.0,97.8,97.8,98.0,98.0,98.1,98.3,97.9,98.0,98.0,97.9,98.3,98.0,98.0,98.1,98.0,98.2,98.0,98.0,98.3,98.2,98.1,98.4,98.4,98.5,98.3,98.1,98.2,98.1,98.1,98.2,98.3,98.4,98.3,98.3
Seed 2/10
Train loss: 0.0967,0.0587,0.0421,0.0303,0.0294,0.0223,0.0227,0.0194,0.0174,0.0181,0.0147,0.021,0.011,0.0101,0.0081,0.0097,0.0167,0.0087,0.0044,0.0171,0.0088,0.0053,0.0074,0.0026,0.0112,0.0046,0.0045,0.0032,0.004,0.0085,0.0076,0.0107,0.0105,0.0076,0.0032,0.0038,0.0064,0.0053,0.0019,0.0033
Test loss: 0.0932,0.0688,0.0619,0.0591,0.0603,0.0585,0.0655,0.0624,0.0689,0.0712,0.0768,0.0822,0.0757,0.0744,0.0683,0.0906,0.0827,0.0789,0.076,0.0992,0.0839,0.078,0.0914,0.0887,0.1116,0.1036,0.0994,0.089,0.0871,0.106,0.1038,0.0997,0.1127,0.1256,0.0887,0.1025,0.1066,0.1167,0.1065,0.1114
Train accuracy: 97.0,98.2,98.7,99.0,99.0,99.3,99.3,99.3,99.4,99.4,99.5,99.4,99.7,99.7,99.8,99.7,99.5,99.7,99.9,99.5,99.7,99.8,99.8,99.9,99.7,99.8,99.9,99.9,99.9,99.8,99.8,99.7,99.7,99.8,99.9,99.9,99.8,99.8,99.9,99.9
Test accuracy: 97.1,97.9,98.2,98.3,98.3,98.4,98.3,98.3,98.3,98.4,98.4,98.2,98.3,98.4,98.6,98.2,98.4,98.7,98.6,98.0,98.5,98.7,98.4,98.6,98.2,98.3,98.3,98.7,98.6,98.4,98.4,98.2,98.3,98.2,98.6,98.6,98.4,98.4,98.6,98.4
Seed 3/10
Train loss: 0.6287,0.2993,0.2192,0.1753,0.152,0.134,0.12,0.107,0.1107,0.084,0.0835,0.0748,0.0756,0.0628,0.0681,0.0547,0.0586,0.0634,0.0513,0.0611,0.0494,0.0484,0.0444,0.0574,0.0434,0.0447,0.0367,0.0379,0.0336,0.0303,0.0324,0.0373,0.0449,0.0321,0.0275,0.0302,0.0237,0.0269,0.0205,0.0277
Test loss: 0.6127,0.3008,0.2292,0.1925,0.1746,0.1666,0.1636,0.1617,0.1726,0.1544,0.1549,0.163,0.1684,0.163,0.1628,0.159,0.1719,0.1802,0.1688,0.1889,0.1767,0.1769,0.1856,0.2153,0.1991,0.1921,0.1855,0.1962,0.1832,0.1929,0.1942,0.2086,0.2104,0.1984,0.1994,0.2066,0.1955,0.2081,0.2088,0.2228
Train accuracy: 77.0,92.2,94.5,95.6,95.9,96.3,96.7,97.0,96.7,97.6,97.6,97.8,97.8,98.2,97.9,98.4,98.3,98.1,98.5,98.3,98.5,98.6,98.7,98.3,98.8,98.7,98.9,99.0,99.0,99.2,99.1,99.0,98.7,99.1,99.2,99.1,99.3,99.2,99.4,99.2
Test accuracy: 78.0,92.3,94.3,95.2,95.5,95.7,95.9,95.9,95.6,96.2,96.3,96.2,96.2,96.2,96.3,96.5,96.2,96.2,96.5,96.1,96.1,96.3,96.3,95.9,96.4,96.4,96.7,96.5,96.8,96.5,96.5,96.4,96.4,96.6,96.9,96.5,96.6,96.7,96.6,96.6
Seed 4/10
Train loss: 0.0759,0.0388,0.0284,0.0229,0.0225,0.014,0.0128,0.0208,0.0154,0.0134,0.0163,0.011,0.0097,0.0043,0.0058,0.0129,0.0047,0.0085,0.0031,0.013,0.0051,0.0054,0.0028,0.005,0.0036,0.0091,0.0063,0.0058,0.0046,0.0007,0.0046,0.0101,0.0017,0.0082,0.0078,0.0006,0.0065,0.002,0.0033,0.0029
Test loss: 0.0768,0.0528,0.0447,0.0463,0.0528,0.0458,0.0549,0.0581,0.058,0.0582,0.0739,0.07,0.0609,0.0555,0.0706,0.0742,0.0661,0.0731,0.0581,0.0852,0.0659,0.0685,0.065,0.0756,0.0768,0.0804,0.0851,0.0848,0.0774,0.07,0.0893,0.0922,0.0781,0.0859,0.0864,0.0696,0.1,0.0854,0.0963,0.0899
Train accuracy: 97.7,98.8,99.1,99.2,99.3,99.5,99.6,99.3,99.5,99.5,99.5,99.6,99.7,99.8,99.8,99.6,99.8,99.7,99.9,99.6,99.8,99.8,99.9,99.8,99.9,99.7,99.8,99.8,99.9,100.0,99.8,99.7,99.9,99.8,99.8,100.0,99.8,99.9,99.9,99.9
Test accuracy: 97.7,98.5,98.5,98.6,98.6,98.7,98.6,98.5,98.6,98.6,98.3,98.4,98.7,98.9,98.7,98.5,98.8,98.5,99.0,98.5,98.7,98.8,98.8,98.7,98.8,98.7,98.7,98.6,98.7,98.9,98.6,98.7,98.8,98.7,98.7,99.0,98.6,98.7,98.8,98.8
Seed 5/10
Train loss: 0.1213,0.0678,0.0455,0.0326,0.024,0.0265,0.0196,0.0366,0.0197,0.0182,0.0116,0.019,0.0115,0.0086,0.0155,0.005,0.0204,0.006,0.0044,0.0073,0.004,0.0031,0.0046,0.0077,0.0042,0.0082,0.0089,0.0035,0.0104,0.0025,0.0207,0.0073,0.0063,0.0082,0.002,0.0136,0.0034,0.0034,0.0043,0.0026
Test loss: 0.1221,0.0815,0.0697,0.0658,0.064,0.0721,0.0631,0.0876,0.0783,0.0761,0.0835,0.0895,0.0791,0.0819,0.0993,0.0773,0.1005,0.0875,0.086,0.0888,0.0791,0.0829,0.087,0.1031,0.092,0.1135,0.099,0.0862,0.1096,0.089,0.139,0.0998,0.1054,0.104,0.0925,0.1062,0.1028,0.1019,0.1033,0.1119
Train accuracy: 96.3,98.0,98.7,99.0,99.2,99.2,99.3,98.8,99.4,99.4,99.6,99.4,99.6,99.7,99.5,99.9,99.4,99.8,99.9,99.8,99.9,99.9,99.9,99.8,99.9,99.8,99.7,99.9,99.7,99.9,99.5,99.8,99.8,99.8,99.9,99.7,99.9,99.9,99.9,99.9
Test accuracy: 96.2,97.3,97.8,98.0,98.2,98.1,98.3,97.6,98.2,98.2,98.4,98.1,98.4,98.4,98.2,98.6,98.3,98.5,98.6,98.4,98.7,98.6,98.6,98.4,98.7,98.2,98.4,98.7,98.4,98.7,97.9,98.5,98.5,98.5,98.7,98.4,98.6,98.6,98.6,98.6
Seed 6/10
Train loss: 0.1317,0.0663,0.047,0.036,0.0358,0.0317,0.0236,0.0178,0.0182,0.0161,0.0102,0.0068,0.0078,0.0115,0.0077,0.0131,0.0052,0.0069,0.0083,0.0064,0.0079,0.0029,0.0101,0.0025,0.0046,0.0089,0.0042,0.0083,0.0046,0.0019,0.007,0.0017,0.0042,0.0028,0.0037,0.0038,0.0041,0.0034,0.002,0.0058
Test loss: 0.1211,0.0708,0.0588,0.0534,0.0616,0.0686,0.0734,0.0709,0.0676,0.0685,0.0609,0.0677,0.0636,0.0732,0.0782,0.0713,0.0683,0.074,0.0765,0.0749,0.0825,0.071,0.0797,0.0716,0.0788,0.0889,0.0812,0.0972,0.0874,0.0858,0.0781,0.0793,0.0864,0.0845,0.0922,0.0878,0.0981,0.0904,0.0853,0.1007
Train accuracy: 96.1,98.0,98.5,98.8,98.9,99.0,99.3,99.4,99.4,99.4,99.7,99.8,99.7,99.6,99.7,99.6,99.8,99.8,99.7,99.8,99.7,99.9,99.7,99.9,99.9,99.7,99.9,99.8,99.9,100.0,99.8,100.0,99.9,99.9,99.9,99.9,99.9,99.9,99.9,99.8
Test accuracy: 96.0,97.8,98.1,98.3,98.2,98.2,98.2,98.2,98.4,98.5,98.6,98.6,98.6,98.6,98.5,98.6,98.7,98.5,98.6,98.7,98.6,98.7,98.6,98.7,98.8,98.5,98.7,98.5,98.6,98.6,98.7,98.8,98.7,98.7,98.8,98.7,98.6,98.8,98.9,98.6
Seed 7/10
Train loss: 0.1499,0.1042,0.0593,0.0469,0.0401,0.0352,0.0297,0.0244,0.0231,0.0154,0.0176,0.0167,0.018,0.0224,0.0145,0.0082,0.0112,0.0083,0.0064,0.0149,0.0066,0.0086,0.0057,0.0086,0.0059,0.0089,0.007,0.0086,0.0059,0.0064,0.004,0.0058,0.0033,0.0046,0.0062,0.0039,0.0045,0.0036,0.006,0.0035
Test loss: 0.1344,0.0956,0.0648,0.0604,0.0591,0.0616,0.0547,0.0592,0.0604,0.0559,0.0706,0.0776,0.0831,0.094,0.0817,0.0749,0.0828,0.0786,0.0757,0.0975,0.0787,0.0948,0.087,0.0947,0.0858,0.0949,0.091,0.0975,0.0899,0.0985,0.0789,0.0975,0.0936,0.0967,0.1154,0.105,0.1054,0.1044,0.1132,0.1063
Train accuracy: 95.4,96.8,98.1,98.5,98.7,98.9,99.0,99.2,99.2,99.5,99.4,99.4,99.4,99.3,99.5,99.7,99.6,99.7,99.8,99.6,99.8,99.7,99.8,99.8,99.8,99.7,99.8,99.7,99.8,99.8,99.9,99.8,99.9,99.9,99.8,99.9,99.9,99.9,99.8,99.9
Test accuracy: 96.0,97.1,97.9,98.2,98.3,98.2,98.5,98.5,98.5,98.6,98.5,98.4,98.3,98.1,98.5,98.7,98.4,98.5,98.6,98.3,98.6,98.4,98.6,98.6,98.5,98.5,98.5,98.5,98.6,98.5,98.7,98.6,98.7,98.6,98.4,98.5,98.5,98.5,98.5,98.6
Seed 8/10
Train loss: 0.1064,0.0556,0.0394,0.0296,0.0319,0.0198,0.02,0.0146,0.0115,0.0118,0.0158,0.0132,0.0144,0.0068,0.008,0.0093,0.0042,0.0125,0.0068,0.01,0.0041,0.0052,0.0057,0.0064,0.0081,0.007,0.0019,0.0021,0.0077,0.0045,0.004,0.0012,0.0021,0.0016,0.0029,0.0014,0.0006,0.0083,0.0024,0.0051
Test loss: 0.0962,0.0624,0.0545,0.0541,0.059,0.0545,0.058,0.0616,0.0639,0.0606,0.0729,0.0807,0.0701,0.0676,0.0731,0.0704,0.0702,0.0805,0.0735,0.0969,0.0713,0.0793,0.0809,0.0855,0.095,0.091,0.0801,0.0819,0.1007,0.0923,0.0861,0.0829,0.0856,0.0873,0.0927,0.0844,0.0837,0.1064,0.0901,0.0947
Train accuracy: 96.8,98.3,98.8,99.0,99.0,99.4,99.3,99.5,99.6,99.6,99.5,99.5,99.5,99.8,99.7,99.7,99.9,99.6,99.8,99.7,99.9,99.8,99.8,99.8,99.8,99.8,99.9,99.9,99.8,99.8,99.9,100.0,99.9,100.0,99.9,100.0,100.0,99.8,99.9,99.9
Test accuracy: 97.1,98.1,98.4,98.5,98.4,98.5,98.7,98.5,98.5,98.7,98.5,98.3,98.5,98.6,98.7,98.6,98.8,98.5,98.7,98.5,98.9,98.7,98.7,98.6,98.7,98.6,98.9,98.8,98.5,98.5,98.7,98.8,98.8,98.8,98.7,98.8,98.9,98.6,98.7,98.9
Seed 9/10
Train loss: 0.1169,0.0662,0.041,0.0302,0.0285,0.0278,0.021,0.0214,0.0149,0.0134,0.017,0.0127,0.0153,0.0079,0.0082,0.016,0.0106,0.0047,0.0073,0.0082,0.0098,0.0066,0.0051,0.0035,0.0044,0.0017,0.0033,0.0043,0.0039,0.0042,0.0042,0.0046,0.0041,0.0025,0.0011,0.002,0.005,0.0022,0.0029,0.0038
Test loss: 0.1163,0.0711,0.057,0.0565,0.0634,0.0773,0.066,0.0743,0.0743,0.0773,0.0877,0.0782,0.0798,0.0802,0.0846,0.0958,0.0819,0.0755,0.088,0.0891,0.0941,0.0933,0.0916,0.0853,0.0881,0.0919,0.0855,0.0882,0.0981,0.0953,0.1013,0.112,0.095,0.1021,0.0964,0.1016,0.1039,0.0955,0.1034,0.1087
Train accuracy: 96.5,98.0,98.8,99.1,99.1,99.1,99.3,99.3,99.5,99.6,99.4,99.6,99.5,99.8,99.7,99.5,99.7,99.8,99.8,99.7,99.7,99.8,99.8,99.9,99.9,99.9,99.9,99.9,99.9,99.9,99.9,99.9,99.9,99.9,100.0,99.9,99.9,99.9,99.9,99.9
Test accuracy: 96.5,97.9,98.3,98.5,98.3,98.1,98.5,98.4,98.2,98.3,98.2,98.4,98.4,98.6,98.5,98.3,98.6,98.7,98.5,98.5,98.4,98.5,98.5,98.7,98.5,98.6,98.7,98.7,98.6,98.6,98.7,98.4,98.8,98.6,98.7,98.7,98.7,98.6,98.6,98.5
Seed 10/10
Train loss: 0.1232,0.0721,0.0559,0.0441,0.0347,0.0316,0.026,0.0276,0.0163,0.0133,0.0163,0.0159,0.014,0.0096,0.0109,0.0107,0.0084,0.0119,0.01,0.0071,0.0087,0.0039,0.0058,0.0053,0.0038,0.0022,0.0066,0.0131,0.0133,0.0044,0.0074,0.006,0.0144,0.003,0.0045,0.0019,0.0025,0.0035,0.0044,0.0015
Test loss: 0.1159,0.0765,0.0677,0.0596,0.0573,0.0621,0.063,0.0754,0.0618,0.0662,0.0751,0.0803,0.0846,0.0717,0.0779,0.0803,0.0765,0.0866,0.0873,0.0916,0.0901,0.0775,0.0929,0.0903,0.0839,0.0848,0.0986,0.1107,0.1134,0.0949,0.1041,0.1039,0.1308,0.1012,0.1007,0.0951,0.0957,0.1053,0.0944,0.0913
Train accuracy: 96.3,97.8,98.3,98.6,98.9,99.0,99.2,99.1,99.5,99.6,99.5,99.5,99.5,99.7,99.6,99.7,99.7,99.6,99.7,99.8,99.7,99.9,99.8,99.8,99.9,99.9,99.8,99.6,99.6,99.9,99.8,99.8,99.6,99.9,99.8,99.9,99.9,99.9,99.9,99.9
Test accuracy: 96.5,97.8,98.0,98.2,98.3,98.2,98.1,97.9,98.3,98.3,98.1,98.2,98.1,98.4,98.3,98.3,98.4,98.2,98.5,98.4,98.4,98.5,98.4,98.4,98.5,98.5,98.4,98.1,98.2,98.5,98.4,98.3,98.1,98.6,98.5,98.5,98.5,98.4,98.5,98.6
