Seed 1/10
Train loss: 1.1865,0.8223,0.5893,0.4944,0.4336,0.4041,0.3716,0.3679,0.3571,0.3593,0.3308,0.3305,0.3147,0.3284,0.3009,0.3168,0.2791,0.2945,0.2956,0.2891,0.2721,0.2636,0.2631,0.2558,0.2484,0.2711,0.2517,0.2703,0.2471,0.2439,0.2556,0.2551,0.2412,0.2447,0.233,0.2396,0.2462,0.2352,0.2315,0.2323
Test loss: 1.1815,0.8246,0.6091,0.5203,0.4714,0.4483,0.4247,0.4317,0.4261,0.4478,0.4249,0.4314,0.4318,0.453,0.4272,0.4571,0.4268,0.4652,0.4669,0.4643,0.4544,0.4589,0.4579,0.4499,0.4597,0.489,0.4788,0.4999,0.4778,0.4805,0.5006,0.4961,0.5024,0.5106,0.5017,0.507,0.5272,0.5178,0.5168,0.5205
Train accuracy: 53.1,69.2,81.1,82.9,84.1,84.7,85.4,85.2,85.4,85.4,86.2,86.2,86.7,86.4,87.1,86.6,87.6,87.3,87.3,87.4,87.9,88.1,87.9,88.2,88.3,87.8,88.4,87.9,88.5,88.6,88.2,88.1,88.5,88.3,88.9,88.4,88.5,88.7,88.9,88.9
Test accuracy: 53.4,69.5,81.3,82.5,83.3,83.6,84.0,83.8,83.9,83.9,84.2,84.5,84.3,83.9,84.8,84.2,84.9,84.3,84.3,84.3,84.7,84.6,84.4,84.5,84.5,84.2,84.7,84.1,84.7,84.5,84.4,84.3,84.7,83.8,84.5,84.2,84.0,84.3,84.3,84.3
Seed 2/10
Train loss: 1.0006,0.6263,0.4407,0.3641,0.3062,0.2674,0.2402,0.2203,0.1968,0.1889,0.1711,0.1759,0.1526,0.164,0.1592,0.1473,0.142,0.1349,0.1328,0.1436,0.1247,0.1262,0.1325,0.1146,0.1228,0.1172,0.111,0.1047,0.1187,0.097,0.1237,0.1115,0.1019,0.1205,0.1094,0.1026,0.0972,0.1197,0.1182,0.0958
Test loss: 0.9996,0.6251,0.4433,0.3936,0.3366,0.3022,0.2872,0.2721,0.2573,0.2594,0.2546,0.2624,0.2461,0.2654,0.2664,0.2637,0.2519,0.2611,0.2625,0.2884,0.2676,0.2844,0.2958,0.2768,0.2976,0.3008,0.2997,0.2928,0.3162,0.294,0.3324,0.3315,0.3257,0.3571,0.3683,0.3494,0.3532,0.3928,0.3931,0.355
Train accuracy: 64.5,82.9,87.9,89.6,91.4,92.6,93.3,93.8,94.4,94.6,95.2,94.9,95.6,95.3,95.4,95.5,95.8,95.9,96.0,95.7,96.3,96.3,96.1,96.6,96.4,96.5,96.7,96.8,96.5,97.1,96.3,96.7,97.0,96.5,96.7,96.9,97.1,96.5,96.5,97.1
Test accuracy: 64.8,83.3,88.3,89.4,90.7,91.6,92.4,92.6,92.9,93.0,93.3,93.2,93.5,93.1,93.1,93.2,93.4,93.3,93.4,92.8,93.3,93.2,92.8,93.3,93.2,93.3,93.2,93.3,93.0,93.6,92.8,92.9,93.6,92.5,92.9,93.1,93.2,92.5,92.5,93.0
Seed 3/10
Train loss: 1.0128,0.6532,0.4416,0.3382,0.2923,0.2698,0.2358,0.2226,0.1982,0.1773,0.1778,0.1672,0.1538,0.1291,0.1408,0.1395,0.132,0.1319,0.1114,0.1114,0.121,0.1146,0.1186,0.1071,0.0965,0.0989,0.0981,0.0977,0.1048,0.0952,0.0822,0.0905,0.0825,0.1029,0.0862,0.0773,0.0844,0.0779,0.0734,0.0905
Test loss: 1.0013,0.6532,0.457,0.3681,0.3382,0.3183,0.2942,0.2929,0.2785,0.259,0.2708,0.2648,0.2612,0.2483,0.2679,0.2716,0.2689,0.2785,0.2645,0.2755,0.2904,0.2903,0.2988,0.2952,0.2817,0.3039,0.2937,0.3002,0.318,0.3139,0.3009,0.3196,0.3142,0.3396,0.3409,0.3332,0.3358,0.3474,0.3421,0.3693
Train accuracy: 67.9,83.4,89.6,91.6,92.7,93.2,94.0,94.0,94.7,95.3,95.2,95.4,96.0,96.6,96.1,96.1,96.3,96.5,97.0,97.0,96.6,96.8,96.7,97.0,97.3,97.3,97.3,97.4,97.0,97.3,97.7,97.6,97.7,97.0,97.8,97.8,97.6,97.9,97.9,97.5
Test accuracy: 68.7,82.6,88.9,90.9,91.8,92.0,92.7,92.6,92.8,93.6,93.3,93.6,93.9,94.0,93.5,93.4,93.5,93.7,94.2,93.9,93.6,93.7,93.5,93.8,93.8,93.9,93.8,93.9,93.5,93.6,94.0,94.0,93.9,93.3,93.9,93.8,93.3,93.9,93.5,93.3
Seed 4/10
Train loss: 0.3263,0.1478,0.1086,0.0955,0.0815,0.0699,0.065,0.048,0.0489,0.037,0.0376,0.0341,0.0348,0.0377,0.0347,0.0256,0.0301,0.0304,0.022,0.0319,0.0265,0.0307,0.0206,0.0232,0.0211,0.0122,0.0319,0.0101,0.0117,0.0188,0.0108,0.0112,0.0182,0.011,0.0087,0.0067,0.0106,0.0069,0.0138,0.0085
Test loss: 0.33,0.1653,0.1431,0.1405,0.1325,0.138,0.1348,0.1085,0.1193,0.1232,0.1323,0.1313,0.1469,0.1564,0.1811,0.1577,0.1774,0.1954,0.1828,0.2127,0.1901,0.2225,0.1972,0.1977,0.2238,0.1992,0.224,0.1903,0.1861,0.2354,0.2042,0.2165,0.2333,0.2192,0.2107,0.215,0.2372,0.2295,0.232,0.2148
Train accuracy: 91.4,95.7,96.8,97.3,97.6,98.1,98.1,98.5,98.5,98.8,98.8,98.9,99.0,98.8,99.0,99.2,99.1,99.1,99.3,99.1,99.2,99.1,99.3,99.3,99.4,99.5,99.1,99.7,99.6,99.4,99.7,99.6,99.4,99.6,99.7,99.8,99.7,99.8,99.5,99.7
Test accuracy: 91.9,95.7,96.4,96.5,96.9,96.9,97.0,97.3,97.3,97.3,97.2,97.3,97.4,96.8,97.1,97.4,97.1,97.0,97.3,97.2,97.1,96.9,97.3,97.3,97.2,97.4,97.0,97.4,97.4,97.1,97.4,97.2,97.2,97.4,97.3,97.5,97.4,97.3,97.3,97.3
Seed 5/10
Train loss: 0.717,0.5336,0.3784,0.3013,0.2628,0.2377,0.1675,0.116,0.092,0.0732,0.0709,0.0742,0.0707,0.08,0.0591,0.0522,0.042,0.0397,0.0335,0.0416,0.0339,0.0344,0.0295,0.0278,0.0272,0.0228,0.0207,0.0343,0.0255,0.0406,0.034,0.0219,0.0291,0.0212,0.0247,0.0153,0.0223,0.013,0.0255,0.0165
Test loss: 0.6972,0.5329,0.3921,0.3245,0.2982,0.2831,0.2164,0.1722,0.158,0.1468,0.153,0.1617,0.1695,0.1937,0.1763,0.1786,0.1753,0.1791,0.1747,0.1813,0.1801,0.1864,0.1833,0.1983,0.2127,0.1979,0.1917,0.2159,0.1935,0.254,0.23,0.2152,0.2502,0.2224,0.2385,0.2186,0.2247,0.2267,0.2462,0.2262
Train accuracy: 72.9,76.3,85.9,87.4,88.5,90.4,96.2,96.8,97.3,97.9,97.9,97.7,97.8,97.4,98.1,98.4,98.7,98.8,99.0,98.7,99.0,98.9,99.1,99.2,99.2,99.3,99.3,99.0,99.2,98.8,99.0,99.4,99.2,99.4,99.3,99.6,99.3,99.7,99.2,99.5
Test accuracy: 73.5,76.5,85.4,87.0,87.8,89.3,95.0,95.8,96.0,96.5,96.2,96.0,96.0,95.7,96.1,96.0,96.4,96.4,96.3,96.3,96.4,96.4,96.5,96.4,96.6,96.6,96.7,96.3,96.7,96.1,96.3,96.5,96.5,96.4,96.4,96.6,96.5,96.6,96.4,96.6
Seed 6/10
Train loss: 0.3482,0.1976,0.1524,0.1121,0.097,0.0866,0.096,0.0628,0.0644,0.0636,0.0816,0.0431,0.0447,0.0399,0.0363,0.0343,0.0315,0.0266,0.0407,0.0259,0.0234,0.0254,0.022,0.0166,0.0232,0.0226,0.0211,0.0168,0.0197,0.0127,0.0123,0.0202,0.0144,0.0155,0.0132,0.0348,0.0151,0.013,0.0087,0.0068
Test loss: 0.3385,0.2007,0.1686,0.1305,0.1237,0.1255,0.1451,0.116,0.1323,0.1299,0.1612,0.1228,0.1297,0.1329,0.146,0.1315,0.1405,0.1258,0.1515,0.1541,0.156,0.1544,0.1702,0.1641,0.1666,0.1785,0.1931,0.1862,0.1895,0.1961,0.185,0.2015,0.1734,0.204,0.187,0.2223,0.1974,0.1823,0.1758,0.1926
Train accuracy: 91.0,94.2,95.3,96.7,97.1,97.4,97.0,98.1,98.0,98.0,97.4,98.7,98.6,98.7,98.9,98.9,99.0,99.1,98.7,99.2,99.3,99.2,99.3,99.5,99.3,99.3,99.3,99.5,99.4,99.6,99.6,99.4,99.5,99.5,99.6,99.0,99.5,99.6,99.7,99.8
Test accuracy: 90.8,93.8,94.8,96.1,96.2,96.3,95.7,96.7,96.4,96.4,95.5,96.8,96.8,96.9,96.8,97.0,97.0,97.1,96.5,96.9,97.2,97.0,96.8,97.1,96.6,96.9,96.9,97.0,96.9,96.8,97.0,96.9,97.2,97.2,97.2,96.5,97.2,97.1,97.3,97.4
Seed 7/10
Train loss: 1.7382,1.5702,1.4129,1.346,1.2955,1.2612,1.1825,1.1266,1.0923,1.0861,1.0382,1.0254,1.0335,1.0023,0.9785,0.966,0.9815,0.968,0.9628,0.9359,0.9368,0.9367,0.9266,0.9375,0.9203,0.9305,0.9138,0.9089,0.8898,0.8922,0.9179,0.89,0.8829,0.8963,0.8656,0.878,0.8648,0.8606,0.8635,0.8743
Test loss: 1.7352,1.5735,1.419,1.3541,1.3042,1.2721,1.1929,1.1487,1.1241,1.1165,1.0815,1.0793,1.091,1.0713,1.0565,1.0475,1.0615,1.0513,1.0557,1.041,1.0431,1.0459,1.0365,1.0459,1.0381,1.0525,1.0365,1.0383,1.0315,1.0327,1.0493,1.0237,1.0377,1.0527,1.0308,1.0444,1.0291,1.0334,1.0377,1.0499
Train accuracy: 31.9,38.3,40.6,40.1,39.9,46.1,51.5,54.4,56.5,55.4,58.2,58.7,57.7,58.7,59.7,60.4,59.0,59.7,59.5,60.8,60.6,60.8,61.4,60.4,61.1,60.4,61.3,61.5,62.5,61.8,60.5,62.2,62.6,61.3,62.9,62.3,63.4,63.2,63.0,62.4
Test accuracy: 31.8,38.3,40.8,40.2,40.5,46.6,51.8,54.3,55.7,55.1,56.9,57.4,56.5,57.2,57.9,58.6,57.4,58.0,57.4,58.5,57.9,58.3,59.0,58.2,58.5,57.9,58.9,58.7,59.3,58.8,57.6,59.5,59.1,57.8,59.4,58.6,60.1,59.6,59.2,58.5
Seed 8/10
Train loss: 0.7876,0.4267,0.227,0.17,0.1521,0.1352,0.1108,0.0988,0.0918,0.0886,0.0829,0.0696,0.0755,0.0771,0.0565,0.0516,0.0687,0.0501,0.0501,0.046,0.0517,0.0404,0.0378,0.0347,0.0367,0.0433,0.0363,0.0357,0.0266,0.0351,0.0403,0.0299,0.0446,0.0284,0.0364,0.0286,0.0349,0.0266,0.0227,0.0302
Test loss: 0.7938,0.4321,0.2517,0.2014,0.1831,0.1832,0.1729,0.1736,0.1796,0.1688,0.1879,0.1709,0.1977,0.1918,0.192,0.1925,0.2187,0.2058,0.2114,0.2146,0.2355,0.2276,0.2214,0.2141,0.2258,0.2286,0.2266,0.2445,0.2302,0.2346,0.2502,0.2407,0.2656,0.2617,0.2495,0.2436,0.2719,0.2464,0.2487,0.2595
Train accuracy: 74.3,87.9,94.1,95.4,95.7,96.2,96.8,97.1,97.3,97.4,97.5,97.9,97.8,97.7,98.3,98.5,97.9,98.6,98.5,98.6,98.5,98.8,98.9,99.0,98.9,98.7,98.9,99.0,99.3,98.9,98.8,99.1,98.7,99.2,98.9,99.2,99.0,99.2,99.3,99.1
Test accuracy: 74.8,88.1,93.6,94.8,95.0,95.0,95.3,95.5,95.7,95.7,95.8,96.3,95.7,95.8,96.2,96.3,95.9,96.4,96.3,96.2,96.1,96.3,96.3,96.5,96.4,96.3,96.4,96.3,96.6,96.2,96.0,96.5,96.0,96.4,96.4,96.3,96.2,96.4,96.4,96.4
Seed 9/10
Train loss: 0.9895,0.7004,0.5213,0.3931,0.3254,0.2901,0.2619,0.239,0.2263,0.2282,0.2062,0.2162,0.1876,0.1822,0.1718,0.171,0.1638,0.1604,0.1589,0.1554,0.1457,0.1471,0.1424,0.1382,0.1462,0.1655,0.1382,0.1326,0.143,0.1322,0.1324,0.1352,0.1254,0.1226,0.1158,0.1245,0.1209,0.1121,0.1411,0.1125
Test loss: 0.9778,0.7001,0.5313,0.4212,0.3635,0.3383,0.325,0.3181,0.3102,0.3238,0.3125,0.3247,0.3095,0.3102,0.3091,0.3265,0.3196,0.3327,0.3273,0.3454,0.3425,0.34,0.3445,0.3542,0.3791,0.3901,0.3735,0.3728,0.3948,0.3891,0.3939,0.3802,0.3888,0.4039,0.4125,0.42,0.422,0.4191,0.4449,0.421
Train accuracy: 64.4,78.2,85.7,89.5,91.3,91.9,92.7,93.4,93.7,93.6,94.2,93.9,94.8,94.9,95.3,95.3,95.4,95.4,95.5,95.6,95.8,95.6,95.9,96.1,95.7,95.2,96.0,96.2,95.8,96.1,96.1,96.1,96.3,96.3,96.7,96.3,96.5,96.8,96.0,96.8
Test accuracy: 64.8,77.7,85.5,88.6,90.2,90.8,91.2,91.5,91.9,91.4,92.0,91.5,92.2,92.4,92.3,92.3,92.5,91.9,92.5,92.2,92.2,92.0,92.0,92.0,91.8,91.6,91.6,92.0,91.6,91.8,91.8,91.7,91.8,91.7,91.8,91.6,91.5,91.9,91.4,91.8
Seed 10/10
Train loss: 0.4078,0.2521,0.1861,0.1628,0.1383,0.1267,0.1182,0.0973,0.0989,0.0886,0.0841,0.0786,0.066,0.0623,0.0632,0.0501,0.0423,0.0482,0.0603,0.0347,0.046,0.0409,0.037,0.0319,0.042,0.0436,0.0324,0.0414,0.0291,0.0305,0.0359,0.032,0.0302,0.0426,0.0282,0.022,0.0277,0.0236,0.0273,0.0196
Test loss: 0.4031,0.2573,0.1963,0.1874,0.1694,0.1659,0.171,0.1645,0.1713,0.1775,0.1874,0.1994,0.1871,0.2008,0.2123,0.2046,0.2022,0.2204,0.2433,0.2079,0.2349,0.225,0.2222,0.2253,0.2628,0.2561,0.237,0.2724,0.2462,0.2623,0.2829,0.2643,0.2643,0.3011,0.2714,0.2631,0.2817,0.2714,0.276,0.2685
Train accuracy: 90.4,93.5,95.2,95.6,96.2,96.5,96.8,97.3,97.0,97.4,97.6,97.8,98.1,98.2,98.3,98.6,98.8,98.7,98.3,99.0,98.7,98.8,98.9,99.1,98.9,98.8,99.1,98.8,99.2,99.1,99.0,99.1,99.1,98.9,99.2,99.4,99.3,99.3,99.2,99.5
Test accuracy: 90.5,93.3,94.7,95.1,95.6,95.4,95.6,95.7,95.6,95.7,95.6,95.6,95.9,95.9,95.9,95.9,95.9,95.9,95.8,95.8,95.9,96.0,96.0,96.3,95.7,95.8,96.1,95.8,96.2,95.8,95.7,96.0,95.7,95.5,96.0,96.2,95.8,96.2,95.9,96.0
