Seed 1/10
Train loss: 0.9155,0.618,0.5476,0.482,0.4435,0.4159,0.3851,0.3502,0.2538,0.2366,0.2068,0.193,0.2022,0.1877,0.172,0.1761,0.182,0.1741,0.1467,0.1563,0.2079,0.1389,0.1615,0.1337,0.1393,0.1444,0.1503,0.1308,0.1614,0.1563,0.1493,0.1465,0.1266,0.1098,0.1264,0.1111,0.1236,0.1138,0.1166,0.1121
Test loss: 0.9156,0.6323,0.5678,0.5121,0.4821,0.4691,0.4526,0.4079,0.3256,0.3131,0.2975,0.2941,0.3154,0.3111,0.2974,0.3185,0.3212,0.3205,0.3097,0.325,0.3851,0.3123,0.3532,0.3236,0.3349,0.3495,0.3629,0.3485,0.3954,0.3863,0.4013,0.3845,0.3785,0.3611,0.3947,0.3813,0.3961,0.3966,0.4114,0.4085
Train accuracy: 69.4,79.7,80.1,81.2,82.2,82.6,84.1,90.5,93.2,93.4,94.3,94.6,94.3,94.6,95.1,95.1,94.7,94.9,96.0,95.6,93.9,96.0,95.3,96.2,96.0,95.6,95.7,96.0,95.2,95.3,95.4,95.5,96.2,96.9,96.1,96.9,96.5,96.7,96.5,96.7
Test accuracy: 69.2,79.3,79.9,80.4,81.2,81.7,82.6,89.4,91.8,91.9,92.7,92.7,92.0,92.2,92.7,92.4,92.0,92.4,92.9,92.4,90.9,92.7,92.0,93.0,92.6,92.1,91.9,92.0,91.3,91.5,91.3,91.6,92.0,92.7,91.7,92.5,92.1,92.2,92.0,92.1
Seed 2/10
Train loss: 1.8067,1.4363,1.1795,0.9818,0.645,0.4953,0.4328,0.3533,0.3412,0.307,0.3014,0.2989,0.2824,0.2835,0.2724,0.2675,0.2801,0.263,0.252,0.2614,0.2677,0.2572,0.2426,0.2335,0.1908,0.1686,0.1555,0.1561,0.1802,0.14,0.1705,0.1572,0.1882,0.1609,0.1486,0.1623,0.1296,0.1358,0.1238,0.1415
Test loss: 1.7985,1.43,1.1855,0.9794,0.6486,0.5168,0.4577,0.3879,0.3873,0.3658,0.3679,0.3731,0.3671,0.3799,0.3807,0.3722,0.3896,0.3775,0.3788,0.3981,0.4077,0.4042,0.3955,0.3795,0.3196,0.3057,0.2994,0.3118,0.3399,0.3141,0.3537,0.3427,0.378,0.3603,0.3674,0.3781,0.3604,0.3624,0.352,0.3855
Train accuracy: 29.5,42.9,53.7,62.9,74.7,81.3,83.0,85.3,85.4,86.4,86.3,86.4,86.8,86.8,87.1,87.2,86.8,87.3,87.6,87.3,87.2,87.3,87.5,89.6,94.4,95.2,95.5,95.5,94.9,96.1,95.2,95.5,94.6,95.6,95.7,95.3,96.3,96.2,96.4,96.1
Test accuracy: 30.4,42.7,53.5,63.2,74.8,80.9,82.3,84.6,84.5,85.2,85.1,85.1,85.2,84.9,85.2,85.3,84.7,85.3,85.2,84.8,84.8,84.8,84.6,86.4,91.3,92.2,92.1,92.2,91.7,92.2,91.8,91.7,91.0,92.2,91.5,91.0,91.8,91.9,92.2,91.6
Seed 3/10
Train loss: 1.7854,1.6684,1.5789,1.4688,1.4109,1.3471,1.359,1.2884,1.2783,1.2367,1.2359,1.2146,1.1923,1.2116,1.204,1.1613,1.1541,1.1484,1.1286,1.1321,1.1411,1.1291,1.1108,1.1266,1.123,1.1068,1.1201,0.9998,0.9818,0.9723,0.9709,0.9747,0.957,0.9495,0.9464,0.9198,0.9352,0.9084,0.9374,0.9066
Test loss: 1.7729,1.6653,1.5842,1.4774,1.4221,1.3539,1.3737,1.3083,1.3023,1.27,1.2764,1.2593,1.2498,1.2786,1.2756,1.23,1.2357,1.2317,1.2195,1.2201,1.239,1.2334,1.2239,1.2389,1.2398,1.2265,1.2342,1.0973,1.0885,1.0743,1.0773,1.0875,1.0609,1.0664,1.057,1.0402,1.0562,1.0468,1.0635,1.0396
Train accuracy: 25.2,28.8,33.4,40.5,40.9,43.7,42.8,46.6,47.2,50.3,49.9,50.4,51.2,49.6,49.3,52.4,52.4,52.2,53.2,53.2,51.9,53.2,53.0,53.3,52.9,53.1,53.0,59.1,60.4,61.8,61.4,60.3,60.9,61.4,61.8,62.9,62.5,63.3,62.2,62.7
Test accuracy: 25.2,29.1,33.5,40.4,41.1,43.9,42.9,46.8,47.0,49.6,48.9,49.4,50.0,48.4,47.7,50.9,50.8,50.4,51.5,51.5,49.8,51.3,50.5,51.3,50.7,50.4,50.2,56.8,57.6,59.2,59.3,57.8,58.6,59.1,60.0,60.2,60.3,60.7,59.7,60.2
Seed 4/10
Train loss: 2.3032,2.3013,2.3013,2.3012,2.3012,2.3012,2.3012,2.3012,2.3012,2.3012,2.3012,2.3012,2.3012,2.3012,2.3012,2.3012,2.3012,2.3012,2.3012,2.3012,2.3012,2.3012,2.3012,2.3012,2.3012,2.3012,2.3012,2.3012,2.3012,2.3012,2.3012,2.3012,2.3012,2.3012,2.3012,2.3012,2.3012,2.3012,2.3012,2.3012
Test loss: 2.3033,2.3012,2.3011,2.3011,2.3011,2.3011,2.3012,2.3011,2.3011,2.3011,2.3011,2.301,2.3011,2.301,2.301,2.3011,2.301,2.301,2.3011,2.3011,2.3011,2.3011,2.3011,2.3011,2.3011,2.3011,2.3011,2.3011,2.3011,2.301,2.301,2.3011,2.3011,2.3011,2.301,2.3011,2.301,2.3011,2.3011,2.3011
Train accuracy: 10.4,11.2,11.2,11.2,11.2,11.2,11.2,11.2,11.2,11.2,11.2,11.2,11.2,11.2,11.2,11.2,11.2,11.2,11.2,11.2,11.2,11.2,11.2,11.2,11.2,11.2,11.2,11.2,11.2,11.2,11.2,11.2,11.2,11.2,11.2,11.2,11.2,11.2,11.2,11.2
Test accuracy: 10.3,11.3,11.3,11.3,11.3,11.3,11.3,11.3,11.3,11.3,11.3,11.3,11.3,11.3,11.3,11.3,11.3,11.3,11.3,11.3,11.3,11.3,11.3,11.3,11.3,11.3,11.3,11.3,11.3,11.3,11.3,11.3,11.3,11.3,11.3,11.3,11.3,11.3,11.3,11.3
Seed 5/10
Train loss: 1.2484,0.9137,0.7022,0.5533,0.434,0.2142,0.1655,0.1252,0.0965,0.0779,0.065,0.0631,0.0544,0.0654,0.0539,0.0523,0.0521,0.0453,0.0445,0.0442,0.05,0.0311,0.0322,0.0354,0.0366,0.0445,0.0431,0.0307,0.0232,0.0275,0.0285,0.0211,0.0194,0.0224,0.0285,0.0228,0.0187,0.0181,0.0151,0.0242
Test loss: 1.249,0.9201,0.7288,0.5897,0.4899,0.2533,0.2194,0.1828,0.1593,0.1515,0.1437,0.1513,0.1481,0.1676,0.1613,0.1607,0.1707,0.1784,0.1871,0.1876,0.2033,0.1863,0.1922,0.2109,0.2025,0.2167,0.2249,0.1909,0.2064,0.2136,0.2267,0.2113,0.2328,0.2377,0.2349,0.2238,0.2297,0.216,0.2215,0.2602
Train accuracy: 55.0,66.2,81.0,85.8,88.6,94.3,95.3,96.4,97.2,97.8,98.1,98.1,98.4,98.0,98.4,98.4,98.3,98.6,98.6,98.5,98.3,99.0,99.0,98.9,98.8,98.6,98.6,99.0,99.3,99.1,99.1,99.3,99.4,99.3,99.1,99.3,99.4,99.4,99.5,99.3
Test accuracy: 55.2,66.9,80.3,85.5,87.6,93.6,94.4,95.2,95.6,96.0,96.2,96.3,96.3,96.0,96.3,96.1,96.1,96.0,96.1,96.0,95.9,96.2,96.2,96.0,96.1,95.6,95.6,96.3,96.2,96.1,96.1,96.3,96.2,96.2,95.9,96.0,96.2,96.3,96.3,96.0
Seed 6/10
Train loss: 0.9315,0.681,0.5411,0.4905,0.4518,0.3744,0.2729,0.2544,0.2172,0.203,0.1829,0.1722,0.1714,0.1512,0.1422,0.1398,0.1282,0.1291,0.1182,0.1269,0.1085,0.1228,0.1156,0.1049,0.1044,0.097,0.0993,0.1053,0.1272,0.098,0.0914,0.1159,0.0988,0.121,0.0826,0.0779,0.0937,0.1424,0.1433,0.1008
Test loss: 0.9258,0.6815,0.5535,0.5132,0.4787,0.4098,0.3274,0.3093,0.2821,0.2775,0.2657,0.2648,0.2562,0.2518,0.2541,0.2636,0.2557,0.2618,0.2553,0.2628,0.2586,0.2935,0.2915,0.2862,0.2828,0.2974,0.2947,0.304,0.3376,0.3203,0.3159,0.3532,0.3376,0.3751,0.3343,0.3275,0.3555,0.4086,0.4109,0.3582
Train accuracy: 67.7,74.9,79.2,80.7,82.8,87.6,91.5,92.7,93.7,94.1,94.9,95.2,94.8,95.7,95.9,95.9,96.3,96.1,96.5,96.2,96.8,96.4,96.6,96.9,96.9,97.3,97.1,96.9,96.0,97.2,97.3,96.7,97.1,96.5,97.6,97.8,97.2,95.9,95.8,97.1
Test accuracy: 67.6,74.6,79.0,80.3,82.3,86.8,90.3,92.0,92.6,92.5,93.1,93.4,93.1,93.7,93.7,93.3,93.5,93.3,93.7,93.6,93.8,93.2,93.1,93.2,93.5,93.8,93.5,93.3,92.4,93.5,93.5,92.9,93.1,92.3,93.4,93.5,93.0,91.8,91.7,93.0
Seed 7/10
Train loss: 1.132,0.9314,0.8331,0.7482,0.5516,0.3991,0.3564,0.3559,0.2783,0.2789,0.2528,0.2567,0.2471,0.2298,0.24,0.2308,0.2006,0.191,0.1924,0.2131,0.1941,0.2337,0.1901,0.1954,0.2014,0.2131,0.2225,0.1647,0.2038,0.1807,0.1859,0.1931,0.1889,0.2099,0.2001,0.2248,0.1642,0.189,0.1965,0.171
Test loss: 1.1387,0.9366,0.8526,0.7749,0.5857,0.4438,0.4143,0.4262,0.3397,0.3586,0.3333,0.3466,0.3408,0.3388,0.3619,0.3613,0.3248,0.3148,0.3268,0.3538,0.3442,0.3756,0.3551,0.3545,0.3516,0.378,0.4015,0.3449,0.3989,0.3705,0.39,0.4024,0.3989,0.4128,0.4229,0.4522,0.4024,0.4323,0.4302,0.4309
Train accuracy: 52.2,59.3,62.2,69.4,79.4,89.3,90.0,89.7,92.3,91.9,92.6,92.5,92.6,93.3,92.9,93.3,94.0,94.2,94.4,93.2,94.1,92.9,94.3,93.9,93.7,93.4,93.2,95.0,93.9,94.5,94.3,94.1,94.1,93.6,93.7,93.2,95.0,94.3,94.0,94.8
Test accuracy: 51.7,59.2,62.0,69.0,79.0,88.7,89.0,88.6,91.0,90.7,91.0,91.0,91.1,91.3,90.8,91.2,91.5,91.6,91.6,90.5,91.1,90.1,91.1,90.8,90.6,90.3,89.8,91.4,90.2,90.8,90.6,90.4,90.2,90.0,89.9,89.5,90.7,90.2,90.2,90.4
Seed 8/10
Train loss: 0.8314,0.5136,0.264,0.1132,0.0893,0.0818,0.0829,0.0625,0.059,0.061,0.0537,0.0584,0.073,0.0666,0.0495,0.0489,0.0771,0.0345,0.0362,0.0433,0.0359,0.0387,0.0342,0.0244,0.0325,0.0257,0.0232,0.0167,0.0174,0.0442,0.0184,0.019,0.0262,0.025,0.0175,0.0146,0.0164,0.0219,0.0151,0.0137
Test loss: 0.8273,0.5211,0.2719,0.1318,0.1206,0.1152,0.1295,0.119,0.127,0.1393,0.129,0.1363,0.163,0.1656,0.1584,0.1532,0.2017,0.1538,0.1653,0.1715,0.1697,0.1738,0.1716,0.1555,0.1799,0.1695,0.1639,0.1667,0.1669,0.2086,0.1742,0.1807,0.1902,0.1882,0.1898,0.1787,0.1865,0.197,0.1841,0.1892
Train accuracy: 66.8,79.3,93.2,96.9,97.5,97.6,97.5,98.2,98.3,98.2,98.4,98.2,97.9,98.1,98.6,98.5,97.9,98.9,98.9,98.8,98.9,98.9,99.0,99.2,99.1,99.2,99.3,99.5,99.5,98.9,99.5,99.5,99.3,99.3,99.5,99.6,99.5,99.4,99.6,99.6
Test accuracy: 67.2,78.7,93.2,96.7,96.8,96.9,96.7,97.1,96.8,96.8,96.9,96.6,96.6,96.5,96.9,96.7,96.0,97.1,96.9,97.0,97.0,97.0,97.2,97.4,97.1,97.2,97.3,97.3,97.3,96.7,97.3,97.1,97.0,97.2,97.2,97.3,97.2,97.2,97.3,97.5
Seed 9/10
Train loss: 0.5486,0.2689,0.1923,0.1401,0.1209,0.1036,0.0983,0.0765,0.0951,0.0683,0.062,0.0697,0.0527,0.0558,0.0547,0.0623,0.048,0.0502,0.0438,0.0421,0.056,0.0369,0.058,0.0345,0.0541,0.0393,0.0264,0.0297,0.0277,0.0342,0.0388,0.0349,0.0222,0.031,0.0283,0.0172,0.0264,0.022,0.0204,0.0219
Test loss: 0.5332,0.2807,0.2162,0.1733,0.1641,0.1514,0.1589,0.1433,0.1676,0.1566,0.1565,0.1666,0.1655,0.1725,0.1866,0.1873,0.1715,0.1861,0.1999,0.1877,0.2114,0.1979,0.2192,0.2094,0.2307,0.2357,0.1992,0.2036,0.188,0.2149,0.2216,0.2272,0.2095,0.2163,0.2171,0.2115,0.2282,0.2238,0.2521,0.2491
Train accuracy: 85.7,92.9,94.8,96.1,96.5,97.0,97.0,97.7,97.0,97.8,98.1,97.8,98.4,98.2,98.3,98.0,98.5,98.4,98.6,98.7,98.2,98.9,98.2,98.9,98.4,98.8,99.2,99.1,99.1,99.0,98.8,98.9,99.4,99.1,99.1,99.5,99.2,99.4,99.4,99.3
Test accuracy: 86.2,92.4,94.2,95.2,95.5,95.7,95.4,96.1,95.7,95.9,96.0,96.1,96.1,95.8,96.0,95.9,96.0,95.9,95.8,96.2,95.7,96.1,95.7,96.0,95.7,96.0,96.4,96.3,96.4,96.2,95.9,96.4,96.6,96.0,96.3,96.8,96.4,96.3,96.4,96.2
Seed 10/10
Train loss: 0.5344,0.3307,0.21,0.1947,0.1382,0.1475,0.1314,0.1229,0.1234,0.1121,0.1396,0.0718,0.0697,0.0666,0.074,0.0612,0.0516,0.0759,0.0525,0.0606,0.059,0.0372,0.0384,0.0383,0.047,0.0382,0.0299,0.0313,0.0383,0.0246,0.0243,0.0268,0.0238,0.0238,0.0406,0.0248,0.0206,0.0269,0.0227,0.0249
Test loss: 0.546,0.3482,0.2424,0.2477,0.1921,0.217,0.2048,0.2207,0.2174,0.2386,0.2747,0.193,0.1905,0.2177,0.2384,0.2271,0.2255,0.2547,0.2196,0.2454,0.2392,0.2324,0.2204,0.2398,0.2471,0.2675,0.2522,0.2482,0.2516,0.2583,0.2449,0.2646,0.2568,0.2856,0.2837,0.2501,0.2784,0.2916,0.2799,0.2702
Train accuracy: 80.5,92.2,94.6,94.3,96.0,95.5,95.9,96.1,96.1,96.7,95.7,97.9,97.8,98.0,97.8,98.2,98.4,97.6,98.3,98.2,98.1,98.9,98.9,98.9,98.6,98.9,99.1,99.1,98.9,99.3,99.3,99.2,99.3,99.3,98.9,99.3,99.5,99.3,99.4,99.3
Test accuracy: 80.4,91.8,93.8,93.2,94.8,93.8,94.2,94.5,94.5,94.8,93.9,95.7,95.5,95.5,95.6,95.9,95.7,94.9,95.6,95.4,95.4,96.0,95.9,95.8,95.7,95.9,95.9,96.2,95.9,96.1,96.1,96.1,96.0,95.8,95.8,96.0,96.1,95.8,95.9,96.0
