Seed 1/10
Train loss: 0.1882,0.1377,0.1076,0.0848,0.0819,0.0588,0.0525,0.0438,0.0393,0.0424,0.0368,0.0262,0.0326,0.0233,0.0239,0.0335,0.0237,0.019,0.034,0.0157,0.0225,0.0131,0.0102,0.0193,0.0156,0.0115,0.0087,0.0149,0.0108,0.0112,0.0167,0.011,0.0121,0.0081,0.0083,0.0093,0.0082,0.0043,0.0057,0.0091
Test loss: 0.1927,0.159,0.1405,0.1269,0.1312,0.1182,0.1206,0.1163,0.1312,0.1371,0.1423,0.135,0.148,0.1493,0.1475,0.1741,0.1584,0.1613,0.1934,0.1634,0.1858,0.1746,0.1656,0.1963,0.1873,0.1669,0.1652,0.2007,0.1939,0.2091,0.198,0.2127,0.2088,0.2124,0.215,0.2157,0.2225,0.2115,0.1981,0.2298
Train accuracy: 94.9,96.0,96.9,97.6,97.7,98.3,98.5,98.6,98.8,98.7,98.9,99.2,99.0,99.3,99.2,99.0,99.2,99.4,99.1,99.5,99.3,99.6,99.7,99.4,99.5,99.6,99.7,99.6,99.7,99.7,99.5,99.6,99.6,99.7,99.8,99.7,99.7,99.9,99.8,99.7
Test accuracy: 94.8,95.6,96.2,96.7,96.7,97.2,97.3,97.5,97.3,97.2,97.4,97.5,97.3,97.3,97.4,97.1,97.3,97.4,97.1,97.4,97.3,97.5,97.5,97.2,97.3,97.6,97.7,97.3,97.4,97.4,97.4,97.3,97.2,97.3,97.4,97.5,97.3,97.5,97.5,97.4
Seed 2/10
Train loss: 0.2041,0.1191,0.0927,0.0926,0.0781,0.0669,0.0539,0.0457,0.045,0.0745,0.0316,0.039,0.0302,0.0401,0.0302,0.0214,0.0246,0.0214,0.0233,0.0166,0.017,0.014,0.0312,0.0173,0.017,0.02,0.016,0.0138,0.0079,0.0209,0.0069,0.0128,0.0113,0.0079,0.0086,0.0104,0.0063,0.0099,0.0096,0.0072
Test loss: 0.2058,0.1445,0.1309,0.1327,0.1283,0.1277,0.1271,0.1272,0.1464,0.1652,0.1481,0.1878,0.1721,0.1877,0.1929,0.182,0.1845,0.1767,0.197,0.202,0.1907,0.193,0.233,0.2266,0.2086,0.237,0.202,0.2195,0.216,0.2397,0.2231,0.2249,0.2321,0.225,0.2409,0.2408,0.2373,0.2446,0.2469,0.244
Train accuracy: 94.3,96.6,97.3,97.2,97.7,98.0,98.3,98.6,98.6,97.7,99.0,98.8,99.1,98.8,99.1,99.3,99.2,99.3,99.3,99.5,99.5,99.6,99.2,99.5,99.4,99.4,99.5,99.6,99.8,99.4,99.8,99.6,99.7,99.8,99.7,99.7,99.8,99.7,99.7,99.8
Test accuracy: 94.3,96.2,96.7,96.6,96.7,96.7,96.9,97.1,97.0,96.5,97.2,96.9,97.2,96.9,97.0,97.2,97.2,97.2,97.2,97.1,97.2,97.5,97.0,97.0,97.2,97.1,97.3,97.2,97.2,97.1,97.2,97.1,97.2,97.3,97.3,97.3,97.2,97.3,97.2,97.3
Seed 3/10
Train loss: 0.6499,0.2586,0.211,0.1782,0.1607,0.1444,0.1284,0.1153,0.1163,0.1069,0.0987,0.1076,0.0909,0.1419,0.1187,0.0767,0.11,0.067,0.0745,0.053,0.0542,0.0527,0.0512,0.051,0.0454,0.0616,0.0465,0.0432,0.047,0.0483,0.0467,0.0501,0.0392,0.0442,0.0427,0.0361,0.0295,0.0482,0.0422,0.0399
Test loss: 0.6543,0.2652,0.2347,0.2161,0.2133,0.212,0.2089,0.2076,0.2229,0.2236,0.2267,0.2483,0.2448,0.3279,0.2966,0.2586,0.3011,0.2591,0.2983,0.2592,0.2884,0.2758,0.2818,0.2762,0.2922,0.3286,0.3005,0.3038,0.3155,0.3224,0.3436,0.3611,0.3356,0.3577,0.3336,0.3605,0.3423,0.3834,0.3764,0.3899
Train accuracy: 79.0,92.9,94.0,94.7,95.2,95.6,96.2,96.7,96.6,96.8,97.1,96.8,97.3,95.9,96.5,97.8,96.7,98.0,97.8,98.4,98.4,98.4,98.5,98.5,98.6,98.2,98.6,98.7,98.6,98.6,98.6,98.6,98.8,98.7,98.7,99.0,99.2,98.6,98.7,98.9
Test accuracy: 79.0,92.5,93.4,93.8,93.9,94.1,94.5,94.8,94.6,94.8,95.0,94.6,95.0,93.5,94.0,95.1,94.3,95.2,94.9,95.3,95.4,95.6,95.6,95.5,95.4,95.1,95.2,95.3,95.3,95.2,95.2,95.1,95.3,94.9,95.2,95.4,95.4,94.8,95.2,95.2
Seed 4/10
Train loss: 0.1358,0.0951,0.0674,0.0482,0.0432,0.0361,0.0338,0.0247,0.0222,0.0265,0.0228,0.0196,0.0151,0.0164,0.0236,0.0155,0.0218,0.011,0.0116,0.0096,0.0063,0.0367,0.0091,0.0103,0.0109,0.0073,0.0039,0.0071,0.0072,0.003,0.0145,0.0042,0.0036,0.004,0.0068,0.0091,0.0019,0.0074,0.0093,0.0051
Test loss: 0.1325,0.0993,0.0813,0.0709,0.074,0.0719,0.078,0.0781,0.08,0.0902,0.0946,0.0981,0.0972,0.099,0.1007,0.1019,0.1166,0.109,0.11,0.1035,0.1049,0.1521,0.1158,0.1282,0.1399,0.1299,0.1151,0.1302,0.1288,0.1269,0.1515,0.127,0.1085,0.1177,0.1385,0.1449,0.1293,0.1453,0.1451,0.1449
Train accuracy: 96.1,97.1,98.0,98.5,98.6,98.9,98.9,99.2,99.3,99.1,99.3,99.4,99.5,99.5,99.3,99.5,99.4,99.7,99.6,99.7,99.8,99.0,99.7,99.7,99.7,99.8,99.9,99.8,99.8,99.9,99.6,99.9,99.9,99.9,99.8,99.7,99.9,99.8,99.8,99.8
Test accuracy: 96.1,97.1,97.6,97.9,97.9,98.0,97.9,98.0,98.1,98.1,98.0,98.0,98.1,98.1,97.9,98.0,98.1,98.3,98.2,98.3,98.4,97.7,98.3,98.1,98.1,98.2,98.2,98.2,98.1,98.3,98.1,98.2,98.5,98.3,98.3,98.2,98.3,98.2,98.1,98.1
Seed 5/10
Train loss: 0.3112,0.1964,0.1423,0.1025,0.0819,0.0668,0.0675,0.072,0.0493,0.0504,0.0392,0.054,0.0296,0.0385,0.0273,0.0274,0.0326,0.0312,0.0264,0.0288,0.0211,0.0218,0.0171,0.0176,0.0185,0.0287,0.0137,0.0189,0.0141,0.0134,0.0204,0.016,0.011,0.0124,0.0172,0.0094,0.0148,0.0129,0.0078,0.0097
Test loss: 0.3146,0.2125,0.1682,0.1402,0.1295,0.1204,0.1287,0.1454,0.1253,0.1396,0.1348,0.1589,0.1283,0.1467,0.1443,0.1602,0.1565,0.158,0.1561,0.1641,0.1538,0.1621,0.1555,0.1684,0.1754,0.1863,0.161,0.1854,0.1613,0.166,0.1891,0.1849,0.1724,0.1733,0.1889,0.1721,0.182,0.1931,0.1666,0.1847
Train accuracy: 94.3,96.1,96.8,97.6,98.0,98.3,98.2,98.0,98.7,98.6,98.9,98.6,99.2,98.9,99.2,99.3,99.1,99.1,99.3,99.2,99.4,99.4,99.5,99.5,99.5,99.2,99.7,99.5,99.7,99.7,99.5,99.6,99.7,99.7,99.5,99.8,99.6,99.7,99.8,99.8
Test accuracy: 94.2,95.7,96.1,96.6,96.9,97.1,96.9,96.7,97.4,97.1,97.2,96.8,97.5,97.1,97.4,97.5,97.3,97.5,97.4,97.4,97.4,97.4,97.5,97.7,97.6,97.2,97.7,97.4,97.8,97.7,97.4,97.5,97.5,97.7,97.4,97.7,97.5,97.5,97.8,97.6
Seed 6/10
Train loss: 0.12,0.0685,0.0486,0.0406,0.0333,0.0259,0.0276,0.0216,0.0168,0.0164,0.0143,0.0133,0.0186,0.014,0.0102,0.0094,0.0129,0.0089,0.0179,0.0062,0.0079,0.0086,0.0082,0.0129,0.0117,0.0043,0.004,0.0063,0.0052,0.0047,0.0022,0.0051,0.0061,0.0013,0.0077,0.0055,0.0026,0.0034,0.005,0.0029
Test loss: 0.1246,0.0755,0.0649,0.0647,0.0638,0.0627,0.0734,0.069,0.0773,0.0811,0.0831,0.0828,0.1009,0.089,0.085,0.1002,0.0996,0.095,0.1142,0.108,0.0992,0.1032,0.106,0.1241,0.1225,0.1169,0.1215,0.1384,0.1274,0.1379,0.1169,0.1192,0.1315,0.1296,0.1465,0.1356,0.1288,0.1236,0.1445,0.1406
Train accuracy: 96.5,98.0,98.6,98.8,99.0,99.2,99.1,99.3,99.4,99.4,99.5,99.6,99.4,99.5,99.6,99.7,99.6,99.7,99.4,99.8,99.7,99.7,99.7,99.6,99.6,99.9,99.9,99.8,99.8,99.8,99.9,99.8,99.8,100.0,99.8,99.8,99.9,99.9,99.8,99.9
Test accuracy: 96.3,97.8,98.0,98.0,98.2,98.4,98.1,98.2,98.3,98.2,98.2,98.1,98.1,98.1,98.3,98.2,98.2,98.3,98.1,98.3,98.4,98.4,98.4,98.2,98.1,98.4,98.3,98.4,98.3,98.3,98.5,98.5,98.3,98.6,98.2,98.3,98.5,98.4,98.3,98.4
Seed 7/10
Train loss: 0.1433,0.0842,0.0546,0.0412,0.0367,0.0344,0.0333,0.0342,0.0334,0.0226,0.0221,0.0265,0.0158,0.0102,0.0145,0.0111,0.0112,0.0139,0.0098,0.0064,0.0155,0.0064,0.0111,0.003,0.0043,0.0085,0.0045,0.0052,0.0028,0.0042,0.0044,0.0061,0.0033,0.0018,0.0033,0.0086,0.0022,0.0024,0.0057,0.006
Test loss: 0.1371,0.0966,0.0809,0.0764,0.0835,0.0885,0.0928,0.0962,0.1071,0.1103,0.105,0.1116,0.1101,0.0901,0.102,0.109,0.1119,0.125,0.1192,0.1049,0.1274,0.1103,0.1091,0.1065,0.112,0.1144,0.1176,0.1224,0.1123,0.1183,0.1323,0.1359,0.1176,0.1221,0.122,0.1266,0.1177,0.1269,0.148,0.158
Train accuracy: 95.8,97.4,98.3,98.8,98.9,98.9,98.9,98.9,98.9,99.3,99.3,99.2,99.5,99.7,99.5,99.6,99.6,99.6,99.7,99.8,99.5,99.8,99.6,99.9,99.9,99.7,99.9,99.8,99.9,99.9,99.9,99.8,99.9,100.0,99.9,99.7,99.9,99.9,99.8,99.8
Test accuracy: 95.7,97.0,97.6,97.8,97.7,97.7,97.7,97.6,97.7,97.8,97.8,97.8,97.9,98.3,98.0,98.1,98.1,97.9,98.1,98.3,98.0,98.2,98.1,98.3,98.2,98.2,98.3,98.4,98.4,98.4,98.3,98.3,98.3,98.5,98.4,98.3,98.4,98.4,98.1,98.2
Seed 8/10
Train loss: 0.176,0.1022,0.0808,0.0643,0.0581,0.0431,0.0367,0.0414,0.0266,0.0262,0.024,0.0182,0.0152,0.024,0.0119,0.0129,0.0185,0.0127,0.0087,0.0093,0.0149,0.0091,0.0094,0.011,0.0095,0.005,0.0091,0.008,0.0054,0.0159,0.0073,0.0078,0.0059,0.0039,0.0044,0.0034,0.0041,0.0077,0.0074,0.0061
Test loss: 0.1804,0.1185,0.107,0.1013,0.1055,0.097,0.0907,0.1012,0.0907,0.0974,0.1086,0.0948,0.1079,0.1199,0.0973,0.1024,0.1238,0.1144,0.1157,0.108,0.1309,0.121,0.132,0.1334,0.125,0.1104,0.1173,0.1245,0.1236,0.1592,0.1208,0.1244,0.1304,0.1293,0.1246,0.1165,0.1438,0.1517,0.1454,0.1497
Train accuracy: 94.8,97.0,97.6,98.1,98.2,98.6,98.9,98.7,99.2,99.2,99.3,99.4,99.5,99.3,99.6,99.6,99.5,99.6,99.7,99.7,99.6,99.7,99.7,99.7,99.7,99.8,99.7,99.8,99.8,99.5,99.8,99.8,99.8,99.9,99.9,99.9,99.9,99.8,99.8,99.8
Test accuracy: 94.9,96.6,97.0,97.3,97.3,97.5,97.7,97.6,97.9,97.9,97.8,98.0,98.0,97.7,98.2,98.0,97.9,98.2,98.3,98.1,98.1,98.2,97.9,98.0,98.2,98.3,98.3,98.2,98.3,97.9,98.2,98.3,98.3,98.3,98.2,98.4,98.3,98.2,98.1,98.3
Seed 9/10
Train loss: 0.1651,0.1162,0.0879,0.0741,0.0643,0.0548,0.0501,0.0441,0.0488,0.0392,0.0574,0.0287,0.0311,0.0303,0.0288,0.0302,0.0191,0.0343,0.0151,0.0212,0.0148,0.0159,0.0235,0.0136,0.0144,0.0071,0.0115,0.0103,0.0083,0.0103,0.0065,0.0236,0.015,0.006,0.0132,0.0247,0.0071,0.0081,0.0186,0.0128
Test loss: 0.1688,0.1323,0.1088,0.1018,0.1016,0.1028,0.1074,0.1079,0.1303,0.1242,0.145,0.125,0.131,0.1416,0.1508,0.1551,0.1508,0.1686,0.1441,0.1704,0.1495,0.1637,0.1891,0.1659,0.174,0.1649,0.1767,0.1852,0.1631,0.18,0.1633,0.2011,0.1924,0.1801,0.2081,0.2416,0.196,0.1884,0.2094,0.2005
Train accuracy: 95.3,96.5,97.3,97.7,97.9,98.2,98.4,98.6,98.4,98.7,98.2,99.0,99.0,99.0,99.1,99.1,99.4,98.9,99.5,99.3,99.5,99.5,99.3,99.6,99.6,99.8,99.6,99.7,99.7,99.7,99.8,99.3,99.5,99.8,99.6,99.3,99.8,99.7,99.4,99.6
Test accuracy: 95.4,96.4,97.0,97.2,97.2,97.3,97.4,97.3,97.1,97.2,96.9,97.5,97.5,97.4,97.4,97.4,97.5,97.2,97.6,97.5,97.5,97.4,97.2,97.5,97.5,97.7,97.6,97.6,97.9,97.6,97.8,97.3,97.5,97.8,97.5,97.2,97.7,97.8,97.5,97.8
Seed 10/10
Train loss: 0.1802,0.1053,0.0812,0.0554,0.0497,0.0369,0.0427,0.0306,0.0267,0.0228,0.0267,0.0291,0.0197,0.0202,0.0101,0.0145,0.0165,0.0146,0.0116,0.0199,0.0151,0.0255,0.0086,0.0112,0.0055,0.0074,0.0113,0.0065,0.004,0.0239,0.0079,0.0027,0.0043,0.0018,0.0041,0.0133,0.0059,0.0058,0.0033,0.005
Test loss: 0.181,0.1081,0.0932,0.0814,0.0822,0.0837,0.098,0.0997,0.1019,0.1012,0.1067,0.1196,0.1071,0.1217,0.1151,0.1243,0.1243,0.1431,0.1302,0.1446,0.1293,0.1591,0.1505,0.157,0.1429,0.1421,0.1576,0.1553,0.1463,0.1702,0.1556,0.161,0.156,0.1516,0.1496,0.1673,0.1636,0.1989,0.1593,0.1693
Train accuracy: 94.7,96.7,97.5,98.2,98.4,98.8,98.6,99.0,99.1,99.2,99.0,99.0,99.4,99.3,99.7,99.5,99.4,99.5,99.6,99.3,99.5,99.2,99.7,99.6,99.8,99.7,99.6,99.8,99.8,99.3,99.7,99.9,99.9,99.9,99.9,99.6,99.8,99.8,99.9,99.8
Test accuracy: 94.8,96.8,97.2,97.7,97.7,97.8,97.6,97.8,97.7,97.8,97.7,97.7,97.9,97.8,98.1,98.0,98.0,97.8,98.0,97.8,97.9,97.6,97.8,97.8,98.0,98.1,97.9,97.8,98.0,97.6,98.0,98.2,98.1,98.2,98.3,98.0,98.3,97.8,98.1,98.2
