Seed 1/10
Train loss: 0.1547,0.12,0.0778,0.0451,0.0368,0.0324,0.0294,0.027,0.027,0.0303,0.0122,0.0191,0.0147,0.0098,0.0102,0.0085,0.0169,0.0106,0.0058,0.0109,0.0041,0.0049,0.0069,0.0029,0.0019,0.0164,0.0022,0.0014,0.0011,0.0068,0.0024,0.0009,0.0007,0.0042,0.0016,0.0007,0.0005,0.001,0.0029,0.001
Test loss: 0.172,0.1443,0.1169,0.0814,0.0771,0.0932,0.1097,0.1008,0.0997,0.1186,0.0918,0.1151,0.1084,0.1085,0.1141,0.1257,0.1235,0.1605,0.1161,0.1104,0.1146,0.2338,0.166,0.1198,0.1459,0.1469,0.1257,0.1483,0.1269,0.1406,0.1577,0.1481,0.1367,0.1328,0.138,0.1411,0.1405,0.1241,0.1318,0.1418
Train accuracy: 95.5,96.5,97.7,98.7,98.9,99.0,99.0,99.1,99.1,99.0,99.6,99.4,99.6,99.7,99.7,99.8,99.4,99.7,99.8,99.7,99.9,99.9,99.8,100.0,100.0,99.5,100.0,100.0,100.0,99.8,100.0,100.0,100.0,99.9,100.0,100.0,100.0,100.0,99.9,100.0
Test accuracy: 95.4,96.5,97.5,98.1,98.1,97.9,97.8,97.8,97.7,97.7,98.1,98.0,97.9,98.2,98.1,98.2,97.9,98.1,98.2,98.1,98.4,98.1,98.1,98.2,98.3,97.6,98.4,98.4,98.4,98.0,98.3,98.5,98.4,98.2,98.3,98.4,98.5,98.4,98.2,98.2
Seed 2/10
Train loss: 0.1094,0.0505,0.0334,0.0259,0.0241,0.0247,0.0139,0.0202,0.0089,0.0114,0.0117,0.0117,0.0068,0.0061,0.0056,0.0046,0.0047,0.0072,0.0016,0.0048,0.0232,0.0025,0.0005,0.0003,0.0002,0.0002,0.0001,0.0001,0.0001,0.0051,0.0011,0.0004,0.0002,0.0001,0.0001,0.0001,0.0001,0.0001,0.0,0.0082
Test loss: 0.1574,0.0858,0.0783,0.0669,0.0886,0.1151,0.0757,0.0697,0.0627,0.0704,0.0757,0.0781,0.0711,0.0807,0.0664,0.0785,0.0862,0.0651,0.0766,0.0681,0.1316,0.0726,0.0676,0.0684,0.0663,0.0724,0.0705,0.077,0.078,0.0831,0.1006,0.0764,0.0811,0.0837,0.085,0.0867,0.0904,0.0939,0.092,0.0801
Train accuracy: 96.9,98.5,99.0,99.2,99.3,99.3,99.6,99.4,99.8,99.7,99.7,99.6,99.8,99.8,99.8,99.9,99.9,99.8,100.0,99.9,99.3,100.0,100.0,100.0,100.0,100.0,100.0,100.0,100.0,99.8,100.0,100.0,100.0,100.0,100.0,100.0,100.0,100.0,100.0,99.8
Test accuracy: 96.9,98.1,98.3,98.4,98.4,98.4,98.5,98.6,98.6,98.4,98.3,98.5,98.5,98.6,98.5,98.5,98.5,98.5,98.8,98.5,97.7,98.6,98.8,98.8,98.8,98.8,98.8,98.8,98.7,98.7,98.8,98.8,98.8,98.8,98.8,98.8,98.8,98.8,98.8,98.4
Seed 3/10
Train loss: 0.1668,0.1171,0.0901,0.0677,0.057,0.0455,0.039,0.0397,0.0354,0.0313,0.0277,0.0243,0.0323,0.0198,0.0204,0.0227,0.0216,0.0272,0.0285,0.0174,0.0122,0.0144,0.0088,0.0112,0.0103,0.0103,0.0066,0.0091,0.0214,0.0105,0.0072,0.0095,0.0051,0.0047,0.0095,0.0103,0.0041,0.0033,0.0062,0.0039
Test loss: 0.3135,0.1977,0.1898,0.1454,0.1246,0.1351,0.1426,0.1444,0.1337,0.1893,0.1479,0.1408,0.2135,0.1415,0.1958,0.186,0.1982,0.1483,0.2093,0.201,0.196,0.2838,0.1805,0.2351,0.1945,0.202,0.2249,0.2194,0.2904,0.2824,0.1739,0.1744,0.1396,0.1954,0.2976,0.3121,0.2543,0.2087,0.1441,0.2038
Train accuracy: 95.4,96.7,97.4,98.0,98.3,98.6,98.8,98.8,98.9,99.0,99.2,99.3,99.0,99.4,99.4,99.3,99.4,99.2,99.2,99.5,99.7,99.6,99.8,99.7,99.7,99.7,99.8,99.8,99.4,99.7,99.8,99.7,99.9,99.9,99.8,99.7,99.9,99.9,99.9,99.9
Test accuracy: 95.3,96.5,96.9,97.4,97.4,97.5,97.6,97.6,97.6,97.8,97.7,97.7,97.5,97.9,97.8,97.4,97.5,97.5,97.2,97.7,97.7,97.8,97.8,97.7,97.7,97.7,97.8,97.8,97.6,97.8,97.9,97.7,98.1,98.0,97.7,97.4,97.8,98.0,97.7,97.9
Seed 4/10
Train loss: 0.3843,0.2169,0.184,0.1907,0.0757,0.0562,0.0525,0.0446,0.0388,0.0348,0.0311,0.0229,0.0262,0.0232,0.0299,0.0281,0.0109,0.0235,0.0176,0.0107,0.0128,0.013,0.0096,0.0106,0.011,0.0108,0.0086,0.0066,0.0147,0.0111,0.0042,0.0151,0.0106,0.0109,0.0043,0.0053,0.007,0.0038,0.0061,0.0167
Test loss: 0.4031,0.2883,0.3042,0.4283,0.2906,0.2366,0.1661,0.1442,0.1445,0.132,0.1131,0.1127,0.2611,0.1618,0.1325,0.6072,0.1768,0.6594,0.1833,0.5762,0.4804,0.1739,0.208,0.4218,0.1776,0.241,0.2531,0.3777,0.2949,0.2841,0.2621,0.3084,0.1948,0.1956,0.2392,0.1731,0.251,0.2581,0.2822,0.5334
Train accuracy: 89.1,94.1,94.9,94.8,97.8,98.4,98.5,98.7,98.9,99.0,99.1,99.3,99.2,99.3,99.1,99.2,99.8,99.3,99.5,99.7,99.7,99.6,99.8,99.7,99.7,99.7,99.8,99.9,99.6,99.7,99.9,99.6,99.7,99.8,99.9,99.9,99.8,99.9,99.9,99.6
Test accuracy: 88.8,94.2,94.8,94.4,97.0,97.3,97.3,97.4,97.6,97.5,97.5,97.8,97.5,97.6,97.4,97.4,97.8,97.4,97.7,97.8,97.8,97.6,97.7,97.6,97.7,97.8,97.7,97.8,97.6,97.5,97.8,97.7,97.7,97.6,97.8,97.8,97.9,97.9,97.8,97.2
Seed 5/10
Train loss: 0.1789,0.1147,0.0938,0.075,0.0626,0.0518,0.0456,0.034,0.0315,0.0289,0.0258,0.0238,0.0177,0.017,0.0147,0.0128,0.0239,0.0148,0.0104,0.0101,0.023,0.0072,0.0068,0.0106,0.0048,0.0217,0.008,0.0056,0.0099,0.0082,0.0051,0.0055,0.0047,0.0046,0.0052,0.0078,0.003,0.0028,0.0026,0.0025
Test loss: 0.1838,0.127,0.1119,0.1047,0.0988,0.1005,0.1091,0.1034,0.1126,0.1444,0.1643,0.2037,0.1422,0.134,0.1954,0.1372,0.1309,0.1871,0.2341,0.1596,0.2442,0.2011,0.2316,0.2221,0.1914,0.2396,0.2102,0.1729,0.2049,0.1573,0.1832,0.2017,0.2106,0.188,0.1741,0.2259,0.1632,0.1742,0.164,0.1909
Train accuracy: 94.9,96.7,97.2,97.8,98.1,98.5,98.7,99.0,99.1,99.2,99.3,99.3,99.5,99.6,99.6,99.7,99.3,99.6,99.8,99.8,99.3,99.9,99.9,99.7,99.9,99.5,99.8,99.9,99.7,99.8,99.9,99.9,99.9,99.9,99.9,99.8,100.0,100.0,100.0,100.0
Test accuracy: 94.8,96.3,97.0,97.3,97.4,97.6,97.6,97.8,98.0,97.8,97.9,97.9,97.9,97.8,97.9,97.9,97.7,97.9,97.8,98.0,97.3,98.2,98.1,97.8,97.9,97.5,97.8,97.9,97.8,97.7,97.7,97.9,97.9,98.0,97.9,97.5,98.0,98.0,98.0,98.0
Seed 6/10
Train loss: 0.0739,0.0475,0.0352,0.0257,0.0183,0.0152,0.0115,0.0186,0.0079,0.0063,0.0051,0.0047,0.0038,0.009,0.0037,0.0043,0.0027,0.001,0.0082,0.0016,0.0005,0.0035,0.0013,0.0005,0.0002,0.0001,0.0001,0.0001,0.0001,0.0027,0.0005,0.0002,0.0001,0.0001,0.0001,0.0,0.0,0.0,0.0,0.0
Test loss: 0.081,0.0795,0.0626,0.0605,0.0541,0.0568,0.0515,0.0675,0.0513,0.0537,0.0526,0.0536,0.0582,0.0624,0.0494,0.0536,0.0674,0.0574,0.0705,0.0626,0.0608,0.0761,0.0655,0.0588,0.061,0.062,0.0631,0.0666,0.067,0.0595,0.0622,0.0645,0.0638,0.065,0.0668,0.0688,0.0721,0.0747,0.0761,0.0784
Train accuracy: 97.8,98.6,98.9,99.2,99.4,99.5,99.7,99.4,99.8,99.8,99.9,99.9,99.9,99.7,99.9,99.9,99.9,100.0,99.7,100.0,100.0,99.9,100.0,100.0,100.0,100.0,100.0,100.0,100.0,99.9,100.0,100.0,100.0,100.0,100.0,100.0,100.0,100.0,100.0,100.0
Test accuracy: 97.7,98.1,98.3,98.4,98.6,98.5,98.7,98.3,98.7,98.8,98.7,98.9,98.8,98.5,98.9,98.8,98.7,98.9,98.6,98.8,98.9,98.8,98.8,98.9,98.9,99.0,99.0,98.9,98.9,98.7,98.8,99.0,99.0,99.0,99.0,99.0,99.0,98.9,99.0,99.0
Seed 7/10
Train loss: 0.197,0.0927,0.0811,0.0472,0.0383,0.0374,0.0282,0.0212,0.0273,0.0123,0.0087,0.0132,0.0174,0.0077,0.0042,0.0055,0.0074,0.0043,0.005,0.0115,0.0049,0.0014,0.0011,0.0102,0.002,0.0024,0.0017,0.0006,0.0004,0.0002,0.0002,0.0032,0.001,0.0003,0.0002,0.0002,0.0001,0.0001,0.0054,0.0014
Test loss: 0.283,0.1252,0.1391,0.0963,0.1112,0.1717,0.22,0.0904,0.0984,0.0648,0.0684,0.1195,0.1641,0.074,0.0891,0.0712,0.1251,0.067,0.1137,0.0844,0.0722,0.0662,0.0661,0.1177,0.089,0.1283,0.148,0.0738,0.0921,0.0893,0.0926,0.1219,0.0958,0.0847,0.0848,0.0863,0.0895,0.0974,0.1022,0.0829
Train accuracy: 94.2,97.2,97.6,98.4,98.8,98.8,99.1,99.3,99.1,99.6,99.8,99.6,99.4,99.8,99.9,99.9,99.8,99.9,99.9,99.6,99.9,100.0,100.0,99.7,100.0,99.9,100.0,100.0,100.0,100.0,100.0,99.9,100.0,100.0,100.0,100.0,100.0,100.0,99.8,100.0
Test accuracy: 94.0,96.9,97.2,97.9,98.1,97.9,98.1,98.2,98.0,98.3,98.5,98.4,98.0,98.5,98.5,98.6,98.4,98.8,98.4,98.3,98.5,98.7,98.7,98.2,98.7,98.6,98.7,98.7,98.7,98.8,98.7,98.7,98.7,98.8,98.8,98.8,98.8,98.8,98.5,98.7
Seed 8/10
Train loss: 0.1274,0.0802,0.0596,0.0453,0.0346,0.0291,0.0272,0.0246,0.0197,0.0175,0.0193,0.015,0.0154,0.0134,0.0257,0.0129,0.0088,0.0077,0.0123,0.0068,0.0067,0.0073,0.0035,0.0061,0.0037,0.0097,0.0053,0.0021,0.0015,0.0028,0.0043,0.0032,0.0023,0.0016,0.0012,0.0015,0.0047,0.0015,0.0008,0.0009
Test loss: 0.1617,0.1299,0.0976,0.0866,0.088,0.0914,0.0875,0.0996,0.1146,0.116,0.1069,0.1106,0.1623,0.1403,0.1932,0.2786,0.1896,0.1066,0.2289,0.1738,0.1328,0.131,0.1374,0.1938,0.1278,0.1442,0.1193,0.1303,0.1261,0.1393,0.1445,0.142,0.1302,0.1413,0.1511,0.1942,0.1339,0.1548,0.1614,0.1662
Train accuracy: 96.4,97.8,98.3,98.7,99.0,99.2,99.2,99.3,99.4,99.5,99.4,99.6,99.6,99.6,99.3,99.7,99.8,99.8,99.7,99.8,99.8,99.8,99.9,99.9,99.9,99.8,99.9,100.0,100.0,100.0,99.9,99.9,100.0,100.0,100.0,100.0,99.9,100.0,100.0,100.0
Test accuracy: 96.4,97.4,97.8,97.9,98.1,98.1,98.2,98.2,98.2,98.2,98.2,98.2,98.2,98.2,97.7,98.3,98.1,98.3,98.1,98.3,98.4,98.4,98.5,98.2,98.5,98.2,98.3,98.5,98.6,98.4,98.4,98.4,98.5,98.7,98.7,98.7,98.5,98.6,98.7,98.7
Seed 9/10
Train loss: 0.1469,0.0956,0.0701,0.0578,0.0464,0.0372,0.0314,0.0346,0.0263,0.0193,0.017,0.0143,0.0125,0.0181,0.0091,0.0255,0.007,0.0092,0.0057,0.0044,0.006,0.0272,0.0036,0.0073,0.0036,0.0027,0.0013,0.0011,0.0066,0.0016,0.0009,0.0007,0.01,0.0104,0.0012,0.0007,0.0006,0.0007,0.0026,0.0024
Test loss: 0.1576,0.1349,0.1194,0.1076,0.1342,0.1096,0.1107,0.0987,0.135,0.1352,0.1458,0.0948,0.1088,0.1185,0.1368,0.2764,0.152,0.1119,0.1102,0.0945,0.1364,0.2405,0.2067,0.1258,0.1391,0.1164,0.1508,0.152,0.0951,0.0958,0.1069,0.1176,0.1414,0.1369,0.1172,0.156,0.1266,0.1232,0.1037,0.1051
Train accuracy: 96.0,97.3,97.9,98.3,98.6,98.9,99.1,98.9,99.2,99.4,99.6,99.6,99.7,99.4,99.8,99.3,99.8,99.8,99.9,99.9,99.9,99.2,99.9,99.8,99.9,99.9,100.0,100.0,99.8,100.0,100.0,100.0,99.7,99.7,100.0,100.0,100.0,100.0,100.0,100.0
Test accuracy: 96.1,96.8,97.4,97.4,97.6,97.7,97.8,97.9,98.0,97.9,98.2,98.1,98.2,98.0,98.2,97.8,98.4,98.4,98.4,98.6,98.5,97.5,98.5,98.2,98.6,98.6,98.6,98.7,98.2,98.6,98.6,98.7,98.2,98.2,98.6,98.7,98.7,98.7,98.6,98.7
Seed 10/10
Train loss: 0.1047,0.0596,0.0447,0.0318,0.0353,0.0234,0.0206,0.0172,0.0124,0.0094,0.0082,0.0071,0.006,0.0061,0.0038,0.0064,0.0047,0.0013,0.0043,0.0065,0.0021,0.0044,0.0025,0.0015,0.0011,0.0047,0.0022,0.0018,0.0008,0.0005,0.001,0.0042,0.0008,0.0002,0.0001,0.0001,0.0001,0.0001,0.0001,0.0001
Test loss: 0.1103,0.0787,0.0878,0.0692,0.0735,0.0766,0.0953,0.0791,0.0761,0.0761,0.0894,0.1104,0.0749,0.1,0.0699,0.0955,0.0863,0.0847,0.0934,0.1165,0.1337,0.0986,0.0805,0.0833,0.0887,0.0923,0.0895,0.0943,0.0982,0.1017,0.0816,0.1458,0.0955,0.0945,0.0974,0.0999,0.1052,0.1048,0.1088,0.1112
Train accuracy: 97.0,98.2,98.6,99.0,98.8,99.2,99.3,99.5,99.6,99.8,99.8,99.8,99.8,99.8,99.9,99.8,99.9,100.0,99.9,99.8,100.0,99.9,99.9,100.0,100.0,99.8,100.0,100.0,100.0,100.0,100.0,99.9,100.0,100.0,100.0,100.0,100.0,100.0,100.0,100.0
Test accuracy: 96.8,97.8,98.0,98.3,97.9,98.2,98.2,98.3,98.4,98.4,98.5,98.6,98.6,98.5,98.8,98.7,98.5,98.8,98.6,98.5,98.6,98.5,98.7,98.7,98.7,98.4,98.7,98.6,98.7,98.8,98.7,98.4,98.8,98.9,98.8,98.8,98.8,98.8,98.8,98.8
