Seed 1/10
Train loss: 0.1816,0.1317,0.1126,0.0925,0.0793,0.0628,0.0534,0.0429,0.0311,0.0264,0.0237,0.0207,0.0196,0.0236,0.0243,0.0276,0.0256,0.0213,0.0157,0.0185,0.0101,0.0091,0.0103,0.0116,0.0131,0.0069,0.0149,0.0078,0.0077,0.0076,0.0085,0.0075,0.0112,0.0069,0.0107,0.0072,0.0077,0.0069,0.006,0.0042
Test loss: 0.1871,0.169,0.1427,0.1285,0.1206,0.1068,0.1294,0.0925,0.0979,0.1448,0.126,0.1471,0.1513,0.1258,0.1098,0.1139,0.1244,0.1411,0.1216,0.1426,0.1155,0.2452,0.1224,0.3093,0.1175,0.1582,0.1433,0.2935,0.1396,0.1387,0.1215,0.1517,0.1354,0.1357,0.2155,0.1806,0.1506,0.1466,0.1288,0.1312
Train accuracy: 95.1,96.4,96.9,97.3,97.6,98.1,98.5,98.8,99.1,99.3,99.3,99.5,99.5,99.3,99.3,99.2,99.2,99.4,99.6,99.5,99.7,99.8,99.7,99.7,99.7,99.9,99.6,99.8,99.8,99.8,99.8,99.8,99.7,99.8,99.7,99.8,99.8,99.9,99.9,99.9
Test accuracy: 95.5,96.3,96.3,96.8,96.9,97.3,97.3,97.6,97.8,97.8,97.7,97.9,97.8,97.6,97.6,97.5,97.4,97.6,97.7,97.7,97.8,97.8,97.8,97.8,97.6,97.8,97.3,97.9,97.8,97.8,97.8,97.9,97.8,97.7,97.7,97.8,97.7,97.7,97.8,97.9
Seed 2/10
Train loss: 0.2011,0.1197,0.0927,0.0718,0.0552,0.0485,0.0458,0.0363,0.036,0.0396,0.0313,0.0293,0.0254,0.021,0.0228,0.0247,0.0225,0.0173,0.0181,0.0157,0.0126,0.0165,0.011,0.0172,0.0166,0.0092,0.0098,0.0079,0.0105,0.0096,0.0082,0.0067,0.0063,0.0061,0.0085,0.0072,0.0078,0.0135,0.0078,0.0048
Test loss: 0.259,0.1492,0.1488,0.1666,0.1712,0.1703,0.2231,0.1357,0.1393,0.2635,0.2224,0.1289,0.126,0.1966,0.2095,0.288,0.1241,0.176,0.1411,0.2225,0.1245,0.1621,0.1386,0.1667,0.2183,0.1682,0.1441,0.2094,0.2086,0.1977,0.1673,0.1646,0.1471,0.1323,0.2267,0.2317,0.2214,0.3579,0.1815,0.141
Train accuracy: 94.1,96.5,97.2,97.9,98.4,98.6,98.7,98.9,99.0,98.9,99.1,99.2,99.3,99.4,99.3,99.3,99.4,99.5,99.5,99.6,99.7,99.6,99.7,99.5,99.5,99.8,99.8,99.8,99.7,99.8,99.8,99.9,99.9,99.9,99.8,99.8,99.9,99.6,99.8,99.9
Test accuracy: 94.3,96.3,96.8,97.2,97.5,97.5,97.3,97.5,97.5,97.4,97.5,97.5,97.5,97.7,97.5,97.5,97.8,97.7,97.6,97.6,97.7,97.8,97.9,97.5,97.6,97.7,97.8,98.0,97.6,97.8,97.6,98.0,97.9,97.9,97.8,97.8,97.6,97.5,98.0,97.9
Seed 3/10
Train loss: 0.3998,0.2571,0.2235,0.1942,0.1588,0.1347,0.1192,0.1105,0.101,0.0899,0.0909,0.0996,0.0941,0.0682,0.0661,0.0575,0.0585,0.0622,0.0561,0.1397,0.0445,0.0487,0.0528,0.0437,0.0429,0.0371,0.034,0.0525,0.0334,0.0367,0.0395,0.0339,0.0863,0.0373,0.0361,0.0314,0.0335,0.0251,0.0225,0.0304
Test loss: 0.6837,0.3535,0.2835,0.2631,0.2415,0.3021,0.2543,0.2412,0.2026,0.2405,0.3806,0.755,0.4055,0.2676,0.1861,0.1995,0.2017,0.2362,0.5513,0.4884,0.1845,0.2266,0.2031,0.2066,0.266,0.3951,0.5273,1.0817,0.2634,0.596,0.9488,1.2587,0.9098,1.1978,0.5261,0.3779,0.2373,0.4513,0.375,0.7416
Train accuracy: 88.9,92.7,93.4,94.1,95.3,96.1,96.6,96.9,97.2,97.6,97.5,97.2,97.4,98.2,98.3,98.5,98.4,98.3,98.5,96.0,98.9,98.7,98.6,98.9,98.9,99.1,99.2,98.6,99.2,99.1,99.1,99.1,97.8,99.1,99.1,99.2,99.2,99.4,99.5,99.3
Test accuracy: 88.8,92.2,92.8,93.3,94.4,95.0,95.2,95.5,95.7,95.9,96.0,95.7,95.8,96.3,96.3,96.6,96.2,96.1,96.4,94.2,96.5,96.2,96.3,96.2,96.2,96.5,96.4,95.8,96.4,96.5,96.3,96.4,95.5,96.4,96.3,96.3,96.4,96.3,96.5,96.2
Seed 4/10
Train loss: 0.9976,0.6909,0.5205,0.451,0.3986,0.3635,0.3371,0.3145,0.3022,0.273,0.2683,0.272,0.2391,0.2229,0.2264,0.2169,0.211,0.2086,0.1901,0.1966,0.2047,0.1922,0.1865,0.1788,0.1742,0.2082,0.1756,0.1713,0.1631,0.1612,0.1801,0.1656,0.174,0.1694,0.1578,0.1584,0.1559,0.1626,0.1414,0.1515
Test loss: 1.3202,1.0031,1.597,2.5116,2.7137,1.9236,1.1309,0.6666,0.6604,0.4226,0.6635,0.4129,0.3967,1.0373,0.6011,0.4465,1.5507,2.173,0.5745,2.4444,0.7105,1.0513,0.5293,0.7599,0.4312,1.8928,0.4951,2.077,0.4333,1.0509,0.7123,0.4238,0.5916,0.6897,0.7221,0.4466,0.6799,0.8813,0.9236,0.7183
Train accuracy: 72.0,82.9,88.5,89.6,90.7,91.5,92.0,92.2,92.1,93.0,93.0,92.5,93.7,94.2,94.1,94.4,94.5,94.5,95.2,94.9,94.7,94.9,95.3,95.4,95.6,94.5,95.5,95.6,95.8,96.0,95.3,95.8,95.4,95.6,96.0,95.9,96.0,95.8,96.6,96.1
Test accuracy: 71.5,82.7,88.2,89.0,89.7,90.1,90.4,90.3,90.0,90.9,90.5,90.3,91.2,91.4,91.2,91.9,91.5,91.4,91.9,91.6,91.3,91.6,91.7,91.8,92.2,91.1,91.9,91.5,91.7,91.8,91.1,91.8,91.2,91.1,91.8,91.5,91.5,91.0,91.8,91.5
Seed 5/10
Train loss: 0.9475,0.6194,0.494,0.4206,0.3557,0.3139,0.303,0.273,0.2546,0.2429,0.2311,0.2168,0.2126,0.192,0.1966,0.181,0.1845,0.1791,0.1654,0.1728,0.1589,0.148,0.1502,0.1601,0.1575,0.1429,0.1416,0.1362,0.1293,0.1331,0.1365,0.1283,0.1279,0.129,0.129,0.1307,0.1235,0.1197,0.1176,0.1199
Test loss: 0.9971,0.6441,0.5711,0.5242,0.4557,0.6652,0.4186,0.894,0.6771,0.4187,0.8345,0.6296,0.5226,0.7012,0.6573,0.5179,0.5057,0.7195,0.4382,0.6355,0.3442,0.4278,0.421,0.3044,0.5015,0.3826,0.4341,0.3808,0.3287,0.3616,0.5315,0.496,0.4663,0.4682,0.3271,0.4271,0.4812,0.3917,0.471,0.4404
Train accuracy: 80.0,87.8,89.6,91.0,92.4,93.2,93.0,93.7,94.2,94.3,94.5,94.8,94.8,95.3,95.3,95.6,95.7,95.6,96.0,95.8,96.0,96.4,96.4,95.9,96.1,96.6,96.6,96.7,96.9,96.7,96.7,96.9,96.9,96.9,96.9,96.8,97.1,97.2,97.1,97.1
Test accuracy: 80.5,88.5,89.8,90.8,91.8,92.7,92.4,92.8,93.1,93.3,93.1,93.2,93.1,93.3,93.1,93.3,93.3,93.2,93.3,93.3,93.3,93.6,93.5,93.0,93.2,93.3,93.5,93.4,93.6,93.3,93.3,93.2,93.6,93.8,93.5,93.3,93.6,93.5,93.3,93.6
Seed 6/10
Train loss: 0.2154,0.1203,0.0934,0.1068,0.067,0.0589,0.0512,0.0509,0.0393,0.0385,0.0291,0.0269,0.0257,0.0207,0.0157,0.0168,0.0189,0.0138,0.0157,0.0112,0.0129,0.0144,0.014,0.007,0.0118,0.009,0.0071,0.0078,0.006,0.0093,0.0065,0.011,0.0091,0.0051,0.0048,0.0061,0.0043,0.0029,0.0032,0.006
Test loss: 0.2666,0.3723,0.2918,0.2325,0.4844,0.6074,0.2651,0.3943,0.3596,0.4346,0.3671,1.0066,1.2519,0.6656,0.2762,0.3454,0.518,0.2138,0.189,0.3415,0.2381,0.5121,0.3778,0.2084,0.2105,0.1969,0.1664,0.2601,0.2338,0.3615,0.2092,0.4185,1.0845,0.2117,0.1888,0.2235,0.1817,0.4337,0.1599,0.2511
Train accuracy: 93.7,96.5,97.2,96.6,98.1,98.4,98.6,98.6,98.9,99.0,99.2,99.3,99.3,99.5,99.6,99.6,99.5,99.7,99.6,99.7,99.7,99.7,99.7,99.9,99.7,99.8,99.9,99.8,99.9,99.8,99.9,99.7,99.8,99.9,99.9,99.9,99.9,100.0,99.9,99.9
Test accuracy: 93.7,96.5,96.9,96.0,97.2,97.4,97.5,97.3,97.5,97.5,97.7,97.7,97.8,97.8,97.7,97.6,97.6,97.8,97.7,97.8,97.8,97.6,97.5,97.7,97.6,97.7,97.8,97.6,97.7,97.5,97.8,97.5,97.5,97.7,97.8,97.8,97.6,97.7,97.8,97.5
Seed 7/10
Train loss: 1.0036,0.7754,0.6605,0.6658,0.5013,0.4725,0.4645,0.4108,0.4221,0.4498,0.3642,0.3553,0.3443,0.3328,0.3438,0.2954,0.277,0.3241,0.2493,0.2299,0.2267,0.2157,0.2068,0.2068,0.2103,0.1959,0.2171,0.1911,0.1836,0.184,0.186,0.1766,0.1841,0.1687,0.1757,0.1781,0.1646,0.1701,0.1628,0.1654
Test loss: 1.0394,0.7944,0.7225,0.7985,0.7464,0.7723,1.0352,0.9354,1.121,1.0318,1.0585,0.7787,0.738,1.4423,0.6273,0.5087,0.4969,0.5033,0.4087,0.4876,0.8329,0.6564,0.5457,0.4233,0.967,0.4349,0.7747,0.5432,0.5429,0.5622,0.6341,0.5859,0.381,0.3923,0.5722,0.7599,0.5939,0.7298,0.7083,0.613
Train accuracy: 65.1,72.8,78.9,75.8,82.7,83.3,83.3,84.7,84.3,83.0,85.6,86.0,86.2,86.5,87.7,92.3,93.0,91.5,93.8,94.4,94.5,94.8,95.1,95.0,95.0,95.3,94.5,95.3,95.6,95.5,95.5,95.8,95.5,96.0,95.7,95.7,96.1,95.9,96.2,96.1
Test accuracy: 65.4,72.5,78.5,75.8,82.0,82.3,82.3,83.5,83.2,81.8,83.7,83.8,83.8,84.3,85.4,89.5,90.2,89.9,90.7,91.4,91.5,91.7,91.7,91.7,91.7,91.8,91.3,91.7,91.9,91.4,91.9,91.9,91.7,91.8,91.8,91.7,91.9,91.8,91.9,91.7
Seed 8/10
Train loss: 1.6275,1.5168,1.4664,1.4353,1.4124,1.3944,1.3722,1.3551,1.3412,1.32,1.3079,1.2999,1.2799,1.2718,1.2568,1.2512,1.2493,1.2306,1.2138,1.2219,1.2026,1.194,1.2033,1.1852,1.1856,1.1659,1.1832,1.164,1.1767,1.1955,1.1613,1.1764,1.1814,1.1518,1.1428,1.1541,1.1571,1.141,1.1318,1.1353
Test loss: 1.6619,1.5678,1.4944,1.4584,1.4426,1.4245,1.4022,1.3983,1.3885,1.3775,1.3717,1.3771,1.3411,1.3427,1.3216,1.3252,1.3211,1.3058,1.2883,1.3019,1.2879,1.2786,1.2902,1.2779,1.2783,1.2636,1.2818,1.2699,1.2813,1.3001,1.2752,1.294,1.2914,1.2657,1.2601,1.2724,1.2825,1.2655,1.2553,1.2591
Train accuracy: 30.3,32.1,33.7,35.2,35.9,36.8,38.7,39.7,40.8,42.5,43.4,44.8,46.5,46.3,48.0,47.2,46.8,47.6,49.3,47.9,49.0,49.8,48.4,50.2,50.4,51.1,50.3,51.1,49.3,48.3,51.2,50.8,48.7,51.7,51.7,50.7,50.3,51.4,52.1,51.8
Test accuracy: 30.5,31.8,33.1,34.4,35.1,36.2,38.1,38.9,40.3,42.0,42.7,43.9,46.0,45.7,47.1,46.0,45.2,46.0,48.0,46.4,47.5,48.0,46.7,48.7,48.5,49.0,48.2,48.6,47.4,46.0,48.6,48.2,46.6,49.2,48.8,48.1,47.5,48.5,49.1,48.9
Seed 9/10
Train loss: 0.195,0.1831,0.1233,0.095,0.0699,0.075,0.0722,0.0533,0.0413,0.0434,0.041,0.0303,0.0228,0.0195,0.0197,0.0162,0.017,0.0281,0.0134,0.0099,0.0114,0.0186,0.0102,0.0111,0.0091,0.0127,0.0099,0.0101,0.0065,0.007,0.0059,0.007,0.0059,0.0083,0.0075,0.0054,0.0064,0.0059,0.0075,0.0219
Test loss: 0.2088,0.2313,0.192,0.2118,0.1866,0.2516,0.2991,0.2119,0.2052,0.1877,0.2382,0.149,0.1442,0.1508,0.1597,0.1663,0.1714,0.1713,0.1798,0.1434,0.1444,0.2595,0.1528,0.1569,0.2759,0.1422,0.1415,0.1468,0.181,0.1439,0.1394,0.1179,0.1389,0.1531,0.1339,0.1348,0.1437,0.1413,0.156,0.1623
Train accuracy: 94.3,94.5,96.3,97.2,98.0,97.7,97.8,98.4,98.8,98.7,98.8,99.1,99.3,99.5,99.5,99.6,99.6,99.2,99.7,99.8,99.7,99.5,99.7,99.7,99.8,99.7,99.8,99.8,99.8,99.8,99.9,99.9,99.9,99.8,99.8,99.9,99.8,99.9,99.8,99.3
Test accuracy: 94.5,94.1,95.6,96.3,97.0,96.5,96.3,96.8,97.2,96.9,96.9,97.2,97.5,97.4,97.3,97.4,97.3,96.9,97.4,97.5,97.4,97.3,97.5,97.4,97.5,97.3,97.3,97.3,97.5,97.5,97.5,97.5,97.4,97.5,97.4,97.3,97.5,97.6,97.4,96.9
Seed 10/10
Train loss: 0.1981,0.1232,0.0995,0.0757,0.0576,0.0455,0.0392,0.0386,0.0349,0.0271,0.0318,0.0255,0.0318,0.0151,0.0267,0.0137,0.0128,0.0142,0.0089,0.0116,0.012,0.0162,0.0102,0.005,0.006,0.0065,0.0096,0.0098,0.0051,0.0046,0.0065,0.0045,0.01,0.0047,0.0064,0.0062,0.0039,0.0028,0.0039,0.0057
Test loss: 0.8502,0.4276,0.4561,0.3555,0.377,0.3857,0.4909,0.7306,0.7439,0.5159,0.8861,2.7036,1.5492,1.0829,1.8139,1.6213,2.0883,1.2245,2.0418,1.8011,3.5956,1.1694,2.9716,2.912,4.2748,3.6757,3.3972,2.6059,0.967,0.4537,1.6756,0.5231,0.8579,0.6852,0.5561,0.2678,0.3078,0.1396,0.632,0.3517
Train accuracy: 94.6,96.6,97.4,98.0,98.4,98.8,98.9,98.8,99.0,99.2,99.0,99.3,99.2,99.6,99.2,99.6,99.7,99.6,99.8,99.7,99.7,99.5,99.8,99.9,99.9,99.9,99.8,99.8,99.9,99.9,99.9,99.9,99.7,99.9,99.8,99.9,99.9,100.0,99.9,99.9
Test accuracy: 94.8,96.3,97.0,97.3,97.5,97.6,97.6,97.5,97.5,97.7,97.6,97.6,97.5,97.9,97.5,97.9,98.0,97.8,98.1,97.9,97.8,97.8,97.7,98.0,98.0,97.9,97.8,97.8,98.0,97.8,97.8,98.1,97.8,98.1,98.0,97.8,97.9,98.0,98.0,98.0
