Seed 1/10
Train loss: 0.4004,0.2048,0.1456,0.114,0.1104,0.0959,0.1182,0.0857,0.0998,0.0898,0.084,0.0655,0.0762,0.0666,0.0592,0.0524,0.0473,0.0464,0.0459,0.0591,0.0397,0.0384,0.043,0.0401,0.0407,0.0354,0.0433,0.0466,0.0404,0.036,0.0408,0.0258,0.0463,0.025,0.0242,0.033,0.0219,0.0232,0.0297,0.0304
Test loss: 0.3952,0.2186,0.1664,0.1394,0.1468,0.1349,0.1656,0.1444,0.1729,0.1662,0.1532,0.1414,0.1642,0.1667,0.1735,0.1683,0.1614,0.1686,0.1657,0.199,0.1657,0.1773,0.1846,0.1908,0.185,0.1964,0.2163,0.2146,0.2092,0.1923,0.2226,0.1921,0.2144,0.2115,0.1904,0.226,0.1952,0.2009,0.2277,0.2331
Train accuracy: 91.6,94.6,95.9,96.8,96.9,97.2,96.4,97.5,97.0,97.4,97.5,98.1,97.8,98.1,98.3,98.5,98.7,98.7,98.7,98.3,98.9,98.9,98.8,98.9,98.9,99.1,98.8,98.8,98.9,99.1,98.9,99.3,98.8,99.4,99.4,99.2,99.5,99.4,99.2,99.2
Test accuracy: 91.8,94.3,95.5,96.4,96.1,96.3,95.4,96.4,95.6,95.9,96.3,96.5,96.2,96.4,96.3,96.6,96.7,96.6,96.6,96.0,96.7,96.5,96.6,96.6,96.5,96.8,96.4,96.4,96.5,96.7,96.4,96.8,96.7,96.6,96.7,96.5,96.7,96.8,96.5,96.8
Seed 2/10
Train loss: 0.1421,0.0955,0.0739,0.0548,0.0511,0.0493,0.0327,0.0321,0.023,0.0393,0.0255,0.0196,0.0173,0.0125,0.0219,0.0216,0.0099,0.0075,0.0065,0.0141,0.0062,0.0128,0.0146,0.0074,0.0084,0.0068,0.0082,0.0068,0.0039,0.0113,0.0046,0.0091,0.0057,0.0026,0.0154,0.0091,0.0023,0.0028,0.0014,0.003
Test loss: 0.1443,0.1075,0.091,0.0857,0.0914,0.1019,0.0895,0.1042,0.09,0.1224,0.0946,0.098,0.1057,0.091,0.1067,0.1184,0.1006,0.0996,0.1042,0.1362,0.1079,0.1314,0.1289,0.1217,0.1169,0.1101,0.1201,0.1181,0.1182,0.1271,0.1139,0.1129,0.1303,0.1358,0.1528,0.1469,0.1419,0.1244,0.1301,0.1342
Train accuracy: 95.9,97.2,97.8,98.3,98.4,98.5,99.0,99.0,99.3,98.8,99.2,99.3,99.5,99.6,99.3,99.3,99.7,99.8,99.8,99.6,99.8,99.6,99.5,99.8,99.7,99.8,99.7,99.8,99.9,99.6,99.9,99.7,99.8,99.9,99.5,99.7,99.9,99.9,100.0,99.9
Test accuracy: 95.7,96.8,97.2,97.5,97.5,97.6,97.8,97.7,97.8,97.2,97.6,97.9,98.0,98.0,98.0,98.0,98.1,98.2,98.2,97.9,98.1,97.8,98.1,98.2,98.2,98.1,98.1,98.0,98.1,97.9,98.2,98.3,98.2,98.3,98.0,98.1,98.2,98.3,98.2,98.1
Seed 3/10
Train loss: 0.1975,0.1413,0.0713,0.063,0.0694,0.0419,0.0312,0.027,0.0245,0.021,0.0206,0.0232,0.0158,0.0161,0.0178,0.013,0.0092,0.0172,0.0108,0.0083,0.0091,0.0056,0.0196,0.01,0.006,0.0072,0.0032,0.0061,0.0045,0.0055,0.0093,0.0096,0.0025,0.0067,0.0089,0.0081,0.0056,0.0028,0.0076,0.0019
Test loss: 0.1982,0.1534,0.0974,0.1002,0.1077,0.0957,0.0836,0.0867,0.097,0.0932,0.1025,0.1255,0.1047,0.1038,0.1302,0.1271,0.1322,0.1317,0.1202,0.125,0.1294,0.1352,0.1645,0.1509,0.1479,0.1396,0.1193,0.1368,0.1305,0.1351,0.1622,0.1542,0.1496,0.1528,0.1657,0.1989,0.1799,0.1551,0.175,0.1626
Train accuracy: 94.1,95.8,97.8,98.1,97.9,98.6,99.0,99.2,99.2,99.3,99.2,99.3,99.5,99.4,99.4,99.6,99.7,99.4,99.6,99.7,99.7,99.8,99.4,99.7,99.8,99.8,99.9,99.8,99.8,99.8,99.7,99.7,99.9,99.8,99.7,99.7,99.8,99.9,99.8,99.9
Test accuracy: 94.0,95.4,97.2,97.4,97.0,97.4,97.8,97.7,97.7,97.8,97.6,97.7,97.9,97.9,97.7,97.7,98.0,97.9,97.8,97.9,97.9,98.1,97.6,97.8,97.8,98.0,98.1,98.0,98.1,98.1,97.8,97.8,98.2,97.8,97.7,97.9,98.0,98.1,97.7,98.0
Seed 4/10
Train loss: 0.5045,0.2932,0.2414,0.2213,0.1609,0.1311,0.1317,0.1278,0.1185,0.1045,0.0884,0.0842,0.0918,0.0698,0.0659,0.0649,0.0742,0.0597,0.0688,0.055,0.0527,0.0566,0.047,0.0548,0.0445,0.0375,0.0642,0.048,0.0941,0.036,0.0328,0.0385,0.0432,0.0433,0.0471,0.054,0.0336,0.0333,0.0303,0.0321
Test loss: 0.5068,0.3023,0.2687,0.2705,0.2027,0.1767,0.1821,0.1942,0.19,0.1801,0.1642,0.1678,0.1823,0.1754,0.1804,0.1811,0.2144,0.1889,0.2134,0.2171,0.2024,0.2243,0.2155,0.2277,0.2256,0.2239,0.2687,0.2395,0.3105,0.2544,0.266,0.2641,0.2861,0.2843,0.2919,0.3149,0.2915,0.286,0.2845,0.2782
Train accuracy: 88.0,92.3,93.0,93.4,95.4,96.2,96.1,96.1,96.4,96.9,97.3,97.4,97.2,97.9,98.0,98.0,97.7,98.2,97.8,98.2,98.4,98.2,98.5,98.2,98.6,98.9,98.0,98.5,97.2,98.9,99.0,98.8,98.8,98.6,98.6,98.6,99.0,99.0,99.1,99.0
Test accuracy: 87.6,92.1,92.5,92.5,94.6,95.4,95.0,94.7,95.0,95.6,95.9,95.8,95.7,95.9,95.9,95.8,95.5,96.0,95.4,95.6,96.0,95.7,95.9,95.8,95.9,96.0,95.3,95.9,94.4,95.8,95.8,95.8,95.8,95.5,95.4,95.6,95.8,95.8,95.8,95.8
Seed 5/10
Train loss: 0.5295,0.2484,0.1994,0.1801,0.1421,0.1327,0.1179,0.0999,0.0981,0.0873,0.0759,0.0738,0.0862,0.0678,0.075,0.0702,0.0516,0.0897,0.0528,0.0517,0.0474,0.0428,0.0378,0.0372,0.052,0.0388,0.0374,0.0283,0.0298,0.0303,0.0315,0.0277,0.022,0.0263,0.0263,0.0242,0.0221,0.0191,0.0163,0.0171
Test loss: 0.5341,0.2505,0.2143,0.2094,0.1764,0.1786,0.1735,0.1537,0.1652,0.1581,0.1503,0.1559,0.1766,0.1641,0.1755,0.1765,0.1642,0.2097,0.1863,0.1815,0.1829,0.1917,0.1915,0.1703,0.2045,0.1842,0.2041,0.1834,0.1822,0.2073,0.1804,0.1889,0.1988,0.2189,0.2178,0.2113,0.2078,0.1982,0.2085,0.2228
Train accuracy: 84.7,92.9,94.3,94.5,95.7,95.9,96.4,97.0,97.0,97.3,97.7,97.7,97.2,97.9,97.6,97.9,98.4,97.3,98.3,98.4,98.5,98.7,98.9,98.9,98.5,98.8,98.9,99.2,99.1,99.1,99.0,99.2,99.4,99.2,99.2,99.3,99.4,99.5,99.5,99.5
Test accuracy: 85.0,92.9,93.9,93.8,94.8,94.9,95.2,95.6,95.5,95.7,96.0,95.8,95.2,96.1,95.6,95.7,96.3,95.0,96.0,95.9,96.1,96.1,96.3,96.4,95.9,96.3,96.1,96.4,96.6,96.5,96.4,96.5,96.3,96.3,96.3,96.4,96.4,96.6,96.6,96.4
Seed 6/10
Train loss: 1.2956,1.0409,0.7811,0.6644,0.4216,0.2729,0.2392,0.2224,0.2026,0.1893,0.1749,0.1777,0.1627,0.1652,0.1846,0.149,0.1473,0.1386,0.1428,0.1329,0.1345,0.1163,0.1159,0.1503,0.1316,0.1204,0.116,0.1037,0.1033,0.1056,0.1086,0.1131,0.0991,0.0945,0.0953,0.1149,0.1016,0.0927,0.1008,0.0796
Test loss: 1.2977,1.0565,0.7991,0.6868,0.4366,0.2983,0.2768,0.2704,0.2555,0.2532,0.2479,0.2587,0.2578,0.262,0.2826,0.2653,0.2698,0.268,0.2709,0.2722,0.2718,0.2679,0.2708,0.3135,0.3102,0.2921,0.3012,0.2972,0.3064,0.3011,0.3254,0.3429,0.3296,0.3158,0.3255,0.3565,0.344,0.3383,0.3459,0.3354
Train accuracy: 43.6,53.4,69.7,74.1,87.2,93.4,94.1,94.4,94.8,95.2,95.5,95.5,95.8,95.7,95.1,96.2,96.1,96.5,96.2,96.7,96.6,97.1,97.1,96.3,96.6,96.8,97.0,97.4,97.4,97.3,97.3,97.1,97.3,97.6,97.5,97.1,97.5,97.6,97.5,98.0
Test accuracy: 43.3,52.4,69.1,73.7,86.9,92.6,93.3,93.3,93.7,93.8,93.9,94.0,94.1,94.2,93.5,94.0,94.2,94.4,94.2,94.1,94.2,94.3,94.4,93.5,93.7,93.6,94.0,94.2,94.1,94.2,94.0,93.7,93.9,94.1,93.8,93.8,93.9,94.1,93.9,94.0
Seed 7/10
Train loss: 0.477,0.2565,0.1983,0.1737,0.1413,0.1236,0.0982,0.0923,0.0824,0.077,0.0716,0.0656,0.0545,0.0614,0.064,0.0451,0.0478,0.0365,0.0332,0.0478,0.0595,0.0405,0.0408,0.0455,0.0353,0.0362,0.0304,0.0448,0.0279,0.0293,0.0233,0.0239,0.0286,0.0196,0.0229,0.0187,0.0203,0.0197,0.0253,0.0319
Test loss: 0.4708,0.2659,0.2242,0.2079,0.1811,0.1855,0.1601,0.1645,0.1665,0.1741,0.1886,0.1918,0.1815,0.1988,0.2184,0.199,0.2174,0.2077,0.2061,0.2356,0.2532,0.2369,0.243,0.2483,0.2433,0.2378,0.2483,0.2678,0.245,0.2535,0.2495,0.2432,0.254,0.2525,0.262,0.2569,0.2531,0.2613,0.2631,0.2746
Train accuracy: 87.8,93.4,94.6,95.2,96.0,96.4,97.2,97.3,97.5,97.8,97.9,98.1,98.4,98.2,98.0,98.7,98.6,98.9,99.0,98.5,98.3,98.9,98.8,98.7,98.9,98.9,99.0,98.8,99.1,99.1,99.3,99.3,99.2,99.4,99.4,99.4,99.4,99.4,99.3,99.0
Test accuracy: 87.6,93.3,94.2,94.5,95.2,95.3,95.9,96.0,95.9,96.0,95.9,95.9,96.0,95.8,95.4,96.2,96.0,96.2,96.3,95.7,96.2,96.0,96.0,96.0,96.0,96.2,96.1,96.1,96.2,96.1,96.4,96.4,96.2,96.5,96.4,96.4,96.4,96.6,96.3,96.3
Seed 8/10
Train loss: 0.3615,0.1589,0.1267,0.0743,0.0602,0.048,0.0478,0.0406,0.0457,0.036,0.0437,0.0324,0.0219,0.0279,0.0296,0.0229,0.0163,0.0159,0.0145,0.0174,0.0132,0.0139,0.0107,0.0185,0.0206,0.0139,0.0115,0.0166,0.013,0.0181,0.0077,0.0063,0.0043,0.0101,0.008,0.0121,0.0045,0.0056,0.006,0.0066
Test loss: 0.3597,0.1628,0.1355,0.0918,0.0813,0.0767,0.0838,0.0823,0.0944,0.0856,0.1041,0.0949,0.0903,0.1072,0.1095,0.0918,0.0992,0.0945,0.1075,0.0946,0.1016,0.0979,0.1087,0.1326,0.1301,0.1228,0.1296,0.1261,0.1204,0.1398,0.1093,0.1228,0.1223,0.1356,0.1235,0.1528,0.1299,0.1367,0.1444,0.1477
Train accuracy: 89.4,95.3,96.2,97.8,98.1,98.5,98.5,98.7,98.5,98.9,98.6,99.0,99.3,99.1,99.0,99.2,99.5,99.5,99.5,99.4,99.6,99.5,99.7,99.4,99.4,99.6,99.6,99.5,99.6,99.5,99.8,99.8,99.9,99.7,99.8,99.7,99.9,99.8,99.8,99.8
Test accuracy: 89.6,95.1,95.9,97.4,97.7,97.8,97.7,97.8,97.4,98.0,97.4,97.8,98.0,97.7,97.7,97.9,98.0,98.0,97.9,97.9,98.0,97.9,98.0,97.9,97.9,97.8,97.8,97.8,98.0,97.8,98.1,98.1,98.0,97.9,98.1,97.9,98.2,98.1,98.1,98.0
Seed 9/10
Train loss: 0.4361,0.2822,0.2133,0.1747,0.155,0.1301,0.1096,0.1346,0.0899,0.0878,0.0792,0.0713,0.0667,0.0724,0.0717,0.0684,0.0663,0.055,0.0541,0.0482,0.0503,0.0654,0.0442,0.0483,0.0517,0.0413,0.0305,0.0448,0.0348,0.0272,0.0302,0.0504,0.0384,0.0359,0.0291,0.0295,0.0218,0.0368,0.0274,0.0279
Test loss: 0.4412,0.312,0.2542,0.2233,0.2152,0.203,0.1831,0.2152,0.1879,0.1945,0.1837,0.1897,0.1851,0.2048,0.2131,0.2126,0.2331,0.2067,0.2247,0.2065,0.2242,0.2566,0.2272,0.2483,0.2532,0.2427,0.2314,0.2521,0.2497,0.247,0.2675,0.285,0.2737,0.2817,0.259,0.2508,0.2489,0.2755,0.2705,0.2581
Train accuracy: 87.0,92.1,94.1,95.1,95.7,96.3,96.9,96.1,97.3,97.4,97.6,97.9,98.1,97.9,98.0,98.0,98.0,98.4,98.4,98.6,98.6,98.2,98.7,98.6,98.6,98.8,99.2,98.8,99.0,99.2,99.2,98.7,99.0,99.0,99.2,99.2,99.4,99.0,99.2,99.2
Test accuracy: 87.0,91.4,93.3,93.8,94.5,94.7,95.3,94.8,95.6,95.7,95.7,95.6,95.9,95.9,95.8,95.9,95.8,95.8,95.9,96.1,95.7,95.6,96.2,95.8,95.7,95.8,95.9,95.8,95.9,95.9,96.0,95.7,96.0,95.8,96.0,96.1,96.2,95.9,95.8,96.0
Seed 10/10
Train loss: 0.1918,0.1759,0.1033,0.0828,0.0745,0.055,0.0441,0.0373,0.0435,0.0277,0.0249,0.0315,0.0237,0.0218,0.0149,0.017,0.02,0.0259,0.0172,0.0114,0.0162,0.0162,0.0177,0.0098,0.0052,0.0313,0.0208,0.0087,0.0131,0.0085,0.0084,0.0047,0.0086,0.0086,0.0025,0.008,0.007,0.0031,0.0055,0.0085
Test loss: 0.1988,0.188,0.123,0.1152,0.1147,0.1005,0.0955,0.0951,0.115,0.0933,0.1047,0.1192,0.1291,0.132,0.1191,0.1467,0.1348,0.1435,0.1395,0.1233,0.1403,0.1556,0.1561,0.1379,0.1426,0.2043,0.1694,0.1642,0.1672,0.1664,0.1783,0.167,0.1819,0.1732,0.1717,0.1854,0.1813,0.1816,0.1831,0.1772
Train accuracy: 94.6,94.6,97.0,97.5,97.8,98.3,98.7,98.8,98.6,99.1,99.2,99.1,99.2,99.3,99.5,99.4,99.3,99.2,99.4,99.6,99.5,99.5,99.5,99.7,99.8,99.1,99.3,99.7,99.6,99.7,99.7,99.8,99.7,99.7,99.9,99.7,99.8,99.9,99.8,99.7
Test accuracy: 94.6,94.0,96.5,96.7,97.2,97.3,97.5,97.7,97.3,97.5,97.6,97.5,97.4,97.5,97.7,97.6,97.7,97.5,97.6,97.8,97.6,97.3,97.8,97.8,97.8,97.2,97.4,97.8,97.5,97.4,97.6,97.8,97.5,97.6,97.7,97.7,97.6,97.9,97.7,97.6
