Seed 1/10
Train loss: 0.135,0.0888,0.0737,0.0594,0.0522,0.0435,0.0376,0.0288,0.0218,0.0203,0.0177,0.0203,0.0206,0.0131,0.0103,0.0104,0.0087,0.0109,0.0084,0.0108,0.0103,0.0087,0.0052,0.0053,0.0048,0.004,0.0042,0.0032,0.0048,0.0064,0.0083,0.0025,0.0019,0.001,0.0075,0.0017,0.0017,0.0012,0.0047,0.0035
Test loss: 0.157,0.1354,0.1483,0.1403,0.1475,0.1366,0.1104,0.1163,0.0979,0.1039,0.0959,0.116,0.1252,0.137,0.1476,0.1193,0.0996,0.1134,0.145,0.1287,0.127,0.1058,0.1701,0.1296,0.1519,0.1269,0.1132,0.1278,0.1403,0.1248,0.1403,0.1171,0.1189,0.1192,0.1125,0.1214,0.1442,0.1337,0.1379,0.1656
Train accuracy: 96.1,97.6,97.9,98.3,98.4,98.7,98.9,99.2,99.4,99.4,99.5,99.4,99.4,99.7,99.8,99.8,99.8,99.7,99.8,99.7,99.7,99.8,99.9,99.9,99.9,99.9,99.9,99.9,99.9,99.8,99.8,100.0,100.0,100.0,99.8,100.0,100.0,100.0,99.9,99.9
Test accuracy: 96.0,97.0,97.4,97.5,97.5,97.8,97.7,97.9,97.8,97.8,98.0,97.8,97.7,98.0,98.0,98.0,98.0,97.9,97.9,97.9,98.0,97.9,98.0,98.0,98.0,98.0,98.0,98.2,98.1,97.8,97.8,98.1,98.1,98.2,97.6,98.0,98.0,98.0,97.9,97.9
Seed 2/10
Train loss: 0.3216,0.2024,0.1571,0.1352,0.1274,0.1318,0.1287,0.1014,0.0789,0.0537,0.0438,0.0403,0.0423,0.035,0.026,0.0285,0.0223,0.0228,0.0188,0.0211,0.0141,0.0119,0.0227,0.0115,0.0082,0.0109,0.011,0.0092,0.0093,0.0093,0.0071,0.0126,0.0071,0.0099,0.0067,0.0051,0.008,0.0055,0.004,0.007
Test loss: 0.4346,0.2869,0.2379,0.2649,0.3158,0.2976,0.433,0.2872,0.4818,0.1873,0.1982,0.1795,0.1782,0.2436,0.5219,0.149,0.1254,0.1439,0.1217,0.1539,0.1229,0.121,0.1577,0.1265,0.139,0.1396,0.1149,0.1469,0.1594,0.1394,0.1797,0.1568,0.131,0.2262,0.1646,0.3098,0.1497,0.1421,0.1521,0.1874
Train accuracy: 91.0,94.4,95.7,96.3,96.5,96.4,96.4,97.1,97.8,98.5,98.8,98.9,98.8,99.0,99.3,99.2,99.4,99.4,99.5,99.4,99.7,99.7,99.3,99.7,99.8,99.7,99.7,99.8,99.8,99.8,99.8,99.7,99.9,99.8,99.9,99.9,99.8,99.9,99.9,99.8
Test accuracy: 91.0,93.9,94.9,95.2,95.5,95.1,95.0,95.5,96.0,96.8,97.1,97.0,97.0,97.2,97.4,97.3,97.5,97.5,97.7,97.2,97.5,97.7,97.2,97.5,97.7,97.7,97.6,97.8,97.5,97.8,97.7,97.5,97.7,97.6,97.8,97.8,97.8,97.8,97.8,97.6
Seed 3/10
Train loss: 0.9166,0.6925,0.548,0.4575,0.3997,0.365,0.3297,0.3022,0.3058,0.2712,0.2615,0.2549,0.2289,0.2184,0.2369,0.2004,0.2114,0.1971,0.1886,0.1791,0.1809,0.1975,0.172,0.1844,0.1668,0.1822,0.1654,0.153,0.1504,0.1555,0.1623,0.149,0.1474,0.1373,0.1419,0.1518,0.1413,0.136,0.1327,0.1337
Test loss: 0.9376,0.8777,0.8123,0.6824,1.0519,0.5858,0.5539,0.821,0.8909,0.7254,0.7224,1.9484,0.5532,0.846,0.4184,0.4424,0.9194,1.4175,1.3254,2.1602,1.6265,1.2898,0.408,0.4801,0.4327,0.3151,1.4988,1.4531,0.5599,0.6583,0.357,0.9323,1.1495,0.8039,1.2601,0.4801,0.3308,1.0371,0.8616,0.8369
Train accuracy: 74.7,78.5,89.4,91.4,92.4,92.6,93.1,93.8,92.5,93.8,93.6,93.6,94.6,94.9,94.0,95.3,94.7,95.2,95.5,95.7,95.5,95.1,95.9,95.4,95.9,95.4,95.9,96.2,96.3,96.1,95.9,96.4,96.3,96.7,96.6,96.3,96.6,96.8,96.8,96.7
Test accuracy: 75.1,78.2,89.2,90.8,91.6,91.4,91.9,92.4,90.7,92.3,91.6,91.6,92.5,92.9,91.8,93.1,92.5,92.6,93.0,93.3,93.0,92.8,93.3,93.0,93.0,92.8,93.3,93.0,93.4,93.2,92.8,93.1,93.2,93.3,93.5,93.2,93.5,93.2,93.5,93.5
Seed 4/10
Train loss: 0.1965,0.0959,0.0686,0.0507,0.0357,0.0325,0.0262,0.0229,0.0173,0.0164,0.0147,0.0148,0.0153,0.0075,0.0117,0.0111,0.0066,0.0167,0.0069,0.0102,0.0076,0.006,0.0061,0.0035,0.0033,0.0038,0.0039,0.0018,0.0054,0.0097,0.002,0.0024,0.0117,0.0036,0.0017,0.001,0.0028,0.0022,0.0012,0.0023
Test loss: 0.2291,0.1207,0.1179,0.103,0.1334,0.1961,0.1859,0.109,0.1062,0.1094,0.1186,0.0909,0.1452,0.0887,0.0909,0.118,0.0873,0.1484,0.112,0.1256,0.1292,0.1194,0.138,0.1541,0.1063,0.0853,0.0906,0.0923,0.1766,0.1422,0.1126,0.1075,0.1634,0.1213,0.1103,0.1132,0.1208,0.1128,0.1154,0.1168
Train accuracy: 94.4,97.3,98.1,98.6,99.0,99.1,99.3,99.4,99.5,99.6,99.6,99.6,99.6,99.9,99.7,99.7,99.8,99.6,99.8,99.7,99.8,99.9,99.8,99.9,99.9,99.9,99.9,100.0,99.9,99.7,100.0,100.0,99.7,99.9,100.0,100.0,99.9,100.0,100.0,99.9
Test accuracy: 94.5,96.9,97.4,97.8,98.1,98.1,98.1,98.0,98.3,98.2,98.2,98.3,98.1,98.4,98.3,98.1,98.4,98.0,98.1,98.1,98.1,98.1,98.3,98.2,98.4,98.3,98.3,98.5,98.3,98.1,98.4,98.3,97.9,98.3,98.3,98.5,98.3,98.3,98.3,98.1
Seed 5/10
Train loss: 0.241,0.1625,0.1078,0.0724,0.0537,0.0509,0.0438,0.039,0.0439,0.0395,0.0451,0.0256,0.0177,0.0146,0.021,0.0151,0.0119,0.0112,0.0099,0.0121,0.0082,0.0089,0.01,0.006,0.0126,0.0071,0.0052,0.007,0.0066,0.0053,0.0058,0.0049,0.0083,0.0052,0.0052,0.0053,0.0033,0.0055,0.0069,0.0047
Test loss: 0.2984,0.2178,0.1828,0.1375,0.1048,0.1144,0.1271,0.136,0.1647,0.1516,0.1624,0.1402,0.1165,0.1162,0.1447,0.1027,0.1048,0.124,0.1079,0.1265,0.123,0.1216,0.119,0.1186,0.1388,0.1293,0.1119,0.1759,0.155,0.1422,0.141,0.1414,0.137,0.1425,0.1372,0.127,0.1207,0.1654,0.1512,0.145
Train accuracy: 92.8,95.1,96.9,97.9,98.4,98.5,98.7,98.9,98.7,98.8,98.6,99.2,99.5,99.6,99.4,99.6,99.7,99.7,99.8,99.7,99.8,99.8,99.7,99.9,99.6,99.8,99.9,99.8,99.8,99.9,99.9,99.9,99.8,99.9,99.9,99.9,99.9,99.9,99.8,99.9
Test accuracy: 93.1,95.0,96.3,97.3,97.5,97.4,97.6,97.5,97.1,97.2,97.2,97.7,97.8,97.8,97.6,97.8,97.8,97.9,97.8,97.8,97.7,97.7,97.7,97.8,97.6,97.7,97.7,97.6,97.6,97.8,97.8,97.8,97.6,97.9,97.7,97.7,97.8,97.8,97.5,97.6
Seed 6/10
Train loss: 0.367,0.2061,0.1554,0.1299,0.1098,0.0955,0.0655,0.0514,0.0513,0.0502,0.0429,0.0343,0.0273,0.0315,0.02,0.0166,0.0146,0.0167,0.0176,0.0143,0.0148,0.0122,0.0127,0.01,0.0094,0.0083,0.0084,0.0068,0.0048,0.0063,0.005,0.0076,0.0055,0.004,0.0039,0.0071,0.0066,0.0037,0.0098,0.0054
Test loss: 0.495,0.2606,0.2276,0.1802,0.2128,0.2061,0.1233,0.1143,0.1452,0.1312,0.1116,0.1229,0.161,0.1239,0.1242,0.1233,0.1143,0.1766,0.1473,0.1094,0.1163,0.1162,0.217,0.1507,0.1663,0.1708,0.1309,0.1221,0.1365,0.1437,0.1109,0.1406,0.1256,0.1714,0.1498,0.3367,0.2804,0.1995,0.1576,0.1518
Train accuracy: 90.5,94.4,95.7,96.4,97.1,97.4,98.1,98.5,98.4,98.5,98.7,99.0,99.2,99.1,99.5,99.6,99.6,99.6,99.6,99.6,99.6,99.7,99.7,99.8,99.8,99.8,99.8,99.9,99.9,99.9,99.9,99.8,99.9,99.9,99.9,99.8,99.9,99.9,99.8,99.9
Test accuracy: 90.8,94.1,94.9,95.6,96.1,96.2,96.9,97.0,97.1,96.9,97.1,97.5,97.5,97.5,97.6,97.8,97.8,97.7,97.9,97.7,97.7,97.8,97.8,97.8,97.9,97.7,97.8,97.9,97.8,97.8,98.0,98.0,97.9,97.9,98.0,97.7,97.7,97.9,97.7,97.8
Seed 7/10
Train loss: 0.4016,0.2599,0.2035,0.1526,0.1374,0.1269,0.1123,0.1025,0.0882,0.0872,0.0944,0.0694,0.0761,0.0678,0.0663,0.0587,0.0665,0.0532,0.0509,0.0514,0.0435,0.0487,0.0449,0.0392,0.0384,0.038,0.0319,0.0369,0.0337,0.0326,0.0385,0.0303,0.0316,0.0382,0.0244,0.0265,0.0334,0.0314,0.0272,0.0291
Test loss: 0.5437,0.8359,0.4173,0.2546,0.301,0.299,0.3069,0.304,0.2743,0.2495,0.3905,0.2512,0.4055,0.286,0.3157,0.2323,0.704,0.2746,0.3771,0.2901,0.2592,0.695,0.2308,0.4834,0.4744,0.5729,0.528,0.2326,0.5173,0.5075,0.2628,0.2289,0.2843,0.4065,0.6932,0.323,0.7162,0.3087,0.1943,0.3011
Train accuracy: 89.5,92.8,94.1,95.7,96.0,96.2,96.7,97.0,97.4,97.4,97.2,98.0,97.8,98.0,98.1,98.4,98.1,98.5,98.7,98.5,98.9,98.6,98.7,98.9,98.9,99.0,99.2,99.0,99.1,99.1,98.9,99.2,99.1,98.9,99.3,99.3,99.1,99.2,99.3,99.2
Test accuracy: 89.1,92.4,93.7,94.9,95.2,95.2,95.3,95.7,96.0,95.7,95.5,96.0,95.7,96.0,96.1,96.0,95.9,96.1,96.1,96.1,96.3,96.2,96.4,96.4,96.2,96.0,96.3,96.4,96.1,96.3,96.2,96.2,96.2,96.1,96.5,96.3,96.3,96.3,96.2,96.2
Seed 8/10
Train loss: 0.091,0.0562,0.0384,0.0279,0.0238,0.0201,0.0169,0.013,0.0142,0.0106,0.0097,0.0067,0.005,0.0116,0.0051,0.0039,0.0044,0.0115,0.0027,0.0029,0.0032,0.0031,0.0012,0.0006,0.0035,0.0012,0.0004,0.0002,0.0002,0.0049,0.0008,0.0003,0.0002,0.0001,0.0001,0.0002,0.0103,0.0008,0.0002,0.0001
Test loss: 0.1223,0.1015,0.0863,0.068,0.07,0.0731,0.0757,0.1156,0.0954,0.0676,0.0735,0.0707,0.0768,0.1474,0.0781,0.0673,0.068,0.1388,0.0743,0.1086,0.1052,0.0866,0.0725,0.0996,0.0779,0.0777,0.0838,0.0883,0.0857,0.0785,0.0878,0.0907,0.0872,0.0862,0.0884,0.1,0.1018,0.0744,0.0845,0.0875
Train accuracy: 97.5,98.5,98.9,99.2,99.3,99.4,99.5,99.7,99.6,99.7,99.7,99.8,99.9,99.7,99.9,99.9,99.9,99.7,99.9,99.9,99.9,99.9,100.0,100.0,99.9,100.0,100.0,100.0,100.0,99.9,100.0,100.0,100.0,100.0,100.0,100.0,99.7,100.0,100.0,100.0
Test accuracy: 97.5,98.2,98.4,98.5,98.5,98.4,98.5,98.6,98.5,98.6,98.5,98.6,98.5,98.2,98.5,98.6,98.6,98.2,98.7,98.5,98.7,98.4,98.6,98.7,98.5,98.6,98.6,98.7,98.7,98.5,98.7,98.7,98.7,98.7,98.7,98.7,98.2,98.6,98.7,98.7
Seed 9/10
Train loss: 0.9355,0.7349,0.4922,0.3902,0.3461,0.3213,0.3202,0.2795,0.2575,0.2393,0.2249,0.2247,0.2192,0.2079,0.2029,0.1854,0.2084,0.1874,0.1865,0.1684,0.1712,0.1727,0.1635,0.1681,0.1649,0.1681,0.1536,0.1481,0.147,0.1773,0.1464,0.1577,0.1354,0.1466,0.141,0.1439,0.1563,0.1094,0.0876,0.0712
Test loss: 0.9822,0.7974,0.7259,0.7979,0.6945,0.9971,1.1329,1.428,1.0865,1.1819,1.1139,1.0114,0.9186,0.9377,0.6542,0.8527,0.9154,1.217,0.8781,0.9168,0.8756,0.7823,0.8181,0.8317,0.6381,0.8325,0.6358,1.0003,0.72,0.8187,0.6367,0.7325,0.5319,0.5908,0.8501,0.7701,1.222,1.1487,0.7063,0.4053
Train accuracy: 73.3,82.7,88.9,91.2,91.9,92.2,91.5,93.0,93.3,93.9,94.3,94.2,94.2,94.6,94.6,95.2,94.5,95.0,95.0,95.7,95.6,95.6,95.7,95.8,95.7,95.6,96.0,96.2,96.1,95.6,96.4,95.8,96.6,96.2,96.6,96.2,96.1,97.1,97.6,98.0
Test accuracy: 73.1,82.4,88.8,91.3,91.7,91.8,91.1,92.2,92.1,92.7,93.0,92.9,92.6,92.9,92.7,93.2,92.5,93.2,93.0,93.3,93.1,93.0,93.0,92.9,92.9,93.0,93.3,93.3,92.9,92.1,93.1,92.7,93.4,93.0,93.2,92.6,92.4,93.9,94.5,95.4
Seed 10/10
Train loss: 0.2176,0.1555,0.1117,0.0894,0.0679,0.0576,0.0458,0.0359,0.0322,0.034,0.0289,0.0219,0.0272,0.0242,0.0196,0.0216,0.0133,0.0131,0.0098,0.0103,0.0177,0.0154,0.0123,0.0063,0.0146,0.0068,0.0115,0.0054,0.0097,0.0064,0.0086,0.0074,0.0092,0.004,0.0037,0.0103,0.0061,0.0087,0.008,0.0045
Test loss: 0.2585,0.2953,0.1895,0.1657,0.142,0.1441,0.1022,0.097,0.128,0.1316,0.1079,0.1277,0.1619,0.1257,0.1606,0.2008,0.1325,0.1364,0.132,0.1809,0.1556,0.1359,0.1633,0.1263,0.2469,0.1465,0.1826,0.139,0.1367,0.1526,0.152,0.1427,0.1918,0.1526,0.1872,0.1615,0.2189,0.1919,0.179,0.213
Train accuracy: 93.7,95.4,96.8,97.5,98.1,98.4,98.7,99.0,99.0,99.0,99.2,99.4,99.3,99.3,99.4,99.4,99.6,99.6,99.8,99.7,99.5,99.6,99.7,99.9,99.6,99.8,99.7,99.9,99.7,99.8,99.8,99.8,99.8,99.9,99.9,99.7,99.8,99.8,99.8,99.9
Test accuracy: 93.8,95.5,96.8,97.1,97.4,97.5,97.6,97.6,97.7,97.4,97.8,97.7,97.5,97.5,97.6,97.4,97.8,97.6,97.6,97.6,97.5,97.5,97.7,97.7,97.5,97.7,97.5,97.6,97.4,97.7,97.6,97.5,97.6,97.7,97.8,97.4,97.7,97.5,97.5,97.7
