Seed 1/10
Train loss: 0.1673,0.1072,0.0784,0.0577,0.0477,0.0398,0.035,0.0308,0.0326,0.0304,0.0348,0.0383,0.0242,0.0325,0.0129,0.0202,0.0177,0.0155,0.0089,0.0088,0.0136,0.0151,0.0205,0.0157,0.0105,0.0083,0.0043,0.0056,0.015,0.0039,0.0028,0.0055,0.0052,0.0038,0.0082,0.0066,0.0124,0.0018,0.0072,0.0019
Test loss: 0.1729,0.1275,0.1085,0.0932,0.0906,0.091,0.0954,0.1004,0.115,0.12,0.132,0.1493,0.1342,0.1553,0.1344,0.151,0.1495,0.1528,0.1418,0.1505,0.1611,0.1788,0.183,0.1707,0.1623,0.1763,0.1646,0.1489,0.1693,0.147,0.1527,0.1692,0.1696,0.1467,0.168,0.1672,0.1679,0.1625,0.1763,0.1584
Train accuracy: 95.2,96.7,97.6,98.3,98.5,98.8,98.9,99.0,98.9,99.0,98.9,98.8,99.2,99.0,99.6,99.4,99.4,99.5,99.7,99.7,99.6,99.5,99.3,99.5,99.7,99.7,99.9,99.8,99.6,99.9,99.9,99.8,99.8,99.9,99.8,99.8,99.6,99.9,99.8,99.9
Test accuracy: 94.8,96.2,96.7,97.4,97.5,97.6,97.5,97.7,97.6,97.4,97.1,97.0,97.3,97.1,97.7,97.5,97.5,97.4,97.8,97.8,97.6,97.4,97.3,97.5,97.8,97.6,97.8,98.0,97.8,98.0,98.0,97.8,97.8,98.1,97.7,98.0,97.8,98.1,98.1,98.3
Seed 2/10
Train loss: 0.0846,0.0466,0.032,0.025,0.0213,0.0176,0.0194,0.0105,0.016,0.017,0.0145,0.0117,0.0306,0.0156,0.0093,0.0045,0.0067,0.0087,0.0077,0.0131,0.0109,0.0036,0.0025,0.0052,0.0022,0.006,0.007,0.0073,0.0067,0.0022,0.006,0.0017,0.0025,0.0029,0.0074,0.0045,0.0033,0.0126,0.0023,0.0023
Test loss: 0.0852,0.0574,0.0513,0.0503,0.0516,0.054,0.0613,0.0585,0.0639,0.0745,0.0727,0.0713,0.0953,0.0926,0.0804,0.0762,0.0762,0.0811,0.0883,0.0935,0.0898,0.0788,0.0886,0.0975,0.0847,0.0959,0.105,0.0969,0.0998,0.1031,0.1126,0.0999,0.0992,0.0963,0.139,0.135,0.113,0.1312,0.1139,0.1067
Train accuracy: 97.5,98.6,99.0,99.2,99.3,99.4,99.4,99.6,99.5,99.4,99.5,99.6,99.1,99.5,99.7,99.8,99.8,99.7,99.8,99.6,99.6,99.9,99.9,99.8,99.9,99.8,99.8,99.8,99.8,99.9,99.8,99.9,99.9,99.9,99.8,99.8,99.9,99.7,99.9,99.9
Test accuracy: 97.3,98.2,98.5,98.6,98.7,98.6,98.5,98.7,98.5,98.5,98.5,98.5,98.3,98.4,98.6,98.7,98.6,98.7,98.5,98.6,98.5,98.8,98.8,98.5,98.7,98.7,98.5,98.5,98.7,98.8,98.6,98.6,98.6,98.7,98.5,98.5,98.7,98.3,98.6,98.8
Seed 3/10
Train loss: 0.1298,0.0918,0.0633,0.0449,0.0367,0.0331,0.0348,0.0192,0.0227,0.0204,0.0236,0.0183,0.0164,0.0169,0.0391,0.0093,0.0157,0.0083,0.0121,0.0074,0.0227,0.0049,0.0117,0.0084,0.0075,0.0091,0.0017,0.0053,0.0103,0.0084,0.0036,0.0093,0.0039,0.0034,0.0036,0.0068,0.0054,0.0031,0.0101,0.003
Test loss: 0.1342,0.1023,0.0836,0.0747,0.0747,0.0765,0.0862,0.0808,0.0863,0.0842,0.0967,0.1013,0.1012,0.1109,0.125,0.0903,0.1235,0.1041,0.1094,0.109,0.1299,0.1074,0.1349,0.1217,0.116,0.1383,0.1217,0.1333,0.1177,0.1237,0.123,0.126,0.1287,0.1241,0.1452,0.1486,0.1465,0.1363,0.1411,0.1468
Train accuracy: 96.2,97.2,98.0,98.6,98.8,98.9,98.9,99.4,99.2,99.3,99.2,99.4,99.5,99.5,98.8,99.7,99.5,99.7,99.6,99.8,99.3,99.8,99.6,99.7,99.7,99.7,100.0,99.8,99.7,99.7,99.9,99.7,99.9,99.9,99.9,99.8,99.8,99.9,99.7,99.9
Test accuracy: 95.9,96.9,97.5,97.8,97.9,97.8,97.6,98.1,98.0,98.2,97.9,98.1,98.1,97.9,97.6,98.3,98.1,98.4,98.2,98.4,98.0,98.5,98.1,98.3,98.3,98.1,98.5,98.2,98.3,98.1,98.3,98.3,98.5,98.5,98.2,98.2,98.2,98.3,98.4,98.3
Seed 4/10
Train loss: 0.0938,0.0596,0.0558,0.0469,0.0381,0.0269,0.0203,0.0147,0.0157,0.0294,0.013,0.0214,0.0071,0.0123,0.0107,0.0085,0.0086,0.0075,0.0099,0.0096,0.0137,0.0035,0.0053,0.0059,0.0061,0.0063,0.0018,0.0077,0.0034,0.0066,0.0047,0.0037,0.0042,0.004,0.0051,0.0042,0.0021,0.0065,0.0004,0.006
Test loss: 0.0895,0.0666,0.0714,0.0742,0.0758,0.0741,0.074,0.0695,0.0728,0.1032,0.0814,0.1086,0.0872,0.0927,0.0918,0.0885,0.0977,0.1013,0.1061,0.0957,0.116,0.0923,0.0947,0.1028,0.0934,0.1032,0.0932,0.1262,0.0953,0.1178,0.1004,0.1042,0.1242,0.1138,0.1328,0.1045,0.1252,0.1295,0.1125,0.1219
Train accuracy: 97.2,98.2,98.2,98.5,98.8,99.1,99.4,99.5,99.5,99.1,99.6,99.3,99.8,99.6,99.6,99.7,99.7,99.8,99.7,99.7,99.6,99.9,99.8,99.8,99.8,99.8,99.9,99.8,99.9,99.8,99.8,99.9,99.9,99.9,99.8,99.9,99.9,99.8,100.0,99.8
Test accuracy: 97.3,98.0,97.9,98.0,98.0,98.2,98.2,98.3,98.2,98.0,98.2,97.9,98.2,98.3,98.3,98.2,98.3,98.2,98.2,98.4,98.2,98.5,98.4,98.4,98.4,98.4,98.6,98.3,98.6,98.3,98.5,98.5,98.4,98.6,98.3,98.6,98.5,98.4,98.6,98.4
Seed 5/10
Train loss: 0.0905,0.0689,0.0482,0.0393,0.0347,0.0333,0.0329,0.0273,0.0206,0.0152,0.0119,0.016,0.0134,0.0223,0.0081,0.0163,0.0181,0.0053,0.0122,0.0107,0.007,0.0156,0.0114,0.0103,0.0054,0.0059,0.0027,0.012,0.0018,0.0108,0.0071,0.0018,0.004,0.0053,0.0052,0.0035,0.0013,0.0011,0.0023,0.0025
Test loss: 0.0893,0.0779,0.0645,0.0629,0.0677,0.0743,0.0813,0.0763,0.0766,0.0712,0.0734,0.078,0.0864,0.1062,0.0925,0.0972,0.1069,0.0934,0.1056,0.1024,0.0971,0.1214,0.1233,0.1175,0.1062,0.1073,0.1073,0.1133,0.104,0.1127,0.1296,0.0996,0.1157,0.1187,0.1258,0.118,0.1064,0.1038,0.1051,0.1146
Train accuracy: 97.3,97.8,98.5,98.7,98.9,98.9,99.0,99.1,99.4,99.5,99.6,99.5,99.6,99.3,99.7,99.5,99.5,99.8,99.6,99.6,99.8,99.6,99.7,99.6,99.8,99.8,99.9,99.7,99.9,99.7,99.8,100.0,99.9,99.8,99.8,99.9,100.0,100.0,99.9,99.9
Test accuracy: 97.3,97.6,98.0,98.0,98.0,98.0,97.8,98.0,98.2,98.4,98.5,98.4,98.3,98.1,98.5,98.2,98.2,98.6,98.3,98.4,98.4,98.1,98.3,98.3,98.5,98.6,98.5,98.4,98.7,98.4,98.4,98.6,98.4,98.4,98.4,98.5,98.6,98.7,98.7,98.5
Seed 6/10
Train loss: 0.1163,0.0699,0.0504,0.0468,0.0443,0.0308,0.0239,0.0303,0.0223,0.02,0.014,0.0153,0.0115,0.0124,0.01,0.0132,0.0087,0.0122,0.006,0.0092,0.0068,0.0042,0.0094,0.006,0.0089,0.0131,0.0057,0.0012,0.0084,0.003,0.0027,0.0058,0.0018,0.0044,0.0028,0.0052,0.0017,0.0021,0.0009,0.0022
Test loss: 0.1092,0.0779,0.0656,0.0644,0.0709,0.0669,0.0647,0.0747,0.0771,0.076,0.0752,0.0752,0.0764,0.0799,0.0886,0.0888,0.0812,0.1029,0.0881,0.0894,0.0887,0.0909,0.1075,0.0924,0.1132,0.1191,0.0998,0.0932,0.1096,0.0995,0.0925,0.1157,0.1043,0.114,0.1153,0.1303,0.123,0.1133,0.1145,0.1141
Train accuracy: 96.6,97.9,98.5,98.5,98.6,99.0,99.2,99.0,99.2,99.3,99.5,99.5,99.6,99.6,99.7,99.6,99.7,99.6,99.8,99.7,99.8,99.9,99.7,99.8,99.7,99.6,99.8,100.0,99.7,99.9,99.9,99.8,99.9,99.9,99.9,99.8,99.9,99.9,100.0,99.9
Test accuracy: 96.8,97.6,97.9,97.8,97.8,98.0,98.3,98.0,98.1,98.3,98.2,98.3,98.5,98.4,98.2,98.3,98.6,98.4,98.4,98.4,98.5,98.5,98.3,98.7,98.4,98.2,98.5,98.6,98.3,98.5,98.6,98.4,98.6,98.5,98.6,98.4,98.6,98.5,98.6,98.5
Seed 7/10
Train loss: 0.0857,0.0546,0.0368,0.0299,0.022,0.0223,0.0156,0.0142,0.0113,0.0194,0.0109,0.0076,0.0061,0.0048,0.0098,0.0044,0.0077,0.0128,0.0027,0.0039,0.0089,0.0031,0.009,0.0086,0.0173,0.0022,0.0022,0.0208,0.0045,0.0031,0.002,0.0034,0.0044,0.0035,0.002,0.007,0.0043,0.001,0.0018,0.0034
Test loss: 0.0831,0.0648,0.0539,0.0561,0.0524,0.0597,0.0607,0.0688,0.0633,0.0858,0.0704,0.0663,0.0648,0.0676,0.0822,0.0692,0.0859,0.0954,0.0752,0.0728,0.0819,0.0834,0.0984,0.1066,0.1294,0.0772,0.0852,0.1341,0.0924,0.0943,0.095,0.1002,0.1005,0.1063,0.1167,0.1133,0.1209,0.1076,0.1305,0.1143
Train accuracy: 97.3,98.3,98.9,99.0,99.3,99.2,99.5,99.5,99.6,99.4,99.6,99.8,99.8,99.8,99.7,99.9,99.7,99.6,99.9,99.9,99.7,99.9,99.7,99.8,99.6,99.9,99.9,99.4,99.9,99.9,100.0,99.9,99.8,99.9,99.9,99.8,99.9,100.0,99.9,99.9
Test accuracy: 97.2,97.9,98.2,98.3,98.6,98.4,98.5,98.4,98.7,98.2,98.6,98.6,98.6,98.8,98.6,98.7,98.4,98.5,98.7,98.7,98.6,98.7,98.7,98.5,98.3,98.7,98.7,98.0,98.6,98.7,98.7,98.6,98.6,98.7,98.6,98.4,98.6,98.7,98.6,98.6
Seed 8/10
Train loss: 0.0682,0.0409,0.0294,0.024,0.0177,0.0176,0.0228,0.0106,0.0161,0.0108,0.0173,0.0133,0.0089,0.0094,0.0064,0.0093,0.0089,0.0059,0.0077,0.0039,0.0065,0.0052,0.0064,0.0056,0.0033,0.0023,0.0054,0.0029,0.0023,0.0121,0.0008,0.0074,0.0018,0.0024,0.0058,0.0021,0.0016,0.0051,0.0087,0.0137
Test loss: 0.0736,0.0561,0.0537,0.059,0.0567,0.0589,0.0722,0.0566,0.0673,0.0703,0.0725,0.0778,0.0732,0.0805,0.0794,0.0855,0.0794,0.0858,0.0905,0.0791,0.0963,0.0853,0.08,0.0892,0.08,0.0816,0.0977,0.0845,0.0896,0.1273,0.0871,0.098,0.0971,0.0874,0.0998,0.0929,0.0977,0.1301,0.1179,0.1358
Train accuracy: 98.0,98.8,99.1,99.2,99.4,99.4,99.3,99.7,99.5,99.6,99.4,99.6,99.7,99.7,99.8,99.7,99.7,99.8,99.8,99.9,99.8,99.8,99.8,99.8,99.9,99.9,99.8,99.9,99.9,99.7,100.0,99.8,99.9,99.9,99.8,99.9,100.0,99.9,99.8,99.7
Test accuracy: 97.6,98.3,98.5,98.5,98.6,98.5,98.5,98.8,98.4,98.4,98.3,98.3,98.5,98.4,98.5,98.4,98.6,98.6,98.4,98.7,98.6,98.5,98.7,98.6,98.7,98.8,98.5,98.7,98.6,98.3,98.7,98.6,98.8,98.8,98.7,98.6,98.7,98.6,98.6,98.4
Seed 9/10
Train loss: 0.1522,0.1127,0.0507,0.0373,0.0277,0.025,0.021,0.0175,0.0218,0.0153,0.0149,0.0142,0.0106,0.011,0.0147,0.0061,0.0083,0.0062,0.0059,0.0056,0.0032,0.0104,0.0056,0.0058,0.0028,0.0023,0.0019,0.0022,0.0045,0.0094,0.0012,0.0043,0.0025,0.002,0.0016,0.0101,0.0072,0.0008,0.0039,0.0082
Test loss: 0.1553,0.1302,0.075,0.0677,0.0639,0.0713,0.0742,0.0693,0.0844,0.0869,0.0852,0.0877,0.0907,0.0952,0.1059,0.1025,0.1097,0.1123,0.1076,0.1027,0.0994,0.1181,0.1112,0.1148,0.1058,0.1033,0.1123,0.0992,0.123,0.1367,0.1103,0.1058,0.118,0.1224,0.101,0.1386,0.1341,0.1179,0.1343,0.1538
Train accuracy: 95.6,96.6,98.4,98.8,99.1,99.2,99.3,99.4,99.3,99.5,99.5,99.5,99.6,99.7,99.5,99.8,99.7,99.8,99.8,99.8,99.9,99.7,99.8,99.8,99.9,99.9,99.9,99.9,99.8,99.7,100.0,99.9,99.9,99.9,100.0,99.7,99.8,100.0,99.9,99.8
Test accuracy: 95.4,95.9,97.8,97.9,98.1,98.0,98.1,98.2,98.2,98.0,98.3,98.1,98.3,98.3,98.2,98.3,98.1,98.3,98.4,98.5,98.5,98.1,98.3,98.4,98.7,98.5,98.5,98.6,98.4,98.1,98.6,98.5,98.5,98.5,98.7,98.2,98.3,98.6,98.4,98.2
Seed 10/10
Train loss: 0.1309,0.0915,0.0685,0.0566,0.0496,0.0449,0.0352,0.0343,0.0247,0.0463,0.0235,0.0364,0.0233,0.0214,0.024,0.0126,0.0115,0.0214,0.0118,0.0131,0.0069,0.0121,0.0107,0.0062,0.0084,0.0031,0.0134,0.0061,0.0098,0.0067,0.011,0.006,0.0021,0.0054,0.004,0.0143,0.0076,0.002,0.0047,0.0011
Test loss: 0.1351,0.1061,0.0914,0.0904,0.0911,0.0922,0.0925,0.1022,0.0961,0.1365,0.1161,0.1348,0.1204,0.1377,0.1244,0.1255,0.1203,0.1391,0.1297,0.1299,0.1363,0.1638,0.1485,0.1406,0.1525,0.129,0.1513,0.1382,0.1288,0.1544,0.162,0.1603,0.1565,0.1535,0.1567,0.1968,0.156,0.148,0.1812,0.1498
Train accuracy: 96.3,97.4,98.0,98.3,98.5,98.6,98.9,98.9,99.2,98.6,99.2,98.9,99.3,99.3,99.2,99.6,99.6,99.4,99.6,99.6,99.8,99.6,99.6,99.8,99.7,99.9,99.6,99.8,99.7,99.8,99.6,99.8,99.9,99.8,99.9,99.6,99.8,99.9,99.8,100.0
Test accuracy: 96.0,96.8,97.3,97.4,97.5,97.5,97.6,97.6,97.8,97.1,97.6,97.5,97.7,97.6,97.6,97.8,97.9,97.5,98.0,97.9,97.9,97.7,97.9,98.0,97.8,98.0,97.7,98.0,97.9,98.0,97.8,98.0,98.1,98.0,97.9,97.6,97.9,98.0,97.9,98.1
