Seed 1/10
Train loss: 0.1211,0.0908,0.0608,0.059,0.048,0.0333,0.0358,0.0243,0.0372,0.0209,0.0184,0.0142,0.0239,0.0299,0.0123,0.0101,0.0095,0.0181,0.0263,0.0103,0.0104,0.0184,0.0094,0.0076,0.0043,0.0158,0.0079,0.0035,0.0076,0.0026,0.0101,0.0039,0.0063,0.0059,0.0081,0.0071,0.0051,0.008,0.0049,0.0087
Test loss: 0.1175,0.0935,0.0761,0.0833,0.0737,0.0712,0.0821,0.0696,0.0998,0.0868,0.0843,0.0938,0.1083,0.1095,0.0828,0.0913,0.0958,0.1194,0.1212,0.098,0.1075,0.1424,0.1173,0.1071,0.1018,0.1358,0.1138,0.1064,0.1132,0.1033,0.1215,0.1225,0.1214,0.1241,0.1297,0.1413,0.1336,0.1279,0.1253,0.1597
Train accuracy: 96.5,97.3,98.2,98.1,98.5,98.9,98.9,99.2,98.8,99.3,99.4,99.6,99.3,99.0,99.6,99.6,99.7,99.4,99.2,99.7,99.7,99.5,99.7,99.8,99.9,99.5,99.8,99.9,99.8,99.9,99.7,99.9,99.8,99.8,99.8,99.8,99.8,99.8,99.8,99.8
Test accuracy: 96.4,97.1,97.7,97.5,97.9,97.9,97.8,98.2,97.4,98.0,98.0,97.9,97.7,97.7,98.1,98.1,98.2,97.8,97.7,98.2,98.2,97.8,98.2,98.2,98.3,98.0,98.0,98.3,98.0,98.2,98.0,98.4,98.3,98.2,98.2,98.3,98.1,98.1,98.0,98.1
Seed 2/10
Train loss: 0.0853,0.0534,0.0369,0.0312,0.0208,0.0284,0.0192,0.0148,0.0199,0.0108,0.0176,0.0107,0.0113,0.017,0.0118,0.0086,0.0092,0.01,0.0022,0.0056,0.0039,0.0065,0.0052,0.0035,0.0041,0.002,0.0119,0.0067,0.0012,0.0016,0.0024,0.0018,0.0011,0.0031,0.0021,0.0039,0.0019,0.0007,0.0102,0.0013
Test loss: 0.0862,0.0622,0.0492,0.0544,0.046,0.0587,0.0572,0.0574,0.0661,0.0599,0.0667,0.0738,0.073,0.0912,0.079,0.0782,0.0877,0.0643,0.0698,0.0694,0.0707,0.074,0.0813,0.0759,0.0735,0.0735,0.1107,0.0928,0.0767,0.0742,0.0939,0.0809,0.0854,0.088,0.0847,0.1042,0.0916,0.0946,0.1179,0.103
Train accuracy: 97.4,98.3,98.9,99.0,99.3,99.0,99.4,99.5,99.3,99.6,99.4,99.6,99.6,99.5,99.6,99.7,99.7,99.7,99.9,99.8,99.9,99.8,99.8,99.9,99.9,100.0,99.6,99.8,100.0,99.9,99.9,100.0,100.0,99.9,99.9,99.9,99.9,100.0,99.7,100.0
Test accuracy: 97.3,98.0,98.4,98.4,98.7,98.4,98.5,98.7,98.2,98.7,98.4,98.5,98.7,98.3,98.5,98.7,98.6,98.8,98.8,98.8,98.8,98.7,98.6,98.6,98.8,98.8,98.4,98.5,98.8,98.9,98.7,98.7,98.7,98.6,98.7,98.5,98.7,98.8,98.5,98.6
Seed 3/10
Train loss: 0.1656,0.0868,0.0692,0.0502,0.0488,0.0401,0.0277,0.0239,0.0325,0.0234,0.0188,0.0296,0.0137,0.0155,0.0117,0.0138,0.0082,0.0088,0.0106,0.0089,0.0082,0.0047,0.011,0.0032,0.0054,0.0054,0.0078,0.007,0.0038,0.0059,0.0031,0.0032,0.0167,0.0068,0.0077,0.0094,0.0021,0.0053,0.0123,0.0058
Test loss: 0.161,0.0964,0.0865,0.0743,0.0818,0.0736,0.0755,0.072,0.0863,0.0832,0.089,0.1152,0.0792,0.0913,0.0913,0.1034,0.0945,0.0955,0.1056,0.0948,0.0931,0.0925,0.1072,0.0958,0.1206,0.1032,0.1079,0.1108,0.1064,0.1145,0.1048,0.0976,0.1322,0.1265,0.1195,0.1249,0.1055,0.1291,0.1496,0.1397
Train accuracy: 94.8,97.3,97.8,98.5,98.5,98.7,99.1,99.3,99.0,99.3,99.4,99.1,99.6,99.5,99.6,99.5,99.7,99.7,99.7,99.7,99.7,99.9,99.6,99.9,99.8,99.8,99.7,99.8,99.9,99.8,99.9,99.9,99.6,99.8,99.8,99.7,99.9,99.9,99.6,99.8
Test accuracy: 95.0,97.3,97.3,97.9,97.8,97.9,97.9,98.0,97.8,98.1,98.0,97.7,98.3,98.2,98.2,98.0,98.2,98.2,98.0,98.3,98.3,98.5,98.1,98.5,98.3,98.3,98.2,98.3,98.5,98.4,98.6,98.4,98.0,98.3,98.2,98.3,98.5,98.3,98.2,98.4
Seed 4/10
Train loss: 0.0876,0.0641,0.0534,0.046,0.0382,0.032,0.0306,0.0285,0.0222,0.0198,0.0177,0.0176,0.0213,0.0275,0.01,0.0169,0.0095,0.0112,0.0082,0.0145,0.0042,0.0025,0.0072,0.0066,0.004,0.0033,0.0012,0.0026,0.0034,0.0046,0.0025,0.0029,0.0031,0.0037,0.0036,0.0016,0.0014,0.0039,0.0015,0.0002
Test loss: 0.0827,0.0709,0.0744,0.0723,0.0675,0.0623,0.0786,0.0856,0.0728,0.0684,0.0731,0.0797,0.0941,0.1041,0.0803,0.1074,0.0803,0.0917,0.0874,0.1041,0.0886,0.0827,0.0987,0.0866,0.0779,0.0891,0.0805,0.0933,0.0986,0.0975,0.0915,0.0866,0.0961,0.1005,0.108,0.0863,0.096,0.101,0.101,0.0971
Train accuracy: 97.4,98.0,98.3,98.5,98.7,98.9,99.0,99.2,99.3,99.4,99.4,99.4,99.4,99.2,99.7,99.5,99.7,99.6,99.7,99.6,99.9,99.9,99.8,99.8,99.9,99.9,100.0,99.9,99.9,99.8,99.9,99.9,99.9,99.9,99.9,100.0,100.0,99.9,100.0,100.0
Test accuracy: 97.6,97.8,97.8,97.9,98.1,98.1,97.9,98.1,98.2,98.4,98.1,98.0,98.2,97.9,98.3,98.3,98.4,98.3,98.3,98.3,98.4,98.6,98.5,98.4,98.5,98.6,98.6,98.4,98.5,98.5,98.6,98.5,98.4,98.6,98.5,98.5,98.6,98.3,98.5,98.5
Seed 5/10
Train loss: 0.1339,0.0918,0.0712,0.07,0.049,0.043,0.0378,0.0362,0.0223,0.0221,0.0208,0.0295,0.0213,0.012,0.0181,0.0129,0.0332,0.0179,0.0075,0.0134,0.0057,0.0099,0.0066,0.0061,0.0069,0.0117,0.0086,0.0033,0.0025,0.0047,0.0065,0.0165,0.0056,0.0113,0.0075,0.0043,0.0028,0.0046,0.0031,0.0025
Test loss: 0.1359,0.099,0.0903,0.0907,0.077,0.0849,0.0885,0.0866,0.0793,0.0771,0.0898,0.1036,0.0938,0.0948,0.1105,0.1026,0.1277,0.121,0.1029,0.1265,0.1026,0.1207,0.1132,0.1189,0.1222,0.1296,0.1244,0.1202,0.1216,0.1461,0.1591,0.1723,0.138,0.1831,0.13,0.1349,0.1208,0.1319,0.144,0.1234
Train accuracy: 96.1,97.2,97.8,97.8,98.5,98.6,98.8,98.9,99.3,99.3,99.3,99.1,99.3,99.6,99.4,99.6,99.0,99.4,99.8,99.6,99.8,99.7,99.8,99.8,99.8,99.6,99.7,99.9,99.9,99.9,99.8,99.5,99.8,99.7,99.7,99.9,99.9,99.8,99.9,99.9
Test accuracy: 95.9,96.9,97.2,97.3,97.9,97.7,97.7,97.7,98.0,98.0,97.9,97.8,97.9,98.0,97.8,98.0,97.6,97.8,98.3,97.9,98.3,98.0,98.1,98.2,98.1,97.9,98.0,98.2,98.2,98.0,98.1,97.8,98.1,97.8,98.1,98.1,98.4,98.2,98.1,98.3
Seed 6/10
Train loss: 0.2108,0.1083,0.0857,0.067,0.0558,0.0479,0.0482,0.0391,0.0381,0.0352,0.0254,0.0323,0.0275,0.0175,0.0241,0.0295,0.0124,0.0197,0.0121,0.0089,0.0142,0.0103,0.0177,0.0123,0.0103,0.0081,0.0115,0.0097,0.013,0.0078,0.0105,0.0073,0.0069,0.0128,0.0065,0.0113,0.01,0.0039,0.0076,0.0037
Test loss: 0.2089,0.1141,0.0995,0.0875,0.0809,0.0818,0.0954,0.0906,0.0979,0.1068,0.0901,0.1137,0.1109,0.0921,0.1188,0.123,0.1013,0.1144,0.1071,0.1087,0.1243,0.1104,0.1422,0.1369,0.1269,0.1244,0.1273,0.1276,0.1459,0.1481,0.1376,0.1258,0.1399,0.1479,0.1389,0.1491,0.1494,0.1446,0.1486,0.1475
Train accuracy: 93.7,96.9,97.5,98.1,98.4,98.6,98.5,98.8,98.8,98.9,99.2,99.0,99.1,99.5,99.2,99.0,99.6,99.4,99.6,99.7,99.6,99.7,99.5,99.6,99.6,99.7,99.6,99.7,99.6,99.8,99.7,99.8,99.8,99.6,99.8,99.6,99.7,99.9,99.8,99.9
Test accuracy: 93.7,96.8,97.0,97.3,97.6,97.6,97.4,97.6,97.4,97.3,97.7,97.3,97.6,97.9,97.5,97.4,97.8,97.7,98.1,98.0,97.7,98.0,97.8,97.7,97.8,98.0,97.8,98.0,97.8,97.8,97.8,98.1,98.0,97.9,97.9,97.7,97.7,98.0,97.8,98.0
Seed 7/10
Train loss: 0.1305,0.0696,0.0528,0.0445,0.0417,0.0269,0.0257,0.018,0.0208,0.0218,0.015,0.0148,0.0079,0.0101,0.0116,0.0076,0.0048,0.008,0.0054,0.007,0.0119,0.0198,0.0033,0.0033,0.0109,0.0053,0.0082,0.0038,0.0063,0.0061,0.0048,0.0069,0.0036,0.0012,0.0055,0.0019,0.0011,0.0052,0.0011,0.0055
Test loss: 0.1337,0.0759,0.0655,0.0694,0.0757,0.0588,0.0624,0.0639,0.0653,0.0838,0.0689,0.0722,0.0722,0.0743,0.0872,0.0817,0.077,0.0867,0.0893,0.0822,0.1081,0.1162,0.0856,0.0913,0.1094,0.0914,0.1119,0.0856,0.0969,0.0986,0.1085,0.1135,0.1047,0.0983,0.1161,0.1029,0.1086,0.1158,0.1103,0.1125
Train accuracy: 96.0,97.9,98.3,98.6,98.7,99.2,99.1,99.4,99.3,99.3,99.5,99.5,99.7,99.7,99.6,99.8,99.9,99.7,99.8,99.8,99.6,99.4,99.9,99.9,99.6,99.8,99.7,99.9,99.8,99.8,99.8,99.8,99.9,100.0,99.8,99.9,100.0,99.8,100.0,99.8
Test accuracy: 95.8,97.5,98.1,98.0,98.0,98.3,98.4,98.3,98.3,98.2,98.3,98.3,98.5,98.5,98.3,98.5,98.6,98.5,98.3,98.6,98.4,98.2,98.6,98.6,98.3,98.6,98.3,98.6,98.4,98.5,98.4,98.5,98.6,98.6,98.4,98.5,98.7,98.4,98.6,98.6
Seed 8/10
Train loss: 0.0887,0.0557,0.0321,0.0314,0.0289,0.0228,0.0162,0.0281,0.0154,0.0078,0.0106,0.0199,0.0244,0.0096,0.0084,0.0168,0.0055,0.0042,0.0087,0.0262,0.0071,0.0049,0.0047,0.0058,0.0025,0.008,0.0046,0.0073,0.0058,0.0012,0.0028,0.0023,0.0024,0.0043,0.0009,0.004,0.0022,0.0046,0.0021,0.001
Test loss: 0.0903,0.063,0.0469,0.0645,0.0564,0.0541,0.0519,0.0697,0.0561,0.0513,0.0532,0.0816,0.0931,0.0671,0.0813,0.0873,0.0618,0.0664,0.0811,0.1161,0.0835,0.0706,0.0863,0.0759,0.0702,0.0884,0.0829,0.0817,0.0916,0.0905,0.0896,0.093,0.0982,0.0913,0.0848,0.0916,0.0868,0.0999,0.0938,0.0896
Train accuracy: 97.3,98.3,99.0,99.0,99.0,99.2,99.5,99.0,99.5,99.7,99.6,99.4,99.3,99.7,99.7,99.5,99.8,99.9,99.7,99.5,99.8,99.8,99.9,99.8,99.9,99.8,99.8,99.8,99.8,100.0,99.9,99.9,99.9,99.9,100.0,99.9,99.9,99.8,99.9,100.0
Test accuracy: 97.0,97.8,98.4,98.3,98.5,98.5,98.6,98.2,98.6,98.7,98.7,98.4,98.2,98.7,98.5,98.4,98.7,98.6,98.7,98.1,98.7,98.7,98.7,98.7,98.8,98.6,98.6,98.8,98.5,98.8,98.8,98.7,98.7,98.8,98.9,98.8,98.8,98.8,98.8,98.8
Seed 9/10
Train loss: 0.1916,0.1573,0.1282,0.1036,0.083,0.0696,0.063,0.0533,0.0341,0.0256,0.0302,0.024,0.0207,0.0165,0.0262,0.0145,0.0196,0.0156,0.0094,0.0069,0.014,0.0166,0.0053,0.0107,0.0057,0.0125,0.0086,0.0047,0.0081,0.0034,0.0082,0.0049,0.0124,0.006,0.0085,0.0102,0.0041,0.0069,0.0066,0.005
Test loss: 0.1905,0.1675,0.1464,0.1315,0.121,0.1181,0.1151,0.1183,0.0984,0.0948,0.1115,0.113,0.1154,0.1135,0.1228,0.1153,0.1153,0.1163,0.1193,0.1178,0.143,0.1514,0.1261,0.137,0.1245,0.1534,0.1489,0.14,0.1457,0.1349,0.1536,0.1351,0.1724,0.1621,0.1595,0.1703,0.1514,0.1435,0.1605,0.1695
Train accuracy: 94.5,95.4,96.2,96.9,97.5,97.8,98.1,98.4,99.0,99.2,99.0,99.3,99.4,99.5,99.2,99.5,99.4,99.5,99.7,99.7,99.6,99.5,99.8,99.7,99.8,99.6,99.7,99.9,99.8,99.9,99.7,99.8,99.6,99.8,99.8,99.7,99.9,99.8,99.8,99.9
Test accuracy: 94.6,94.9,95.7,96.2,96.8,96.8,97.2,97.1,97.5,97.8,97.7,97.6,97.7,97.8,97.8,97.9,98.0,97.9,98.0,98.0,97.8,97.7,98.1,98.0,98.2,97.8,98.1,98.1,98.1,98.2,97.9,98.0,97.7,98.0,98.0,97.9,98.0,98.1,98.0,98.2
Seed 10/10
Train loss: 0.182,0.118,0.0877,0.07,0.069,0.0604,0.0444,0.0396,0.0388,0.0313,0.0253,0.0336,0.0273,0.0169,0.025,0.0201,0.0133,0.0137,0.0161,0.0104,0.0117,0.0085,0.0141,0.0102,0.0127,0.0144,0.0052,0.0042,0.0122,0.0113,0.0062,0.0086,0.0046,0.0109,0.0091,0.0032,0.0057,0.0131,0.0085,0.0053
Test loss: 0.1803,0.1334,0.1101,0.0958,0.1044,0.1052,0.0919,0.0857,0.0979,0.0943,0.0864,0.1099,0.1091,0.095,0.1176,0.1095,0.1021,0.1055,0.1181,0.1006,0.1127,0.0975,0.1244,0.1199,0.1146,0.1406,0.1211,0.129,0.1436,0.1352,0.1288,0.1595,0.1359,0.141,0.1412,0.1286,0.1558,0.157,0.1451,0.132
Train accuracy: 94.5,96.5,97.4,97.9,97.9,98.1,98.6,98.8,98.7,99.0,99.2,99.0,99.1,99.4,99.2,99.3,99.6,99.5,99.5,99.7,99.6,99.7,99.6,99.7,99.6,99.5,99.8,99.8,99.6,99.6,99.8,99.7,99.9,99.7,99.7,99.9,99.8,99.6,99.8,99.8
Test accuracy: 94.5,95.8,96.7,97.2,97.0,97.0,97.5,97.5,97.3,97.5,97.8,97.5,97.6,98.0,97.5,97.7,98.0,97.7,97.6,97.9,97.9,98.2,97.8,98.0,98.1,97.9,98.3,98.1,98.0,97.9,98.1,98.0,98.0,97.9,97.9,98.0,98.0,97.9,97.9,98.1
