Seed 1/10
Train loss: 1.1738,0.9942,0.7941,0.6645,0.5914,0.5508,0.5301,0.4998,0.4754,0.4592,0.4432,0.4337,0.4167,0.4033,0.3831,0.361,0.3564,0.3534,0.3422,0.3323,0.3313,0.3248,0.3177,0.3397,0.3151,0.3222,0.313,0.3048,0.2968,0.2956,0.2958,0.2947,0.3139,0.2854,0.3002,0.2872,0.283,0.2768,0.2744,0.2866
Test loss: 1.1729,1.0039,0.8176,0.706,0.6422,0.6114,0.6032,0.5872,0.5753,0.5725,0.5721,0.5755,0.5691,0.566,0.561,0.5447,0.5575,0.5673,0.5698,0.5699,0.5839,0.5809,0.5905,0.6186,0.6157,0.6189,0.6466,0.6263,0.6339,0.6398,0.6484,0.6411,0.6982,0.6601,0.6804,0.6756,0.694,0.6837,0.6798,0.6893
Train accuracy: 53.1,58.3,72.9,79.7,81.6,82.0,82.3,82.9,83.4,83.8,84.1,84.1,84.5,84.7,85.2,85.8,85.8,86.0,86.0,86.4,86.4,86.4,86.6,85.9,86.8,86.4,86.7,86.8,87.1,87.2,87.1,87.0,86.8,87.2,86.8,87.3,87.4,87.7,87.7,87.0
Test accuracy: 53.2,58.1,73.2,79.9,81.6,81.7,81.7,82.0,82.4,82.6,82.5,82.5,82.5,82.5,83.0,83.3,83.2,83.2,83.0,83.3,83.2,83.2,83.1,82.7,83.2,82.9,83.1,83.1,83.1,83.1,83.2,82.9,82.8,83.1,82.3,82.9,83.1,83.1,83.2,82.5
Seed 2/10
Train loss: 1.0864,0.869,0.6165,0.5077,0.4346,0.3767,0.3323,0.3001,0.2781,0.2597,0.2419,0.2282,0.2165,0.2046,0.2016,0.1972,0.2,0.1876,0.1842,0.1767,0.1791,0.1682,0.165,0.1729,0.1579,0.1746,0.1484,0.1497,0.1416,0.1552,0.1434,0.1399,0.1514,0.1467,0.1659,0.1272,0.131,0.1391,0.1328,0.1269
Test loss: 1.0959,0.8786,0.6336,0.5371,0.4793,0.4303,0.3948,0.3702,0.3549,0.347,0.3384,0.3346,0.3295,0.3291,0.3357,0.3423,0.3528,0.3584,0.3652,0.366,0.3645,0.3742,0.3811,0.3892,0.3892,0.4142,0.3989,0.4026,0.401,0.4225,0.4237,0.4385,0.4523,0.4429,0.4683,0.4371,0.4518,0.4672,0.4871,0.4764
Train accuracy: 56.6,75.4,83.2,86.9,89.0,90.6,91.6,92.2,92.7,93.1,93.5,93.6,94.0,94.3,94.2,94.4,94.1,94.6,94.6,94.8,94.7,95.0,95.0,94.8,95.4,95.0,95.6,95.7,95.7,95.3,95.9,96.0,95.6,95.6,95.0,96.2,96.0,95.7,96.2,96.3
Test accuracy: 56.3,75.5,83.0,86.4,88.3,89.7,90.7,91.4,91.7,91.9,92.0,92.0,92.2,92.3,92.2,92.1,91.7,92.1,91.8,92.0,91.8,92.0,91.9,91.3,92.1,91.7,92.1,92.2,92.1,91.5,92.2,92.0,91.4,91.5,90.9,92.0,91.7,91.4,91.7,92.0
Seed 3/10
Train loss: 0.5095,0.2843,0.1961,0.1581,0.1342,0.119,0.1089,0.0984,0.093,0.0873,0.0717,0.0829,0.0648,0.0686,0.0616,0.0535,0.0526,0.0502,0.0502,0.0468,0.0434,0.0368,0.0397,0.0426,0.0343,0.0336,0.0297,0.042,0.0357,0.0275,0.0249,0.0308,0.0244,0.0245,0.0286,0.0238,0.0233,0.02,0.0279,0.0177
Test loss: 0.5113,0.2958,0.2186,0.1923,0.1789,0.1739,0.1748,0.1738,0.181,0.1892,0.1853,0.2106,0.198,0.2106,0.2056,0.2153,0.2205,0.2205,0.2359,0.2188,0.2292,0.2308,0.2461,0.2517,0.2518,0.2595,0.2608,0.2908,0.2858,0.2748,0.2843,0.2691,0.2877,0.3025,0.299,0.3087,0.3067,0.3011,0.3023,0.2884
Train accuracy: 87.1,93.4,95.2,95.9,96.4,96.8,97.0,97.2,97.4,97.5,98.0,97.6,98.1,98.0,98.1,98.4,98.5,98.5,98.5,98.6,98.6,98.9,98.8,98.7,99.0,99.0,99.2,98.8,99.0,99.2,99.3,99.1,99.3,99.3,99.2,99.3,99.3,99.4,99.2,99.5
Test accuracy: 86.9,93.3,94.7,95.3,95.4,95.5,95.5,95.6,95.5,95.4,95.8,95.4,95.6,95.4,95.6,95.6,95.8,95.8,95.8,96.2,95.8,96.0,96.0,96.0,96.0,95.9,96.2,96.0,96.1,96.1,96.1,95.8,96.1,96.1,96.0,96.0,96.2,96.2,96.0,96.2
Seed 4/10
Train loss: 0.6356,0.314,0.2097,0.152,0.1188,0.0979,0.0858,0.0775,0.0715,0.0684,0.062,0.0575,0.0567,0.0617,0.0573,0.0505,0.0452,0.0529,0.0378,0.0406,0.0381,0.0395,0.0353,0.0427,0.0322,0.0287,0.0313,0.0264,0.0294,0.0383,0.0289,0.0214,0.0321,0.0251,0.0252,0.0216,0.028,0.0215,0.0322,0.0223
Test loss: 0.6352,0.328,0.2357,0.1826,0.1632,0.1544,0.1531,0.1486,0.1534,0.1586,0.1614,0.1677,0.1777,0.1902,0.1927,0.1856,0.2001,0.2103,0.2034,0.2205,0.2117,0.2429,0.2375,0.2364,0.2415,0.2373,0.2625,0.24,0.2565,0.2627,0.2531,0.2602,0.2702,0.2617,0.2469,0.2723,0.2909,0.2841,0.3035,0.2682
Train accuracy: 82.8,92.4,95.5,96.3,97.0,97.5,97.7,97.8,98.0,98.0,98.3,98.4,98.4,98.3,98.3,98.5,98.7,98.5,98.9,98.8,98.9,98.9,99.0,98.8,99.1,99.2,99.2,99.2,99.2,98.9,99.2,99.4,99.1,99.3,99.3,99.4,99.2,99.4,99.2,99.4
Test accuracy: 83.2,92.3,95.0,95.9,96.1,96.3,96.2,96.4,96.5,96.4,96.5,96.5,96.3,96.3,96.3,96.3,96.5,96.2,96.3,96.1,96.5,96.3,96.4,96.4,96.6,96.6,96.4,96.5,96.4,96.3,96.5,96.5,96.7,96.6,96.7,96.7,96.4,96.6,96.4,96.5
Seed 5/10
Train loss: 0.7254,0.5478,0.411,0.3376,0.2935,0.2713,0.2493,0.2358,0.227,0.2172,0.1447,0.1068,0.0844,0.0794,0.0673,0.0621,0.0677,0.0587,0.0516,0.0426,0.0468,0.0551,0.0429,0.0382,0.0368,0.035,0.036,0.0317,0.0364,0.0354,0.0339,0.0288,0.0285,0.0214,0.0245,0.0347,0.022,0.0243,0.0272,0.0227
Test loss: 0.7053,0.5503,0.4252,0.3638,0.3283,0.3173,0.3051,0.3048,0.3054,0.29,0.2276,0.1889,0.1769,0.1804,0.1779,0.1752,0.1969,0.1914,0.1945,0.1965,0.2088,0.2145,0.208,0.2145,0.2176,0.219,0.2317,0.2232,0.2451,0.2401,0.2252,0.2376,0.2417,0.231,0.2622,0.2919,0.2556,0.2565,0.262,0.259
Train accuracy: 73.9,76.5,86.2,87.4,88.0,88.1,88.8,89.4,89.5,93.8,96.6,97.2,97.7,97.7,98.1,98.2,98.0,98.3,98.6,98.8,98.7,98.4,98.7,98.9,98.9,99.0,98.9,99.1,98.9,98.9,99.0,99.1,99.2,99.4,99.3,99.0,99.4,99.4,99.2,99.3
Test accuracy: 74.3,76.5,85.8,86.8,87.3,87.4,87.8,88.0,87.9,92.8,94.9,95.7,95.9,95.9,96.0,96.4,95.9,96.3,96.4,96.5,96.2,96.2,96.2,96.5,96.2,96.3,96.2,96.3,96.3,96.1,96.4,96.2,96.2,96.4,96.1,96.0,96.5,96.5,96.4,96.3
Seed 6/10
Train loss: 0.335,0.2208,0.1656,0.0984,0.0828,0.0612,0.0536,0.0453,0.0403,0.036,0.0282,0.0308,0.0317,0.0279,0.0222,0.0189,0.0177,0.0151,0.014,0.0129,0.009,0.0207,0.0118,0.0095,0.0118,0.0098,0.0104,0.0083,0.0079,0.0078,0.0119,0.0075,0.0071,0.0143,0.01,0.0094,0.0105,0.0138,0.0073,0.006
Test loss: 0.3209,0.228,0.1812,0.1175,0.1101,0.1013,0.1072,0.1109,0.1137,0.1169,0.1075,0.1294,0.122,0.1309,0.1279,0.116,0.1275,0.1233,0.1219,0.125,0.1184,0.1439,0.1371,0.1366,0.1347,0.1326,0.1523,0.1376,0.1292,0.1466,0.1628,0.1246,0.1341,0.1715,0.1646,0.1534,0.1747,0.1747,0.1495,0.1582
Train accuracy: 90.8,93.5,95.2,97.2,97.5,98.2,98.4,98.6,98.8,98.9,99.1,99.0,98.9,99.1,99.2,99.4,99.4,99.5,99.6,99.6,99.7,99.4,99.6,99.7,99.6,99.7,99.7,99.8,99.8,99.8,99.6,99.8,99.8,99.6,99.7,99.7,99.7,99.6,99.8,99.8
Test accuracy: 91.2,93.3,94.9,96.7,97.0,97.3,97.2,97.4,97.4,97.4,97.8,97.5,97.5,97.6,97.8,97.7,97.8,97.9,98.1,98.1,98.2,97.8,98.1,97.9,98.2,98.2,98.0,98.1,98.1,98.0,97.8,98.2,98.2,97.7,97.9,98.0,98.1,97.9,98.2,98.1
Seed 7/10
Train loss: 1.7694,1.6274,1.5594,1.5261,1.493,1.4725,1.4521,1.4341,1.4126,1.4073,1.3891,1.3878,1.3694,1.3591,1.3483,1.3363,1.3307,1.3355,1.3186,1.3195,1.3255,1.3118,1.3058,1.2954,1.2895,1.2875,1.2793,1.2769,1.2794,1.2713,1.2796,1.2689,1.2614,1.2585,1.2683,1.2482,1.2533,1.2461,1.2548,1.242
Test loss: 1.7721,1.6375,1.5745,1.5461,1.5231,1.5134,1.4896,1.4805,1.4661,1.4657,1.4668,1.4645,1.453,1.4638,1.4469,1.4496,1.4452,1.4445,1.4489,1.4498,1.461,1.4484,1.4555,1.4344,1.4499,1.4393,1.4535,1.4524,1.4772,1.4857,1.4732,1.4757,1.4825,1.4992,1.4621,1.4882,1.491,1.5076,1.4659,1.5087
Train accuracy: 29.0,32.4,37.7,40.0,40.6,41.2,42.7,42.8,44.5,44.4,45.1,44.8,45.4,45.8,45.9,46.1,46.5,45.8,46.2,46.3,46.1,46.5,46.6,46.8,47.1,47.0,47.3,47.2,47.0,47.4,46.8,47.2,47.2,47.6,47.0,47.8,47.5,48.0,47.3,47.6
Test accuracy: 28.7,31.7,37.1,39.6,40.0,40.9,42.4,42.3,44.3,44.2,44.4,44.4,44.7,45.3,45.3,45.5,45.8,45.2,45.3,45.1,45.6,45.6,45.7,46.1,46.1,46.0,46.4,46.1,46.2,46.4,45.6,46.0,46.0,46.6,45.9,46.5,46.1,46.8,46.0,46.3
Seed 8/10
Train loss: 1.2177,0.9138,0.7587,0.6434,0.561,0.4813,0.4491,0.4217,0.3978,0.3762,0.3635,0.3485,0.3423,0.3565,0.333,0.333,0.3373,0.3458,0.3243,0.319,0.3205,0.3055,0.259,0.2193,0.2604,0.251,0.208,0.193,0.2014,0.1915,0.1891,0.2146,0.1728,0.1585,0.1659,0.2155,0.1796,0.1911,0.1478,0.1732
Test loss: 1.2199,0.913,0.7719,0.6722,0.6034,0.5251,0.5012,0.4855,0.4683,0.4573,0.4552,0.457,0.4538,0.4713,0.4587,0.4692,0.4793,0.4909,0.4823,0.4735,0.4937,0.4798,0.4437,0.4191,0.4779,0.4789,0.4328,0.4376,0.4563,0.4601,0.4603,0.5383,0.4811,0.4557,0.4726,0.5599,0.5133,0.5627,0.493,0.5375
Train accuracy: 51.3,65.4,70.5,76.9,79.5,82.8,83.5,83.9,84.4,84.9,85.2,85.5,85.6,85.0,85.8,85.9,85.6,85.8,85.9,86.9,86.8,89.6,92.4,94.3,92.8,93.2,94.3,94.9,94.6,94.8,94.9,94.3,95.2,95.7,95.4,94.2,95.2,94.8,96.0,95.4
Test accuracy: 51.9,66.7,70.8,76.5,79.0,82.4,82.9,83.1,83.4,83.6,83.9,84.1,84.0,83.4,84.0,84.2,83.9,84.0,83.8,84.6,84.3,86.8,89.7,91.4,89.8,90.1,91.0,91.5,91.2,91.6,91.6,90.6,91.7,92.0,91.5,90.5,91.5,90.8,92.1,91.5
Seed 9/10
Train loss: 0.9966,0.7487,0.6246,0.5066,0.4391,0.3947,0.3634,0.338,0.313,0.2893,0.2722,0.2643,0.2477,0.2404,0.2434,0.2433,0.2156,0.2594,0.2373,0.2385,0.2117,0.2226,0.2048,0.2188,0.2016,0.183,0.1806,0.1838,0.1891,0.1596,0.1636,0.1645,0.1623,0.1507,0.1449,0.147,0.1488,0.1441,0.1556,0.1454
Test loss: 0.9986,0.7561,0.6386,0.5376,0.4811,0.4478,0.4241,0.4096,0.396,0.3858,0.3807,0.3833,0.3802,0.3854,0.3981,0.4068,0.3897,0.4407,0.436,0.4534,0.4433,0.4538,0.4552,0.474,0.4716,0.4463,0.4745,0.4845,0.4842,0.4812,0.4958,0.4971,0.5205,0.5218,0.5267,0.5151,0.5555,0.5387,0.5672,0.5635
Train accuracy: 66.3,76.3,83.0,87.8,89.5,90.3,90.7,91.2,91.8,92.3,92.7,92.9,93.4,93.5,93.2,93.1,94.0,92.4,93.2,92.9,94.0,93.6,94.2,93.7,94.2,94.7,94.8,94.7,94.4,95.5,95.3,95.2,95.5,95.7,95.9,95.7,95.8,95.9,95.5,95.7
Test accuracy: 65.8,75.7,82.5,87.3,88.9,89.4,89.7,90.1,90.6,90.8,91.0,90.9,91.1,91.0,90.9,90.5,91.2,89.6,90.3,90.0,90.7,90.4,90.6,90.3,90.6,91.0,91.0,90.6,90.5,90.8,90.8,90.6,90.8,91.0,91.5,90.8,91.0,91.0,90.7,90.9
Seed 10/10
Train loss: 0.4329,0.2811,0.2185,0.1869,0.1643,0.1456,0.125,0.113,0.0967,0.0862,0.086,0.0791,0.0819,0.0898,0.0642,0.0663,0.0622,0.0515,0.0491,0.0699,0.0488,0.0462,0.0506,0.037,0.041,0.0358,0.039,0.0353,0.0375,0.0392,0.0486,0.0283,0.0496,0.0523,0.0255,0.0323,0.0279,0.0352,0.0269,0.0381
Test loss: 0.4303,0.2878,0.2331,0.2071,0.1959,0.186,0.1777,0.1763,0.1729,0.1714,0.1834,0.1893,0.201,0.2274,0.2086,0.2189,0.2309,0.2253,0.2251,0.2594,0.2501,0.2508,0.2648,0.2656,0.2677,0.2742,0.2876,0.289,0.2772,0.2879,0.3194,0.276,0.3076,0.3249,0.2903,0.311,0.3229,0.3377,0.3147,0.3485
Train accuracy: 90.2,93.6,94.8,95.3,95.8,96.2,96.7,97.0,97.3,97.6,97.6,97.8,97.6,97.5,98.1,98.2,98.2,98.5,98.6,98.1,98.6,98.7,98.6,98.9,98.8,99.0,98.9,99.0,99.0,98.9,98.7,99.2,98.7,98.6,99.3,99.1,99.2,99.0,99.3,99.0
Test accuracy: 90.4,93.5,94.5,95.0,95.2,95.4,95.7,95.8,95.9,95.9,95.8,95.9,95.5,95.4,95.8,95.6,95.7,95.9,96.0,95.5,95.4,95.8,95.7,95.8,95.7,95.7,95.6,95.7,96.0,95.7,95.6,95.6,95.5,95.6,96.0,95.8,95.7,95.5,96.0,95.5
