Seed 1/10
Train loss: 0.193,0.1213,0.1225,0.0916,0.0724,0.061,0.0473,0.0375,0.0331,0.0581,0.0636,0.0301,0.0247,0.0177,0.0178,0.0188,0.0138,0.0179,0.0232,0.0101,0.0174,0.0159,0.0189,0.0117,0.0106,0.0128,0.0142,0.019,0.0098,0.0094,0.0084,0.0117,0.0076,0.0094,0.0127,0.0076,0.0082,0.0128,0.0051,0.0082
Test loss: 0.1984,0.1383,0.1494,0.1232,0.1122,0.1168,0.1131,0.1051,0.1137,0.1484,0.1674,0.1289,0.1208,0.1185,0.1192,0.123,0.1291,0.1448,0.1533,0.1298,0.1423,0.1422,0.1614,0.1591,0.1491,0.1717,0.177,0.1963,0.1617,0.1591,0.1596,0.1791,0.1893,0.1907,0.1762,0.1615,0.2043,0.207,0.1659,0.184
Train accuracy: 94.6,96.5,96.3,97.3,97.9,98.1,98.6,98.8,99.0,98.1,98.1,99.1,99.2,99.5,99.4,99.4,99.6,99.5,99.3,99.7,99.5,99.5,99.5,99.7,99.7,99.6,99.6,99.4,99.7,99.7,99.7,99.7,99.8,99.7,99.6,99.8,99.8,99.6,99.8,99.8
Test accuracy: 94.6,96.0,95.6,96.6,97.0,97.0,97.3,97.5,97.5,96.6,96.6,97.4,97.5,97.5,97.5,97.5,97.5,97.5,97.2,97.6,97.4,97.7,97.6,97.5,97.5,97.5,97.5,97.2,97.6,97.5,97.5,97.5,97.4,97.4,97.3,97.4,97.2,97.3,97.6,97.4
Seed 2/10
Train loss: 0.1979,0.1267,0.0948,0.0734,0.0768,0.0508,0.0412,0.0347,0.0346,0.0318,0.0297,0.0266,0.024,0.0264,0.0266,0.0188,0.0172,0.0383,0.0156,0.0237,0.0094,0.0133,0.0137,0.0073,0.0176,0.0078,0.0159,0.0119,0.0055,0.0099,0.0072,0.02,0.0056,0.0114,0.0094,0.007,0.0132,0.0066,0.01,0.0072
Test loss: 0.2049,0.1492,0.1324,0.1099,0.1191,0.0976,0.0916,0.0982,0.0922,0.104,0.1078,0.1043,0.113,0.1246,0.1339,0.1196,0.1255,0.1728,0.1342,0.1496,0.1204,0.1336,0.1287,0.1191,0.154,0.1371,0.1485,0.1534,0.1351,0.1367,0.1444,0.1984,0.1438,0.159,0.1719,0.1391,0.1765,0.1288,0.1434,0.1231
Train accuracy: 94.2,96.1,97.1,97.7,97.6,98.3,98.6,98.8,98.8,99.0,99.0,99.1,99.2,99.1,99.2,99.4,99.4,98.8,99.5,99.3,99.7,99.6,99.5,99.8,99.5,99.7,99.5,99.6,99.8,99.7,99.8,99.4,99.8,99.6,99.7,99.8,99.6,99.8,99.7,99.8
Test accuracy: 94.4,95.8,96.4,97.0,96.7,97.3,97.7,97.6,97.6,97.6,97.6,97.5,97.6,97.5,97.6,97.6,97.6,96.9,97.5,97.7,97.8,97.8,97.7,98.0,97.7,97.8,97.6,97.7,97.8,97.9,97.7,97.3,97.8,97.7,97.7,97.9,97.7,97.9,97.8,98.0
Seed 3/10
Train loss: 0.5539,0.296,0.2013,0.1627,0.1414,0.1294,0.1175,0.109,0.1384,0.0746,0.0727,0.0861,0.0463,0.0395,0.0413,0.0289,0.0335,0.0365,0.0217,0.0157,0.0149,0.0198,0.0141,0.0155,0.0112,0.0143,0.0128,0.0178,0.0158,0.0164,0.0135,0.0095,0.0128,0.0095,0.011,0.0091,0.0288,0.0094,0.0071,0.0073
Test loss: 0.5592,0.3208,0.2285,0.2001,0.1924,0.1938,0.1893,0.1816,0.2204,0.1625,0.1611,0.2004,0.1537,0.1279,0.1302,0.1322,0.1304,0.134,0.1306,0.1181,0.1273,0.128,0.1291,0.1536,0.1464,0.1408,0.1255,0.1597,0.1375,0.1606,0.1395,0.1348,0.1335,0.1362,0.1505,0.1343,0.1847,0.1566,0.1446,0.1543
Train accuracy: 88.1,92.4,94.6,95.6,96.2,96.3,96.6,96.8,95.9,97.9,97.9,97.4,98.7,98.8,98.7,99.1,99.0,98.9,99.3,99.5,99.5,99.4,99.6,99.5,99.7,99.6,99.6,99.5,99.5,99.5,99.6,99.7,99.6,99.7,99.7,99.7,99.2,99.7,99.8,99.8
Test accuracy: 88.5,91.8,93.9,94.6,94.9,94.9,95.1,95.1,94.2,96.0,96.0,95.2,96.4,96.8,96.8,97.1,97.0,97.1,97.3,97.7,97.6,97.4,97.7,97.5,97.6,97.6,97.5,97.5,97.4,97.3,97.5,97.8,97.7,97.8,97.8,97.8,97.2,97.8,97.8,97.7
Seed 4/10
Train loss: 0.1572,0.0935,0.0637,0.0492,0.0412,0.0339,0.0256,0.0275,0.0186,0.0193,0.0195,0.017,0.015,0.017,0.0112,0.0116,0.019,0.0143,0.0315,0.0105,0.0118,0.0087,0.0462,0.0095,0.0086,0.0045,0.0085,0.0089,0.0104,0.003,0.0021,0.0079,0.01,0.0042,0.0026,0.0094,0.009,0.0027,0.0086,0.0023
Test loss: 0.1533,0.0999,0.0759,0.0652,0.0662,0.0653,0.0641,0.0764,0.0663,0.0805,0.08,0.0844,0.0764,0.09,0.0773,0.0867,0.1115,0.1111,0.1312,0.0985,0.1186,0.1048,0.18,0.1076,0.1183,0.1,0.1186,0.1103,0.1269,0.1133,0.1161,0.1316,0.1385,0.1293,0.1318,0.1257,0.1437,0.1166,0.1343,0.1197
Train accuracy: 95.4,97.3,98.1,98.5,98.8,99.0,99.2,99.1,99.4,99.4,99.4,99.5,99.5,99.4,99.6,99.6,99.4,99.6,99.2,99.7,99.6,99.7,98.8,99.7,99.7,99.8,99.7,99.7,99.7,99.9,99.9,99.8,99.7,99.9,99.9,99.7,99.7,99.9,99.7,99.9
Test accuracy: 95.4,97.2,97.8,98.1,98.0,98.1,98.2,98.0,98.2,98.2,98.1,98.1,98.2,98.1,98.2,98.2,98.1,97.9,97.8,98.1,97.9,98.2,97.5,98.1,98.1,98.2,98.1,98.2,98.2,98.2,98.3,98.2,98.1,98.3,98.3,98.1,98.2,98.3,98.3,98.4
Seed 5/10
Train loss: 0.1279,0.0708,0.0531,0.0443,0.0381,0.0287,0.0228,0.0179,0.0165,0.015,0.0187,0.0159,0.0096,0.0079,0.012,0.0063,0.0083,0.0096,0.0064,0.0057,0.0091,0.005,0.0053,0.0061,0.0048,0.0032,0.0025,0.001,0.0095,0.0022,0.0031,0.003,0.004,0.0023,0.0049,0.0063,0.0028,0.0025,0.0016,0.0032
Test loss: 0.1368,0.08,0.0679,0.0706,0.07,0.0599,0.0722,0.0661,0.0661,0.0756,0.0898,0.0888,0.0798,0.0806,0.0937,0.0806,0.0877,0.1008,0.0869,0.0922,0.1057,0.1034,0.0924,0.106,0.099,0.0925,0.0983,0.0976,0.1153,0.1005,0.1071,0.1015,0.0929,0.1007,0.1247,0.1149,0.1037,0.0972,0.0942,0.1045
Train accuracy: 96.3,97.9,98.4,98.7,98.8,99.1,99.2,99.5,99.5,99.5,99.4,99.5,99.7,99.7,99.6,99.8,99.7,99.7,99.8,99.8,99.7,99.9,99.8,99.8,99.8,99.9,99.9,100.0,99.7,99.9,99.9,99.9,99.9,99.9,99.9,99.8,99.9,99.9,100.0,99.9
Test accuracy: 96.0,97.7,98.1,98.0,98.1,98.5,98.1,98.2,98.2,98.3,98.1,98.2,98.4,98.5,98.3,98.4,98.2,98.2,98.5,98.3,98.4,98.5,98.4,98.3,98.5,98.4,98.5,98.6,98.2,98.5,98.5,98.4,98.5,98.4,98.3,98.3,98.5,98.5,98.5,98.5
Seed 6/10
Train loss: 0.1285,0.106,0.0866,0.0558,0.0535,0.032,0.0303,0.0256,0.025,0.022,0.0216,0.0192,0.0165,0.0121,0.0136,0.0159,0.014,0.0213,0.0106,0.0058,0.0072,0.0109,0.007,0.0075,0.0123,0.0072,0.0087,0.0053,0.0181,0.0048,0.0078,0.0035,0.011,0.0106,0.0021,0.0128,0.0026,0.0033,0.0056,0.0033
Test loss: 0.1344,0.1196,0.1095,0.0864,0.0933,0.0721,0.0751,0.0755,0.0831,0.083,0.0925,0.0901,0.0908,0.0828,0.0932,0.1033,0.1144,0.1086,0.1047,0.099,0.1154,0.1109,0.1206,0.1276,0.1391,0.1308,0.1419,0.1308,0.1583,0.1309,0.1389,0.1303,0.1485,0.1478,0.1263,0.1543,0.1286,0.1446,0.1164,0.1146
Train accuracy: 96.3,96.9,97.4,98.3,98.4,99.0,99.0,99.2,99.2,99.3,99.3,99.4,99.5,99.6,99.6,99.5,99.6,99.3,99.7,99.8,99.8,99.6,99.7,99.8,99.6,99.8,99.7,99.8,99.5,99.8,99.8,99.9,99.7,99.7,99.9,99.6,99.9,99.9,99.8,99.9
Test accuracy: 96.0,96.6,96.8,97.4,97.6,97.9,98.0,98.1,98.1,98.0,98.0,98.1,98.1,98.2,98.1,98.0,97.9,97.8,98.1,98.2,98.2,98.0,98.0,98.1,98.0,98.2,98.0,98.2,97.8,98.1,98.2,98.2,98.0,97.9,98.2,97.9,98.2,98.1,98.1,98.1
Seed 7/10
Train loss: 0.17,0.0829,0.0763,0.0545,0.0381,0.0394,0.0376,0.0378,0.0279,0.0227,0.0232,0.0155,0.0155,0.016,0.0132,0.014,0.008,0.0068,0.0135,0.0053,0.0068,0.009,0.0134,0.0044,0.0091,0.0064,0.007,0.0032,0.0058,0.0054,0.0063,0.0047,0.0096,0.0065,0.0034,0.0134,0.0056,0.0037,0.0057,0.0031
Test loss: 0.1774,0.0936,0.0935,0.0798,0.0715,0.0783,0.0827,0.087,0.0769,0.0818,0.0869,0.0747,0.0859,0.0843,0.0789,0.0918,0.0811,0.0829,0.098,0.0815,0.0859,0.1074,0.1048,0.0933,0.1024,0.1114,0.1038,0.0975,0.0966,0.1092,0.1326,0.1075,0.1143,0.1078,0.1146,0.1242,0.1145,0.1076,0.1257,0.1101
Train accuracy: 94.8,97.6,97.7,98.4,98.8,98.8,98.8,98.8,99.1,99.3,99.2,99.5,99.5,99.4,99.6,99.5,99.7,99.8,99.6,99.8,99.8,99.8,99.6,99.9,99.7,99.8,99.8,99.9,99.8,99.8,99.8,99.9,99.7,99.8,99.9,99.6,99.8,99.9,99.8,99.9
Test accuracy: 94.9,97.2,97.4,97.7,97.9,97.7,97.6,97.6,98.0,97.9,97.9,98.2,98.0,98.0,98.2,98.1,98.3,98.3,98.2,98.4,98.2,98.0,98.0,98.3,98.1,98.2,98.2,98.4,98.3,98.3,98.0,98.1,98.2,98.2,98.3,98.1,98.2,98.4,98.3,98.2
Seed 8/10
Train loss: 0.1093,0.0635,0.0465,0.0339,0.0316,0.0287,0.0258,0.0196,0.0166,0.0118,0.0203,0.0168,0.0136,0.0239,0.0078,0.0088,0.0096,0.0164,0.0065,0.0063,0.0224,0.0034,0.0047,0.0084,0.004,0.0047,0.0032,0.0101,0.0039,0.0034,0.0024,0.0009,0.007,0.0032,0.0044,0.0068,0.0023,0.0009,0.0113,0.0034
Test loss: 0.1092,0.0817,0.072,0.063,0.0645,0.0685,0.0754,0.0731,0.0764,0.0727,0.1023,0.0986,0.0952,0.1128,0.0828,0.0982,0.0977,0.1198,0.1051,0.0998,0.1165,0.104,0.107,0.1045,0.1047,0.1044,0.117,0.1407,0.1267,0.1291,0.1128,0.1153,0.1449,0.1216,0.1276,0.1338,0.1235,0.114,0.1772,0.1398
Train accuracy: 96.7,98.1,98.6,99.0,99.0,99.1,99.2,99.4,99.5,99.7,99.4,99.5,99.5,99.3,99.8,99.7,99.7,99.5,99.8,99.8,99.3,99.9,99.8,99.7,99.9,99.8,99.9,99.7,99.9,99.9,99.9,100.0,99.8,99.9,99.8,99.8,99.9,100.0,99.7,99.9
Test accuracy: 96.8,97.6,97.9,98.1,98.1,98.2,98.2,98.2,98.2,98.3,98.0,98.2,98.2,98.0,98.4,98.3,98.5,98.0,98.3,98.5,98.0,98.4,98.3,98.2,98.4,98.4,98.5,98.2,98.4,98.5,98.5,98.5,98.4,98.5,98.4,98.4,98.4,98.6,98.2,98.4
Seed 9/10
Train loss: 0.7063,0.1715,0.108,0.0771,0.0555,0.0481,0.0428,0.0376,0.0366,0.0273,0.0245,0.0248,0.034,0.0198,0.0232,0.0243,0.0228,0.0179,0.02,0.0202,0.0158,0.0159,0.0152,0.0237,0.0166,0.0098,0.0202,0.0152,0.0083,0.0093,0.0123,0.0162,0.0063,0.0073,0.0065,0.0078,0.0069,0.0071,0.0078,0.0052
Test loss: 0.7085,0.1819,0.1191,0.1002,0.0868,0.0831,0.0868,0.0814,0.0942,0.0875,0.0857,0.101,0.1227,0.1008,0.1156,0.112,0.1185,0.1085,0.1078,0.121,0.112,0.1242,0.1157,0.1449,0.1328,0.1238,0.1261,0.1254,0.1209,0.1291,0.1461,0.1388,0.1344,0.1301,0.1301,0.1342,0.1261,0.1299,0.1332,0.1379
Train accuracy: 75.2,95.8,96.9,97.8,98.4,98.6,98.7,98.9,98.8,99.2,99.2,99.2,98.9,99.4,99.2,99.2,99.3,99.4,99.4,99.3,99.5,99.5,99.5,99.2,99.5,99.7,99.4,99.5,99.7,99.7,99.6,99.5,99.8,99.8,99.8,99.7,99.8,99.8,99.7,99.8
Test accuracy: 74.3,95.6,96.6,97.0,97.6,97.8,97.6,97.9,97.6,97.7,98.0,97.9,97.4,97.8,97.7,97.6,97.5,97.8,97.8,97.7,97.8,97.7,97.9,97.5,97.9,98.0,97.6,97.7,97.8,97.9,97.7,97.6,98.0,98.0,97.9,98.0,97.9,97.9,97.8,98.0
Seed 10/10
Train loss: 0.2008,0.1569,0.1193,0.098,0.0792,0.057,0.0518,0.0428,0.0387,0.0313,0.0344,0.0288,0.0273,0.0301,0.0208,0.0167,0.0264,0.0281,0.0167,0.0172,0.0159,0.024,0.0102,0.0136,0.0089,0.0187,0.0119,0.0081,0.01,0.0102,0.014,0.006,0.0056,0.008,0.0072,0.0102,0.0063,0.0038,0.0033,0.0075
Test loss: 0.2064,0.1705,0.1462,0.1282,0.1224,0.1135,0.115,0.1138,0.1184,0.1224,0.1332,0.1274,0.1437,0.151,0.1364,0.1475,0.179,0.1767,0.1825,0.1618,0.1772,0.1911,0.1513,0.1614,0.1635,0.1935,0.1699,0.1539,0.1699,0.1672,0.1842,0.149,0.1556,0.1531,0.154,0.146,0.1368,0.1598,0.1576,0.168
Train accuracy: 94.3,95.5,96.5,97.2,97.7,98.3,98.4,98.7,98.8,99.0,98.9,99.1,99.2,99.0,99.3,99.5,99.2,99.1,99.5,99.5,99.5,99.3,99.7,99.6,99.7,99.5,99.7,99.7,99.7,99.7,99.6,99.8,99.8,99.8,99.8,99.7,99.8,99.9,99.9,99.8
Test accuracy: 94.3,95.3,96.2,96.5,96.8,97.2,97.3,97.2,97.1,97.3,97.3,97.2,97.3,96.9,97.5,97.5,97.2,97.0,97.3,97.3,97.6,97.3,97.5,97.5,97.6,97.4,97.7,97.8,97.7,97.7,97.5,97.8,98.1,97.9,98.0,97.9,97.9,98.0,98.1,97.9
