Seed 1/10
Train loss: 0.3997,0.2203,0.1787,0.1564,0.1439,0.1412,0.1193,0.1096,0.104,0.0782,0.0855,0.0772,0.0756,0.0612,0.0705,0.0577,0.0474,0.0681,0.0431,0.054,0.0434,0.0417,0.0408,0.0413,0.0458,0.0364,0.0446,0.0445,0.0404,0.0295,0.0454,0.041,0.0596,0.0404,0.0403,0.0307,0.0277,0.0219,0.0225,0.022
Test loss: 0.403,0.2392,0.2042,0.1888,0.1856,0.1915,0.1789,0.1737,0.183,0.1601,0.1799,0.1728,0.1864,0.1709,0.2047,0.178,0.1859,0.2157,0.1933,0.2169,0.2033,0.196,0.1983,0.2212,0.2212,0.2252,0.2564,0.2479,0.2694,0.236,0.2641,0.2602,0.3107,0.2925,0.2725,0.2627,0.276,0.2685,0.2663,0.279
Train accuracy: 91.5,94.7,95.4,95.8,96.1,96.1,96.5,96.8,97.0,97.7,97.5,97.7,97.8,98.2,97.9,98.3,98.6,98.0,98.8,98.5,98.7,98.8,98.8,98.9,98.7,99.0,98.8,98.8,98.9,99.2,98.8,99.0,98.5,98.9,98.9,99.2,99.3,99.5,99.4,99.4
Test accuracy: 91.2,94.3,95.0,95.3,95.4,95.3,95.6,95.7,95.7,96.4,95.9,96.1,96.1,96.6,96.1,96.5,96.7,96.0,96.6,96.4,96.5,96.7,96.6,96.5,96.6,96.5,96.1,96.3,96.3,96.6,96.4,96.3,95.8,96.3,96.3,96.6,96.5,96.5,96.5,96.6
Seed 2/10
Train loss: 0.2243,0.1531,0.1083,0.0859,0.0711,0.0591,0.0516,0.0473,0.0404,0.0324,0.0292,0.0265,0.0356,0.023,0.0242,0.0161,0.0153,0.0148,0.0255,0.0392,0.0144,0.0165,0.0184,0.014,0.0167,0.0108,0.0185,0.0165,0.0134,0.0159,0.0132,0.0098,0.0056,0.0099,0.0091,0.009,0.0129,0.0066,0.0062,0.0183
Test loss: 0.2244,0.1682,0.1298,0.114,0.1099,0.1082,0.1083,0.1096,0.1127,0.1092,0.113,0.1149,0.1378,0.1265,0.1334,0.1291,0.1357,0.145,0.1482,0.1644,0.1498,0.1661,0.174,0.1655,0.1629,0.161,0.1748,0.2037,0.1787,0.1857,0.1823,0.189,0.1655,0.1834,0.1782,0.1856,0.179,0.1751,0.1836,0.2122
Train accuracy: 93.7,95.7,97.0,97.5,98.0,98.2,98.4,98.5,98.7,99.0,99.0,99.1,98.9,99.2,99.2,99.5,99.5,99.5,99.2,98.8,99.6,99.4,99.4,99.6,99.5,99.6,99.4,99.4,99.6,99.5,99.6,99.7,99.8,99.7,99.7,99.7,99.6,99.8,99.8,99.5
Test accuracy: 93.6,95.3,96.2,96.7,96.9,97.2,97.1,97.3,97.2,97.4,97.4,97.5,97.2,97.6,97.3,97.5,97.6,97.5,97.2,97.3,97.7,97.2,97.4,97.7,97.4,97.5,97.4,97.2,97.4,97.5,97.5,97.5,97.8,97.7,97.6,97.6,97.6,97.6,97.5,97.4
Seed 3/10
Train loss: 0.1624,0.1204,0.0927,0.0638,0.0478,0.0459,0.0516,0.0297,0.0275,0.0368,0.0227,0.0207,0.0279,0.0163,0.0186,0.0126,0.02,0.0107,0.0063,0.0129,0.0101,0.0114,0.0067,0.0117,0.0123,0.0064,0.0091,0.0085,0.0107,0.0199,0.004,0.0077,0.0051,0.0034,0.0035,0.0106,0.0086,0.0037,0.0015,0.0045
Test loss: 0.1625,0.1368,0.1207,0.1029,0.0932,0.1011,0.1179,0.1024,0.1164,0.1248,0.1159,0.1249,0.1247,0.1153,0.1362,0.121,0.1454,0.1244,0.1159,0.135,0.1221,0.1361,0.1384,0.1531,0.1407,0.1374,0.1469,0.1651,0.1444,0.1797,0.151,0.163,0.1679,0.1542,0.1755,0.1787,0.1799,0.1511,0.1637,0.1726
Train accuracy: 95.2,96.2,97.1,98.0,98.5,98.5,98.3,99.0,99.2,98.8,99.2,99.3,99.1,99.5,99.4,99.6,99.4,99.7,99.8,99.6,99.7,99.7,99.8,99.6,99.6,99.8,99.7,99.7,99.6,99.5,99.9,99.7,99.8,99.9,99.9,99.7,99.7,99.9,100.0,99.9
Test accuracy: 94.9,95.8,96.6,97.2,97.5,97.4,97.0,97.7,97.6,97.4,97.5,97.7,97.5,97.8,97.8,97.9,97.8,98.0,98.2,98.0,98.1,97.8,97.9,97.9,97.9,98.0,98.0,97.9,98.1,97.8,98.2,98.0,98.0,98.1,98.1,97.8,98.0,98.2,98.2,98.2
Seed 4/10
Train loss: 0.5292,0.358,0.2598,0.1997,0.1615,0.1421,0.1324,0.1464,0.134,0.1315,0.1153,0.1109,0.1183,0.0782,0.0784,0.065,0.0678,0.0825,0.0535,0.0624,0.0534,0.0545,0.0526,0.0644,0.0714,0.0447,0.0434,0.0415,0.0467,0.0542,0.0412,0.0598,0.0498,0.0354,0.0556,0.0456,0.0498,0.0367,0.0333,0.0415
Test loss: 0.5292,0.382,0.2974,0.249,0.2173,0.2052,0.2031,0.2257,0.2261,0.2326,0.2282,0.234,0.2484,0.2199,0.2303,0.2373,0.2398,0.2867,0.2426,0.2678,0.2704,0.2815,0.2916,0.3037,0.3363,0.2957,0.2966,0.3007,0.3011,0.3277,0.3135,0.3445,0.3393,0.3217,0.3705,0.3733,0.3471,0.3508,0.3542,0.3905
Train accuracy: 87.5,91.2,93.4,94.7,95.7,96.1,96.3,95.7,96.1,96.0,96.5,96.6,96.4,97.7,97.7,98.0,97.9,97.6,98.4,98.1,98.4,98.4,98.4,98.2,98.0,98.7,98.7,98.8,98.6,98.4,98.8,98.3,98.6,99.0,98.4,98.8,98.7,98.9,99.0,98.7
Test accuracy: 87.5,91.2,92.9,93.9,94.7,94.9,94.8,94.4,94.6,94.6,94.9,94.7,94.4,95.3,95.2,95.2,95.2,94.8,95.4,95.2,95.4,95.5,95.4,95.3,95.1,95.4,95.5,95.5,95.4,95.2,95.4,95.1,95.6,95.6,94.9,95.2,95.2,95.5,95.4,95.2
Seed 5/10
Train loss: 0.3386,0.2271,0.2011,0.1633,0.1348,0.1176,0.099,0.0932,0.0823,0.0713,0.0676,0.0624,0.079,0.0841,0.0672,0.0541,0.0411,0.0712,0.0438,0.0436,0.0388,0.0365,0.0321,0.026,0.0285,0.0269,0.0839,0.0331,0.0329,0.0277,0.0179,0.0185,0.0199,0.0355,0.0235,0.02,0.0339,0.0147,0.0174,0.0128
Test loss: 0.3372,0.2442,0.2274,0.1945,0.1738,0.1674,0.1598,0.1642,0.1618,0.1639,0.166,0.1691,0.2008,0.2013,0.1983,0.1913,0.1949,0.2329,0.2059,0.2207,0.2105,0.2213,0.2343,0.2316,0.2353,0.2326,0.3064,0.2508,0.2524,0.2545,0.2508,0.2475,0.2529,0.2885,0.2664,0.253,0.2707,0.2596,0.2813,0.2727
Train accuracy: 90.4,93.7,94.4,95.3,96.1,96.6,97.1,97.2,97.5,97.8,97.9,98.0,97.4,97.2,97.8,98.2,98.7,97.7,98.6,98.6,98.7,98.8,99.0,99.2,99.1,99.1,97.5,99.0,98.9,99.2,99.4,99.4,99.3,98.9,99.3,99.3,98.9,99.5,99.5,99.6
Test accuracy: 90.5,93.1,93.6,94.7,95.5,95.7,96.1,96.0,96.1,96.2,96.2,96.3,95.7,95.8,96.1,96.1,96.4,95.6,96.2,96.3,96.5,96.4,96.4,96.4,96.4,96.5,95.2,96.3,96.2,96.4,96.7,96.6,96.6,96.1,96.4,96.4,96.3,96.4,96.2,96.6
Seed 6/10
Train loss: 1.3206,0.9821,0.7325,0.587,0.4475,0.3689,0.3213,0.3064,0.2857,0.2655,0.2512,0.2496,0.2335,0.2286,0.2271,0.2193,0.2265,0.2027,0.229,0.1898,0.1908,0.1863,0.1752,0.1542,0.1569,0.1641,0.1655,0.1703,0.1677,0.1556,0.1371,0.1666,0.1294,0.1357,0.132,0.1354,0.1604,0.1188,0.1318,0.1278
Test loss: 1.3217,0.9861,0.732,0.5851,0.4671,0.4004,0.362,0.353,0.3381,0.3282,0.3213,0.3295,0.3268,0.3314,0.3361,0.3381,0.3558,0.3411,0.3759,0.3474,0.3536,0.3593,0.3573,0.3439,0.359,0.3713,0.3833,0.3981,0.399,0.3968,0.3895,0.4173,0.3939,0.3947,0.4045,0.4198,0.4596,0.4027,0.4322,0.4387
Train accuracy: 43.1,58.7,74.9,85.9,90.8,92.3,93.1,93.3,93.6,93.9,94.1,94.0,94.3,94.5,94.6,94.6,94.6,94.9,94.7,95.3,95.4,95.5,95.6,96.2,96.1,96.1,96.0,95.9,96.0,96.4,96.5,95.9,96.7,96.5,96.8,96.6,96.2,96.9,96.8,96.8
Test accuracy: 42.5,58.0,74.8,86.2,90.4,91.6,92.3,92.4,92.6,92.7,92.9,92.6,92.7,92.8,92.9,92.7,92.7,92.9,92.6,92.9,93.3,93.2,93.1,93.5,93.4,93.3,93.2,93.4,93.5,93.6,93.5,93.3,93.3,93.5,93.8,93.3,93.2,93.6,93.6,93.4
Seed 7/10
Train loss: 0.4464,0.308,0.2419,0.1812,0.138,0.1198,0.1059,0.1029,0.0945,0.0828,0.0861,0.127,0.1158,0.0844,0.0612,0.0797,0.0764,0.0555,0.049,0.0577,0.062,0.0459,0.0521,0.0542,0.0417,0.0377,0.0473,0.0363,0.0507,0.0384,0.0495,0.0388,0.0319,0.0362,0.0329,0.0274,0.041,0.0272,0.0317,0.0277
Test loss: 0.4491,0.3278,0.2702,0.218,0.1861,0.1762,0.1741,0.1883,0.1905,0.1915,0.2036,0.2541,0.2669,0.2312,0.2129,0.2515,0.2502,0.2368,0.2359,0.2548,0.2647,0.249,0.2775,0.2723,0.2536,0.2603,0.2863,0.2569,0.2822,0.2826,0.3059,0.2732,0.2611,0.2954,0.291,0.2939,0.3171,0.2966,0.312,0.3045
Train accuracy: 89.9,92.4,93.7,95.1,96.3,96.8,97.1,97.1,97.2,97.6,97.5,96.4,96.7,97.5,98.1,97.8,97.7,98.3,98.5,98.3,98.1,98.6,98.5,98.3,98.8,98.9,98.6,98.9,98.5,99.0,98.6,98.9,99.1,99.0,99.0,99.3,98.8,99.3,99.1,99.2
Test accuracy: 89.5,92.0,93.1,94.5,95.3,95.5,95.6,95.3,95.4,95.5,95.4,94.5,94.4,95.4,95.7,95.1,95.3,95.7,95.8,95.5,95.5,95.8,95.6,95.5,95.8,95.9,95.4,96.0,95.7,95.8,95.4,95.8,96.1,95.9,96.0,96.3,95.8,95.9,95.9,96.0
Seed 8/10
Train loss: 0.1602,0.1004,0.0909,0.0649,0.058,0.0495,0.0495,0.0388,0.0335,0.05,0.0227,0.0302,0.0286,0.0181,0.019,0.0209,0.0208,0.0197,0.0168,0.0128,0.0125,0.0129,0.0131,0.0144,0.0105,0.0095,0.0078,0.0084,0.0095,0.0177,0.0083,0.0057,0.0062,0.0082,0.0053,0.0038,0.0053,0.0079,0.0037,0.0062
Test loss: 0.1589,0.1086,0.1057,0.0916,0.094,0.0929,0.1004,0.1019,0.1042,0.1216,0.1042,0.1296,0.1237,0.1166,0.1201,0.1288,0.1343,0.1354,0.1403,0.1235,0.1408,0.157,0.1596,0.1612,0.1541,0.1518,0.1477,0.1488,0.1606,0.1907,0.1672,0.151,0.1469,0.1749,0.1704,0.17,0.1564,0.1807,0.1788,0.1657
Train accuracy: 95.3,97.0,97.2,98.1,98.2,98.5,98.4,98.8,98.9,98.4,99.3,99.0,99.1,99.4,99.4,99.3,99.3,99.4,99.4,99.6,99.6,99.6,99.6,99.5,99.7,99.7,99.7,99.7,99.7,99.4,99.7,99.8,99.8,99.7,99.8,99.9,99.8,99.7,99.9,99.8
Test accuracy: 95.4,96.8,96.9,97.4,97.6,97.4,97.4,97.6,97.6,97.1,97.8,97.6,97.7,97.7,97.7,97.6,97.8,97.7,97.7,97.9,97.7,97.6,97.7,97.6,97.7,97.8,97.9,97.9,97.7,97.6,97.7,97.9,97.8,97.7,97.8,98.0,97.9,97.7,97.9,98.0
Seed 9/10
Train loss: 0.2182,0.1471,0.1306,0.0923,0.0742,0.0709,0.056,0.0496,0.0544,0.0391,0.0463,0.0416,0.0318,0.034,0.0379,0.0244,0.0307,0.0367,0.0299,0.0195,0.0355,0.0369,0.0173,0.0223,0.0209,0.0174,0.0226,0.0099,0.0165,0.0116,0.0198,0.0085,0.0052,0.023,0.0331,0.0138,0.0074,0.0104,0.0132,0.0292
Test loss: 0.2251,0.1645,0.1589,0.1292,0.1157,0.1182,0.1109,0.1112,0.1301,0.1224,0.1268,0.1322,0.1352,0.138,0.1539,0.1428,0.1578,0.1744,0.162,0.1472,0.1889,0.1984,0.1556,0.1744,0.1662,0.1803,0.1897,0.1807,0.1601,0.175,0.204,0.1537,0.1672,0.1956,0.2249,0.203,0.1729,0.2112,0.198,0.22
Train accuracy: 93.8,95.8,96.2,97.3,97.8,97.9,98.4,98.5,98.3,98.9,98.6,98.8,99.0,99.0,98.9,99.2,99.1,99.0,99.1,99.4,99.0,99.1,99.5,99.3,99.3,99.5,99.3,99.7,99.5,99.6,99.4,99.7,99.9,99.3,99.2,99.6,99.8,99.7,99.6,99.2
Test accuracy: 93.6,95.5,95.9,96.7,96.9,97.0,97.3,97.3,97.0,97.3,97.2,97.1,97.1,97.3,97.0,97.3,97.2,97.1,97.1,97.3,96.8,96.9,97.4,97.2,97.3,97.2,97.3,97.5,97.3,97.4,97.0,97.7,97.6,97.0,96.9,97.3,97.5,97.4,97.5,97.2
Seed 10/10
Train loss: 0.1854,0.1509,0.1396,0.0938,0.0628,0.0539,0.0418,0.038,0.0358,0.0299,0.0287,0.0251,0.0248,0.0239,0.0152,0.0194,0.0176,0.0192,0.0156,0.0344,0.0164,0.0137,0.0136,0.0113,0.0153,0.0403,0.0133,0.0077,0.0134,0.009,0.0085,0.0145,0.0081,0.0085,0.0036,0.0059,0.0062,0.0066,0.0071,0.0063
Test loss: 0.194,0.1674,0.1654,0.1286,0.1074,0.1097,0.1027,0.1158,0.1151,0.1153,0.1233,0.124,0.1346,0.1353,0.133,0.1549,0.1458,0.1521,0.1465,0.1992,0.1621,0.1491,0.1605,0.169,0.1756,0.2255,0.1846,0.1769,0.1803,0.1789,0.1858,0.2072,0.1836,0.1678,0.1746,0.1736,0.1965,0.181,0.1841,0.1864
Train accuracy: 94.7,95.5,95.8,97.2,98.1,98.3,98.7,98.8,98.8,99.0,99.0,99.2,99.2,99.2,99.5,99.4,99.4,99.4,99.5,99.0,99.5,99.6,99.6,99.6,99.5,99.0,99.6,99.7,99.6,99.7,99.7,99.6,99.7,99.7,99.9,99.8,99.8,99.8,99.8,99.8
Test accuracy: 94.4,95.0,95.4,96.6,97.1,97.3,97.4,97.4,97.2,97.4,97.3,97.6,97.5,97.3,97.5,97.5,97.5,97.6,97.4,97.0,97.5,97.8,97.7,97.5,97.5,97.0,97.5,97.8,97.6,97.7,97.7,97.5,97.5,97.8,97.7,97.9,97.8,97.7,97.7,97.8
