Seed 1/10
Train loss: 1.6942,1.5479,1.4796,1.4331,1.3813,1.3465,1.3116,1.2863,1.27,1.247,1.2198,1.1993,1.1897,1.1648,1.1559,1.1364,1.1124,1.1101,1.0919,1.0755,1.0778,1.0796,1.0749,1.0635,1.0476,1.038,1.0394,1.0631,1.0327,1.0227,1.0206,1.0165,1.016,1.0108,1.0068,1.007,0.9994,1.0051,0.996,0.9871
Test loss: 1.7516,1.6036,1.5293,1.514,1.4829,1.4359,1.3564,1.3396,1.316,1.2964,1.2755,1.2562,1.2484,1.2287,1.2236,1.2059,1.1842,1.183,1.1659,1.1548,1.1639,1.1798,1.1727,1.1692,1.1591,1.1514,1.1572,1.1847,1.1555,1.1516,1.1466,1.1406,1.1442,1.1421,1.1572,1.1429,1.1409,1.1473,1.1423,1.1383
Train accuracy: 26.6,33.8,39.4,40.4,43.8,45.7,46.8,48.0,48.9,49.6,50.0,51.3,51.5,53.8,53.4,54.1,54.5,55.0,56.3,56.2,55.6,55.4,55.3,55.7,56.8,57.6,57.2,56.1,57.3,57.7,57.8,58.2,58.0,58.2,58.5,58.8,59.4,58.4,59.0,59.4
Test accuracy: 26.3,34.3,39.1,39.6,43.0,44.9,45.6,46.6,47.8,48.1,48.7,49.4,49.7,51.9,51.2,51.9,51.8,52.4,54.0,53.6,52.5,52.2,52.4,52.4,53.6,53.8,53.5,52.4,53.7,54.0,53.5,53.9,53.7,54.0,53.7,54.2,54.7,53.6,54.3,54.6
Seed 2/10
Train loss: 2.3013,2.3013,2.3013,2.3013,2.3013,2.3013,2.3013,2.3013,2.3013,2.3013,2.3013,2.3013,2.3013,2.3013,2.3013,2.3013,2.3013,2.3013,2.3013,2.3013,2.3013,2.3013,2.3013,2.3013,2.3013,2.3013,2.3013,2.3013,2.3013,2.3013,2.3013,2.3013,2.3013,2.3013,2.3013,2.3013,2.3013,2.3013,2.3013,2.3013
Test loss: 2.3012,2.3012,2.3012,2.3012,2.3012,2.3012,2.3012,2.3012,2.3012,2.3012,2.3012,2.3012,2.3012,2.3012,2.3012,2.3012,2.3012,2.3012,2.3012,2.3012,2.3012,2.3012,2.3012,2.3012,2.3012,2.3012,2.3012,2.3012,2.3012,2.3012,2.3012,2.3012,2.3012,2.3012,2.3012,2.3012,2.3012,2.3012,2.3012,2.3012
Train accuracy: 11.2,11.2,11.2,11.2,11.2,11.2,11.2,11.2,11.2,11.2,11.2,11.2,11.2,11.2,11.2,11.2,11.2,11.2,11.2,11.2,11.2,11.2,11.2,11.2,11.2,11.2,11.2,11.2,11.2,11.2,11.2,11.2,11.2,11.2,11.2,11.2,11.2,11.2,11.2,11.2
Test accuracy: 11.3,11.3,11.3,11.3,11.3,11.3,11.3,11.3,11.3,11.3,11.3,11.3,11.3,11.3,11.3,11.3,11.3,11.3,11.3,11.3,11.3,11.3,11.3,11.3,11.3,11.3,11.3,11.3,11.3,11.3,11.3,11.3,11.3,11.3,11.3,11.3,11.3,11.3,11.3,11.3
Seed 3/10
Train loss: 0.9489,0.732,0.5774,0.4846,0.4899,0.3775,0.3303,0.3113,0.2919,0.2703,0.264,0.2489,0.24,0.2412,0.2174,0.2348,0.2211,0.2258,0.2111,0.2252,0.1975,0.2129,0.2148,0.1982,0.169,0.1774,0.1697,0.1598,0.1771,0.1528,0.153,0.1543,0.1598,0.1473,0.1417,0.1553,0.1479,0.1475,0.1403,0.1512
Test loss: 1.0941,0.7692,0.6852,0.5769,0.5479,0.5114,0.7672,0.6607,0.4754,0.4243,0.8707,0.6598,0.5298,0.5071,0.3739,0.5586,0.42,0.4173,0.3818,0.4579,0.3925,0.5609,0.5498,0.6959,0.4527,0.6897,0.652,0.4089,0.4765,0.3968,0.4375,0.6504,0.6069,0.3804,0.355,0.4414,0.6328,0.5191,0.7014,0.6637
Train accuracy: 74.0,78.7,85.6,89.7,87.2,91.6,92.8,92.9,93.2,93.6,93.8,94.0,94.3,94.1,94.8,94.1,94.5,94.2,94.8,94.5,95.0,94.5,94.4,95.0,95.8,95.4,95.8,96.0,95.6,96.2,96.2,96.2,96.1,96.4,96.6,96.2,96.4,96.4,96.6,96.3
Test accuracy: 73.4,78.2,84.9,89.1,86.3,90.4,91.5,91.7,91.5,91.4,92.0,91.7,92.4,91.9,92.4,91.7,92.0,91.7,92.0,92.0,92.1,91.4,91.6,91.9,92.3,91.9,92.2,92.4,92.2,92.4,92.4,92.4,92.1,92.3,92.6,92.3,92.3,92.1,92.3,92.1
Seed 4/10
Train loss: 1.0168,0.8239,0.6701,0.5924,0.5588,0.487,0.453,0.4308,0.4146,0.4185,0.3822,0.3692,0.3466,0.3642,0.3303,0.3589,0.3367,0.317,0.2922,0.32,0.2982,0.3328,0.2734,0.2528,0.283,0.2845,0.2719,0.2449,0.2403,0.2409,0.2197,0.2421,0.2224,0.2479,0.2287,0.2294,0.2133,0.2102,0.2289,0.212
Test loss: 1.0578,0.8706,0.9653,0.7947,0.7258,0.6169,0.6325,0.5442,0.5192,0.4929,0.4468,0.4714,0.4328,0.4555,0.4162,0.4389,0.4235,0.4244,0.4049,0.4246,0.4261,0.4345,0.43,0.383,0.3978,0.4256,0.4387,0.3713,0.3905,0.3821,0.4049,0.4357,0.3787,0.469,0.3816,0.4077,0.4137,0.3972,0.4189,0.3751
Train accuracy: 65.2,81.0,84.5,87.1,87.0,89.8,90.1,90.6,90.4,89.4,90.8,91.0,91.2,90.1,91.7,90.3,91.0,91.7,92.2,91.1,92.0,90.1,92.3,93.3,91.9,91.7,92.2,93.3,93.6,93.5,94.2,93.3,94.1,93.4,93.9,93.7,94.5,94.5,93.7,94.3
Test accuracy: 65.5,81.4,84.1,86.5,86.3,88.7,88.7,89.3,89.0,88.2,89.4,89.3,89.5,88.1,89.7,88.3,89.0,89.5,89.9,88.8,89.4,87.6,89.9,90.4,89.2,88.7,89.2,90.1,90.4,90.0,90.3,90.0,90.4,89.6,90.1,90.4,90.4,90.5,90.0,90.4
Seed 5/10
Train loss: 0.8044,0.6172,0.5006,0.4318,0.3732,0.3252,0.3144,0.267,0.2511,0.2325,0.2085,0.1996,0.1771,0.1743,0.1622,0.1694,0.162,0.161,0.1492,0.1453,0.1385,0.1401,0.1368,0.1518,0.143,0.1419,0.1158,0.1228,0.1525,0.1281,0.117,0.114,0.1132,0.1119,0.1216,0.1107,0.1192,0.1013,0.1049,0.1028
Test loss: 1.2154,0.7328,1.3667,0.8497,0.9708,1.1681,1.1228,0.9167,0.9628,1.4275,1.1529,1.04,0.7363,0.5779,0.5919,0.4744,0.8362,0.645,0.6072,0.7445,0.5933,0.4328,0.6633,0.3423,0.93,0.4656,0.5686,0.5097,0.7771,0.5963,0.3978,0.5405,0.3877,0.4421,0.6327,0.4466,0.6265,0.5696,0.3974,0.4268
Train accuracy: 82.6,88.3,90.6,91.4,92.5,93.5,93.1,94.4,94.5,95.0,95.5,95.6,96.0,95.8,96.2,95.7,96.0,96.1,96.4,96.5,96.7,96.5,96.7,96.2,96.7,96.5,97.3,97.0,96.0,97.0,97.2,97.3,97.5,97.4,97.3,97.5,97.0,97.8,97.6,97.7
Test accuracy: 82.0,88.0,90.0,90.6,91.7,92.9,92.0,93.0,93.1,93.3,93.7,93.5,93.6,93.5,93.6,93.3,93.2,93.6,93.5,93.4,93.8,93.4,93.4,93.5,93.7,93.4,93.9,93.8,92.8,93.5,93.8,93.7,93.8,93.6,93.4,93.8,93.5,94.0,93.7,93.9
Seed 6/10
Train loss: 2.3013,2.3013,2.3013,2.3013,2.3013,2.3013,2.3013,2.3013,2.3013,2.3013,2.3013,2.3013,2.3013,2.3013,2.3013,2.3013,2.3013,2.3013,2.3013,2.3013,2.3013,2.3013,2.3013,2.3013,2.3013,2.3013,2.3013,2.3013,2.3013,2.3013,2.3013,2.3013,2.3013,2.3013,2.3013,2.3013,2.3013,2.3013,2.3013,2.3013
Test loss: 2.3012,2.3012,2.3012,2.3012,2.3012,2.3012,2.3012,2.3012,2.3012,2.3012,2.3012,2.3012,2.3012,2.3012,2.3012,2.3012,2.3012,2.3012,2.3012,2.3012,2.3012,2.3012,2.3012,2.3012,2.3012,2.3012,2.3012,2.3012,2.3012,2.3012,2.3012,2.3012,2.3012,2.3012,2.3012,2.3012,2.3012,2.3012,2.3012,2.3012
Train accuracy: 11.2,11.2,11.2,11.2,11.2,11.2,11.2,11.2,11.2,11.2,11.2,11.2,11.2,11.2,11.2,11.2,11.2,11.2,11.2,11.2,11.2,11.2,11.2,11.2,11.2,11.2,11.2,11.2,11.2,11.2,11.2,11.2,11.2,11.2,11.2,11.2,11.2,11.2,11.2,11.2
Test accuracy: 11.3,11.3,11.3,11.3,11.3,11.3,11.3,11.3,11.3,11.3,11.3,11.3,11.3,11.3,11.3,11.3,11.3,11.3,11.3,11.3,11.3,11.3,11.3,11.3,11.3,11.3,11.3,11.3,11.3,11.3,11.3,11.3,11.3,11.3,11.3,11.3,11.3,11.3,11.3,11.3
Seed 7/10
Train loss: 0.9574,0.7619,0.5692,0.4741,0.4209,0.3894,0.3439,0.3186,0.2956,0.268,0.2474,0.2193,0.2402,0.2105,0.2031,0.1962,0.19,0.1826,0.1849,0.1832,0.1663,0.149,0.149,0.1457,0.1554,0.1692,0.1452,0.1344,0.1485,0.1295,0.1329,0.1307,0.1252,0.1885,0.1386,0.1173,0.1157,0.1111,0.1147,0.118
Test loss: 1.0164,0.8614,0.6635,0.5694,0.5284,0.5414,0.6254,0.5231,0.5266,0.4392,0.559,0.4408,0.4744,0.558,0.7318,0.4471,0.6681,0.6036,0.9815,0.4872,0.4519,0.4334,0.4151,0.5047,0.7719,0.962,0.4927,0.8125,0.9518,2.207,1.4228,1.353,1.1324,1.261,0.6395,1.7224,0.9895,2.0176,2.5165,0.668
Train accuracy: 71.1,78.5,88.1,90.6,91.7,91.8,92.9,93.1,93.3,93.9,94.2,94.8,94.1,95.0,95.1,95.3,95.4,95.5,95.5,95.6,96.1,96.3,96.4,96.5,96.2,95.8,96.6,96.8,96.2,96.9,97.0,96.9,97.2,95.0,96.5,97.4,97.3,97.5,97.3,97.3
Test accuracy: 70.9,78.1,87.7,89.9,90.8,90.9,91.7,91.7,91.9,92.3,92.4,92.9,92.0,92.6,92.7,92.7,92.8,92.7,92.9,92.7,92.9,93.0,92.8,93.1,92.5,92.2,92.9,93.3,92.0,93.2,92.9,92.8,93.1,91.5,92.4,93.1,93.0,93.0,92.9,92.7
Seed 8/10
Train loss: 1.6744,0.7473,0.5381,0.439,0.3763,0.3363,0.3037,0.2875,0.2725,0.2498,0.2404,0.2374,0.2137,0.219,0.2183,0.1997,0.1871,0.1995,0.1903,0.1833,0.2059,0.207,0.1861,0.2001,0.1672,0.1629,0.1574,0.1654,0.1696,0.1519,0.1573,0.1592,0.1598,0.1547,0.1536,0.1766,0.1512,0.1467,0.1381,0.1505
Test loss: 1.7312,0.8758,0.7047,0.7128,1.2013,1.4763,1.9253,1.7615,1.4668,2.2903,2.5206,3.6862,3.6203,3.925,3.2362,2.4206,2.9001,3.3439,2.1265,1.6059,2.1,2.4293,1.4156,1.7082,1.3437,1.3621,1.2715,1.3033,1.8549,0.941,1.1245,1.3967,1.3653,1.1119,1.0111,0.9566,1.0621,0.9975,1.4263,0.7666
Train accuracy: 32.4,81.4,88.2,91.0,92.2,92.7,93.3,93.4,93.6,94.2,94.2,94.2,94.7,94.6,94.2,94.8,95.3,94.9,95.2,95.3,94.9,94.5,95.2,94.9,95.6,95.9,96.0,95.8,95.5,96.1,96.0,95.8,96.0,95.9,96.1,95.3,96.1,96.2,96.4,96.2
Test accuracy: 32.8,81.0,87.8,90.4,91.7,92.2,92.7,92.3,92.6,93.0,92.9,92.6,92.8,92.8,92.4,92.7,92.8,92.2,92.5,92.7,92.0,91.8,92.3,92.2,92.5,92.7,92.4,92.6,92.4,92.7,92.5,92.5,92.3,92.8,92.4,92.0,92.2,92.9,92.5,92.6
Seed 9/10
Train loss: 1.0098,0.7523,0.6214,0.5649,0.46,0.4145,0.3867,0.3501,0.3292,0.3219,0.3082,0.2806,0.2543,0.2411,0.2356,0.218,0.2111,0.2013,0.1975,0.1831,0.189,0.1792,0.1925,0.1666,0.181,0.1657,0.1765,0.1616,0.155,0.1524,0.1587,0.1522,0.1683,0.1462,0.152,0.1446,0.1408,0.1334,0.1388,0.14
Test loss: 1.0119,0.9454,0.856,0.605,0.5884,0.5123,0.6883,0.6564,0.614,0.5419,0.5295,0.5156,0.5825,0.4236,0.6502,0.5387,1.0146,0.5122,0.4895,0.6247,0.5658,0.4776,0.8225,0.4841,0.4818,0.4618,0.3948,0.5036,0.5,0.5162,0.4345,0.6092,0.4123,0.4437,0.3964,0.4388,0.4217,0.4595,0.569,0.5788
Train accuracy: 70.1,78.8,82.9,89.0,91.3,91.7,91.7,92.6,92.7,92.9,92.6,93.4,94.3,94.5,94.3,94.9,94.9,95.2,95.3,95.7,95.5,95.7,95.7,96.2,95.8,96.2,95.8,96.3,96.5,96.5,96.3,96.5,96.2,96.7,96.4,96.8,96.9,97.0,97.0,96.9
Test accuracy: 69.9,79.0,82.5,88.7,90.5,90.8,90.3,91.1,91.3,91.5,90.7,91.0,92.2,92.4,91.9,92.1,92.4,92.5,92.6,92.8,92.5,92.3,92.6,93.0,92.6,92.9,92.5,92.6,92.9,92.6,92.7,92.7,92.4,93.1,92.6,93.2,93.2,93.2,93.1,92.9
Seed 10/10
Train loss: 0.9474,0.7879,0.7,0.6038,0.518,0.4752,0.4404,0.3711,0.3328,0.2967,0.2773,0.2539,0.2326,0.2113,0.2085,0.2152,0.1965,0.1824,0.1981,0.1934,0.1769,0.172,0.1625,0.167,0.1468,0.1498,0.155,0.1477,0.1517,0.1442,0.1558,0.133,0.1321,0.1294,0.1469,0.146,0.1403,0.1374,0.1402,0.1244
Test loss: 1.6356,2.2816,1.1631,0.9841,0.9054,0.5912,0.5758,0.6372,0.714,0.71,0.5238,0.4535,0.441,0.3888,0.3885,0.5271,0.5526,0.3734,0.4162,0.3926,0.3924,0.3854,0.3762,0.4009,0.4159,0.3983,0.3737,0.4098,0.3596,0.3591,0.5225,0.3976,0.5187,0.4144,0.9507,0.5972,0.5809,0.4938,0.4179,0.7644
Train accuracy: 67.4,72.0,74.6,79.6,83.2,85.3,87.5,92.2,93.0,93.8,94.1,94.5,94.8,95.2,95.1,94.8,95.3,95.7,95.0,95.1,95.6,95.7,96.0,95.8,96.4,96.3,96.1,96.3,96.2,96.4,95.9,96.7,96.7,96.8,96.3,96.1,96.4,96.6,96.5,97.0
Test accuracy: 66.7,71.5,74.2,78.6,81.7,83.8,86.1,91.0,91.5,92.1,91.9,92.2,92.3,93.0,92.6,92.3,92.3,92.7,91.8,92.1,92.5,92.2,92.8,92.3,92.4,92.8,92.4,92.3,92.8,92.5,92.4,92.8,92.8,93.0,92.4,92.0,92.7,92.5,92.4,92.8
