Seed 1/10
Train loss: 0.1587,0.0893,0.0548,0.0434,0.04,0.0263,0.0251,0.0153,0.0193,0.0157,0.0201,0.0121,0.0101,0.0131,0.0056,0.0095,0.0083,0.0123,0.009,0.0032,0.0073,0.0065,0.0095,0.0044,0.0058,0.0041,0.0035,0.0047,0.0044,0.0034,0.0091,0.007,0.0044,0.0018,0.0039,0.0036,0.0016,0.0041,0.0049,0.0024
Test loss: 0.1594,0.1044,0.076,0.0724,0.0744,0.0638,0.07,0.0554,0.0714,0.0636,0.0758,0.0623,0.0697,0.0781,0.066,0.0752,0.0648,0.0858,0.0771,0.0724,0.0785,0.0764,0.0795,0.0722,0.0854,0.0724,0.0773,0.0942,0.0831,0.0831,0.0926,0.0958,0.0955,0.0959,0.0949,0.0971,0.0896,0.0939,0.0907,0.0962
Train accuracy: 95.6,97.3,98.3,98.6,98.7,99.1,99.2,99.5,99.4,99.5,99.4,99.6,99.7,99.5,99.8,99.7,99.7,99.6,99.7,99.9,99.8,99.8,99.7,99.8,99.8,99.9,99.9,99.9,99.8,99.9,99.7,99.8,99.9,99.9,99.9,99.9,100.0,99.9,99.8,99.9
Test accuracy: 95.5,96.8,97.7,97.8,97.8,98.1,98.0,98.5,98.3,98.3,98.2,98.4,98.4,98.3,98.6,98.5,98.5,98.2,98.4,98.5,98.5,98.4,98.4,98.6,98.5,98.7,98.6,98.6,98.6,98.6,98.4,98.4,98.5,98.5,98.5,98.5,98.7,98.5,98.6,98.6
Seed 2/10
Train loss: 0.1518,0.0869,0.0594,0.0487,0.0394,0.043,0.0293,0.0218,0.0258,0.0315,0.0181,0.022,0.0253,0.019,0.0102,0.0114,0.0172,0.0124,0.009,0.0261,0.0098,0.0053,0.0092,0.006,0.0073,0.0019,0.0078,0.0045,0.0078,0.0028,0.0083,0.0041,0.0058,0.0035,0.0066,0.0054,0.0067,0.0061,0.0014,0.0123
Test loss: 0.1614,0.1032,0.0807,0.0794,0.077,0.0844,0.0769,0.0768,0.0768,0.0848,0.0865,0.0843,0.1027,0.0938,0.0842,0.0906,0.0925,0.0902,0.1014,0.1239,0.0952,0.0921,0.1053,0.0892,0.0944,0.0741,0.1004,0.0968,0.1003,0.0923,0.0978,0.0959,0.102,0.1016,0.1109,0.1062,0.1212,0.1085,0.0978,0.1183
Train accuracy: 95.6,97.3,98.3,98.5,98.8,98.6,99.0,99.3,99.2,99.0,99.4,99.3,99.2,99.4,99.6,99.6,99.5,99.6,99.7,99.2,99.7,99.8,99.7,99.8,99.8,99.9,99.8,99.8,99.8,99.9,99.8,99.9,99.8,99.9,99.8,99.8,99.8,99.8,100.0,99.6
Test accuracy: 95.2,96.7,97.4,97.6,97.8,97.5,98.0,98.1,98.0,97.9,98.0,98.1,97.9,98.1,98.2,98.2,98.3,98.2,98.1,97.7,98.5,98.4,98.3,98.4,98.5,98.5,98.3,98.4,98.4,98.5,98.5,98.5,98.3,98.4,98.3,98.5,98.1,98.4,98.5,98.2
Seed 3/10
Train loss: 0.1008,0.066,0.0583,0.0424,0.0352,0.0332,0.0229,0.0136,0.0222,0.0191,0.0303,0.0221,0.0115,0.0089,0.0109,0.0118,0.0092,0.0073,0.006,0.0142,0.0041,0.0044,0.0076,0.003,0.008,0.0047,0.0145,0.0045,0.0032,0.0024,0.0023,0.0046,0.0087,0.0042,0.0036,0.0012,0.0051,0.0028,0.0017,0.0058
Test loss: 0.0995,0.0714,0.0692,0.0634,0.0643,0.0698,0.0685,0.0608,0.0726,0.071,0.087,0.0829,0.0745,0.0734,0.077,0.0798,0.0766,0.0773,0.0806,0.0863,0.0813,0.0744,0.0829,0.0777,0.0848,0.08,0.1034,0.0863,0.0746,0.0792,0.0816,0.0958,0.1009,0.0983,0.0864,0.0975,0.0886,0.09,0.0914,0.1127
Train accuracy: 96.8,97.9,98.2,98.7,98.9,99.0,99.3,99.6,99.2,99.4,99.0,99.3,99.6,99.7,99.6,99.6,99.7,99.7,99.8,99.6,99.9,99.9,99.7,99.9,99.8,99.8,99.6,99.9,99.9,99.9,99.9,99.9,99.7,99.9,99.9,100.0,99.8,99.9,99.9,99.8
Test accuracy: 96.8,97.7,97.8,98.1,98.1,98.0,98.2,98.4,98.1,98.3,98.0,98.2,98.5,98.4,98.4,98.5,98.4,98.5,98.6,98.4,98.6,98.6,98.5,98.6,98.5,98.7,98.2,98.5,98.8,98.6,98.7,98.6,98.3,98.5,98.7,98.7,98.7,98.7,98.7,98.5
Seed 4/10
Train loss: 0.234,0.1415,0.1013,0.0849,0.08,0.0731,0.0589,0.0525,0.0463,0.0476,0.052,0.0374,0.0287,0.0316,0.0213,0.0194,0.015,0.0131,0.0142,0.0113,0.0197,0.0126,0.0104,0.0167,0.0091,0.0167,0.0105,0.0071,0.0063,0.0121,0.027,0.0056,0.0139,0.0148,0.0046,0.0117,0.0058,0.0219,0.0068,0.0061
Test loss: 0.2266,0.1429,0.1139,0.1094,0.1139,0.1157,0.1045,0.1017,0.0975,0.1137,0.1182,0.1119,0.1034,0.1108,0.096,0.0923,0.0971,0.0899,0.1021,0.1006,0.1159,0.1032,0.1042,0.1041,0.1027,0.1264,0.0979,0.1012,0.1008,0.1089,0.1363,0.1011,0.1312,0.1253,0.1084,0.1244,0.1062,0.1523,0.1054,0.1121
Train accuracy: 93.0,95.8,97.0,97.5,97.5,97.8,98.3,98.4,98.6,98.5,98.4,98.8,99.1,99.0,99.3,99.4,99.5,99.6,99.6,99.7,99.4,99.6,99.7,99.5,99.7,99.5,99.7,99.8,99.8,99.6,99.2,99.8,99.6,99.6,99.9,99.7,99.8,99.5,99.8,99.8
Test accuracy: 93.3,95.6,96.5,96.8,96.5,96.8,97.0,97.2,97.3,96.9,97.0,97.4,97.2,97.5,97.7,97.8,97.9,98.0,97.9,98.0,97.8,98.0,98.1,98.0,98.0,97.7,98.2,98.1,98.2,98.0,97.9,98.2,97.8,98.0,98.3,98.1,98.3,97.8,98.3,98.1
Seed 5/10
Train loss: 0.1487,0.1329,0.099,0.0754,0.0583,0.0566,0.0428,0.0333,0.0385,0.0393,0.0248,0.026,0.0218,0.0286,0.0182,0.0182,0.0138,0.014,0.0123,0.0114,0.0128,0.0087,0.0123,0.011,0.014,0.0157,0.0195,0.0182,0.0067,0.0113,0.0062,0.0082,0.0103,0.0098,0.0074,0.0066,0.0095,0.0085,0.003,0.0037
Test loss: 0.136,0.1285,0.103,0.0916,0.0852,0.0925,0.0817,0.0813,0.0945,0.1036,0.0866,0.0975,0.0883,0.1045,0.0924,0.0951,0.0976,0.0968,0.0989,0.1053,0.1012,0.0926,0.1039,0.1188,0.1113,0.1332,0.1329,0.122,0.1079,0.134,0.1187,0.1246,0.1247,0.1342,0.1143,0.1161,0.1315,0.1326,0.1171,0.1178
Train accuracy: 95.5,96.0,97.1,97.7,98.3,98.3,98.7,99.0,98.9,98.8,99.2,99.2,99.3,99.1,99.4,99.4,99.6,99.5,99.6,99.6,99.6,99.7,99.6,99.7,99.6,99.5,99.4,99.5,99.8,99.7,99.8,99.8,99.7,99.7,99.8,99.8,99.7,99.8,99.9,99.9
Test accuracy: 96.0,96.2,96.9,97.2,97.7,97.6,97.9,97.9,97.7,97.6,98.0,97.7,98.0,97.9,98.0,98.0,98.1,98.1,98.2,98.0,98.1,98.2,98.1,98.0,97.9,97.9,97.8,98.0,98.2,98.0,98.1,98.1,98.0,98.0,98.2,98.2,98.0,98.0,98.2,98.2
Seed 6/10
Train loss: 1.1112,0.8585,0.7022,0.6206,0.5841,0.4999,0.4467,0.4214,0.4084,0.4067,0.4073,0.3675,0.3644,0.3574,0.3492,0.336,0.3414,0.3252,0.3346,0.3259,0.3292,0.3139,0.3028,0.3051,0.2965,0.2964,0.2981,0.2914,0.2955,0.2909,0.2905,0.2914,0.2746,0.2781,0.2794,0.2734,0.2819,0.2727,0.2683,0.2703
Test loss: 1.119,0.8648,0.7162,0.6477,0.6108,0.5414,0.4981,0.4777,0.4719,0.4789,0.4849,0.4511,0.4541,0.4505,0.4508,0.4471,0.4476,0.4404,0.4583,0.4499,0.4648,0.4483,0.4461,0.4548,0.4491,0.4587,0.448,0.4523,0.4673,0.4608,0.463,0.4673,0.4496,0.467,0.4703,0.4764,0.4803,0.4738,0.477,0.4862
Train accuracy: 61.1,70.4,72.9,74.6,76.0,80.1,82.7,83.3,83.5,83.4,82.6,84.3,84.2,84.5,84.6,85.0,84.7,85.2,84.8,85.1,85.0,85.3,85.8,85.7,85.9,85.9,85.8,86.0,85.9,85.9,86.0,86.0,86.5,86.3,86.4,86.4,86.2,86.5,86.6,86.6
Test accuracy: 60.5,71.1,73.2,74.2,75.4,79.2,81.6,82.2,82.0,81.8,80.8,82.6,82.2,82.7,82.4,82.3,82.6,82.8,82.1,82.4,82.0,82.4,82.6,82.3,82.6,82.5,82.6,82.5,82.5,82.3,82.4,82.4,82.7,82.5,82.5,82.4,82.2,82.4,82.4,82.4
Seed 7/10
Train loss: 0.2168,0.1949,0.1332,0.1037,0.0773,0.08,0.0735,0.0684,0.059,0.0549,0.0633,0.06,0.0402,0.0557,0.0375,0.0255,0.0307,0.021,0.0274,0.0185,0.0143,0.0128,0.0605,0.0128,0.018,0.0136,0.0131,0.0184,0.0083,0.0093,0.0192,0.0054,0.0057,0.0082,0.0179,0.0041,0.0056,0.0056,0.0061,0.003
Test loss: 0.2051,0.199,0.1457,0.1224,0.1089,0.1131,0.1137,0.116,0.119,0.1257,0.1452,0.137,0.1256,0.1368,0.1314,0.134,0.139,0.1232,0.1405,0.1178,0.1224,0.1205,0.1776,0.1144,0.1465,0.1416,0.1335,0.137,0.1275,0.1382,0.1417,0.1249,0.1267,0.1383,0.1533,0.1396,0.144,0.128,0.1452,0.1399
Train accuracy: 93.3,94.2,95.9,96.7,97.5,97.5,97.6,97.8,98.2,98.3,98.1,98.2,98.7,98.3,98.8,99.2,99.0,99.3,99.1,99.4,99.6,99.6,98.5,99.6,99.5,99.6,99.6,99.4,99.8,99.7,99.4,99.8,99.8,99.7,99.5,99.9,99.8,99.8,99.8,99.9
Test accuracy: 93.8,94.3,95.6,96.1,96.7,96.7,96.6,96.6,96.8,96.8,96.5,96.7,97.2,96.7,97.2,97.2,97.2,97.6,97.5,97.7,97.6,97.8,96.9,97.8,97.7,97.7,98.0,97.6,98.0,98.0,97.8,98.0,98.0,97.9,97.7,98.0,97.9,98.0,97.9,98.1
Seed 8/10
Train loss: 0.1551,0.1307,0.1227,0.0827,0.0633,0.0375,0.0349,0.0384,0.0372,0.0205,0.025,0.0355,0.0374,0.0263,0.0166,0.0135,0.0155,0.0179,0.0134,0.0247,0.0097,0.0094,0.0157,0.0154,0.0088,0.0073,0.0104,0.01,0.0151,0.0055,0.0097,0.012,0.0088,0.0067,0.0088,0.0127,0.0065,0.0111,0.0041,0.0061
Test loss: 0.1538,0.1402,0.1501,0.1106,0.0986,0.0755,0.0817,0.0919,0.0956,0.0886,0.0987,0.1109,0.1212,0.1056,0.1082,0.0953,0.1002,0.1074,0.1072,0.1299,0.1115,0.12,0.1294,0.1193,0.1187,0.1118,0.1223,0.1093,0.145,0.1201,0.1229,0.1292,0.114,0.1244,0.1323,0.1392,0.1306,0.1393,0.1279,0.138
Train accuracy: 95.4,95.9,96.3,97.4,98.0,98.8,98.9,98.7,98.8,99.3,99.1,98.8,98.8,99.1,99.4,99.6,99.5,99.4,99.6,99.2,99.7,99.7,99.5,99.5,99.7,99.8,99.7,99.7,99.5,99.8,99.7,99.6,99.7,99.8,99.7,99.6,99.8,99.7,99.9,99.8
Test accuracy: 95.4,95.6,95.8,96.8,97.2,97.8,97.7,97.6,97.6,98.0,97.8,97.7,97.4,97.7,98.0,98.1,98.0,97.7,98.0,97.8,98.0,98.0,97.8,98.1,98.2,98.2,98.2,98.1,97.9,98.3,98.0,98.0,98.2,98.0,98.0,98.1,98.1,98.0,98.2,98.0
Seed 9/10
Train loss: 0.2935,0.2026,0.1807,0.1426,0.1226,0.11,0.0997,0.0963,0.0941,0.0828,0.075,0.0725,0.0627,0.0584,0.0542,0.0528,0.0556,0.0557,0.0499,0.0505,0.059,0.0422,0.0428,0.0371,0.0403,0.037,0.0365,0.0398,0.0305,0.041,0.0401,0.0418,0.0394,0.0282,0.0299,0.0393,0.0409,0.0313,0.0293,0.0309
Test loss: 0.2917,0.2153,0.205,0.1753,0.1674,0.1677,0.1644,0.1735,0.1723,0.1652,0.1627,0.1675,0.1526,0.1578,0.1588,0.1618,0.1705,0.1643,0.174,0.1828,0.1867,0.1794,0.186,0.178,0.1809,0.1918,0.1932,0.1877,0.1898,0.2003,0.1923,0.2142,0.2173,0.2056,0.1999,0.2344,0.2163,0.2099,0.2128,0.2268
Train accuracy: 91.4,94.1,94.8,95.7,96.4,96.7,97.1,97.2,97.3,97.6,97.8,97.8,98.2,98.2,98.4,98.5,98.4,98.3,98.5,98.5,98.2,98.7,98.7,99.0,98.8,99.0,99.0,98.9,99.1,98.8,98.8,98.7,98.9,99.2,99.1,98.8,98.9,99.1,99.1,99.1
Test accuracy: 91.7,93.6,94.0,94.8,95.2,95.1,95.4,95.5,95.6,95.5,95.8,95.9,96.2,96.0,96.1,96.3,96.0,96.2,96.0,96.0,95.9,96.2,96.1,96.4,96.2,96.3,96.5,96.1,96.2,96.3,96.2,96.0,96.0,96.2,96.3,96.0,96.1,96.3,96.3,96.1
Seed 10/10
Train loss: 0.1225,0.0701,0.0575,0.0406,0.0478,0.0253,0.0297,0.028,0.0162,0.013,0.0233,0.0202,0.0073,0.0113,0.0056,0.0075,0.0064,0.0065,0.022,0.0038,0.0128,0.0066,0.0077,0.0071,0.0035,0.0096,0.0049,0.0047,0.0019,0.0046,0.0064,0.0134,0.0058,0.0039,0.0049,0.0111,0.0009,0.0088,0.0116,0.0076
Test loss: 0.1212,0.075,0.0699,0.0615,0.0742,0.062,0.0745,0.074,0.0724,0.0703,0.0883,0.0803,0.0642,0.0737,0.0729,0.0738,0.0757,0.078,0.1018,0.0885,0.1099,0.0933,0.0917,0.1007,0.0849,0.0934,0.0935,0.0959,0.0925,0.0979,0.1033,0.1199,0.1169,0.11,0.0918,0.1076,0.0875,0.1175,0.1262,0.1134
Train accuracy: 96.2,97.8,98.1,98.7,98.4,99.1,99.0,99.1,99.5,99.6,99.2,99.4,99.8,99.6,99.8,99.7,99.8,99.8,99.4,99.9,99.6,99.8,99.7,99.8,99.9,99.7,99.8,99.8,99.9,99.8,99.8,99.6,99.8,99.9,99.8,99.7,100.0,99.8,99.7,99.8
Test accuracy: 96.0,97.6,97.7,98.0,97.8,98.2,97.9,98.0,98.3,98.4,98.1,98.2,98.5,98.3,98.4,98.4,98.3,98.4,98.1,98.3,98.2,98.3,98.4,98.4,98.6,98.4,98.5,98.5,98.5,98.4,98.5,98.3,98.2,98.4,98.5,98.4,98.6,98.3,98.2,98.5
