Seed 1/10
Train loss: 0.0934,0.0527,0.0522,0.0312,0.024,0.0217,0.0261,0.0117,0.0152,0.0144,0.0191,0.0139,0.0088,0.0107,0.011,0.006,0.0073,0.0017,0.0068,0.0071,0.0045,0.0028,0.0032,0.0059,0.0043,0.001,0.0025,0.0044,0.0034,0.0058,0.0058,0.0023,0.0013,0.0034,0.0018,0.0102,0.0038,0.0014,0.0011,0.001
Test loss: 0.0962,0.0689,0.0769,0.0595,0.0596,0.0647,0.0777,0.0674,0.0739,0.0817,0.0939,0.0936,0.0842,0.0947,0.0842,0.08,0.0856,0.0694,0.0831,0.1092,0.0852,0.0899,0.0855,0.0917,0.0918,0.0914,0.0865,0.1086,0.1059,0.1099,0.1277,0.1085,0.101,0.1187,0.1167,0.1351,0.119,0.1214,0.1103,0.1058
Train accuracy: 97.1,98.3,98.3,99.0,99.2,99.2,99.1,99.6,99.5,99.5,99.4,99.5,99.7,99.7,99.7,99.8,99.7,99.9,99.8,99.8,99.8,99.9,99.9,99.8,99.9,100.0,99.9,99.9,99.9,99.8,99.8,99.9,100.0,99.9,99.9,99.7,99.9,100.0,100.0,100.0
Test accuracy: 97.0,97.8,97.6,98.2,98.3,98.3,98.0,98.5,98.4,98.3,98.1,98.2,98.4,98.4,98.3,98.5,98.5,98.7,98.5,98.2,98.5,98.5,98.6,98.6,98.7,98.7,98.6,98.5,98.6,98.4,98.4,98.6,98.6,98.5,98.5,98.4,98.6,98.6,98.7,98.7
Seed 2/10
Train loss: 0.0853,0.0585,0.0422,0.0332,0.0276,0.0253,0.0243,0.0167,0.0141,0.0205,0.0131,0.0145,0.0159,0.0126,0.0181,0.0052,0.0072,0.0147,0.0075,0.0064,0.0068,0.0044,0.007,0.0046,0.0058,0.004,0.0035,0.01,0.0023,0.0064,0.002,0.0074,0.0087,0.0041,0.0046,0.0045,0.0043,0.0027,0.003,0.0013
Test loss: 0.0879,0.0699,0.0641,0.0646,0.0662,0.0643,0.0722,0.0664,0.0772,0.0847,0.0776,0.0807,0.0776,0.082,0.0859,0.0784,0.0863,0.0934,0.0838,0.0893,0.0906,0.0905,0.0926,0.0976,0.1034,0.116,0.0902,0.1239,0.1032,0.1188,0.102,0.0956,0.1114,0.1093,0.1095,0.1062,0.1045,0.1119,0.1123,0.1073
Train accuracy: 97.4,98.2,98.7,99.0,99.1,99.2,99.2,99.4,99.6,99.3,99.5,99.5,99.4,99.6,99.4,99.8,99.8,99.6,99.7,99.8,99.8,99.9,99.8,99.8,99.8,99.9,99.9,99.7,99.9,99.8,99.9,99.8,99.7,99.9,99.9,99.8,99.8,99.9,99.9,99.9
Test accuracy: 97.3,97.8,98.1,98.2,98.3,98.3,98.2,98.4,98.3,98.2,98.3,98.4,98.4,98.3,98.4,98.5,98.5,98.4,98.5,98.4,98.5,98.5,98.5,98.5,98.3,98.4,98.7,98.4,98.6,98.4,98.5,98.6,98.5,98.5,98.5,98.6,98.7,98.5,98.5,98.5
Seed 3/10
Train loss: 0.4757,0.2378,0.1881,0.1533,0.1338,0.1203,0.108,0.0986,0.0896,0.0807,0.0809,0.0804,0.0761,0.0745,0.0651,0.0818,0.0654,0.0506,0.0445,0.0285,0.0181,0.0221,0.017,0.0142,0.013,0.0115,0.011,0.0118,0.0121,0.0106,0.0166,0.0105,0.0096,0.0099,0.0152,0.0087,0.0077,0.012,0.0087,0.0041
Test loss: 0.4729,0.2545,0.2165,0.1944,0.1871,0.1842,0.1844,0.1879,0.1943,0.1941,0.2035,0.2122,0.2224,0.2314,0.2297,0.2615,0.254,0.2134,0.1884,0.1604,0.1613,0.1734,0.1567,0.1676,0.1473,0.1468,0.1499,0.164,0.1453,0.1558,0.1792,0.1574,0.1489,0.1478,0.1527,0.1673,0.167,0.1679,0.1621,0.1611
Train accuracy: 85.4,93.5,94.8,95.8,96.2,96.5,96.8,97.2,97.4,97.6,97.6,97.6,97.7,97.8,98.0,97.6,98.0,98.5,98.7,99.1,99.4,99.3,99.5,99.6,99.6,99.7,99.7,99.7,99.6,99.7,99.5,99.7,99.7,99.7,99.5,99.7,99.8,99.6,99.7,99.9
Test accuracy: 85.4,93.7,94.5,95.1,95.4,95.3,95.6,95.7,95.8,95.6,95.7,95.7,95.6,95.6,95.6,95.3,95.6,96.5,96.9,97.2,97.4,97.3,97.5,97.5,97.6,97.6,97.7,97.7,97.8,97.6,97.5,97.7,97.8,97.7,97.6,97.7,97.7,97.6,97.7,97.9
Seed 4/10
Train loss: 0.1835,0.1165,0.0828,0.0718,0.0627,0.0506,0.0464,0.0491,0.0468,0.0325,0.047,0.0262,0.0263,0.0266,0.0189,0.021,0.0237,0.0159,0.0186,0.0186,0.017,0.0151,0.0151,0.0106,0.0168,0.0076,0.0087,0.0178,0.0173,0.0112,0.0235,0.0133,0.01,0.0125,0.0117,0.0072,0.009,0.007,0.0056,0.0059
Test loss: 0.1901,0.1358,0.1165,0.1127,0.1129,0.113,0.1146,0.1288,0.1432,0.1275,0.1459,0.1397,0.1513,0.1507,0.1605,0.1624,0.1735,0.1578,0.1665,0.1834,0.1889,0.1734,0.1837,0.1697,0.1928,0.1823,0.1857,0.1963,0.2079,0.1955,0.2282,0.2062,0.2268,0.2183,0.2001,0.2123,0.2045,0.2169,0.2141,0.1976
Train accuracy: 94.8,96.6,97.6,97.8,98.1,98.4,98.5,98.4,98.5,99.0,98.5,99.2,99.1,99.1,99.4,99.3,99.2,99.5,99.4,99.4,99.4,99.5,99.5,99.6,99.4,99.7,99.7,99.4,99.5,99.6,99.3,99.6,99.7,99.6,99.6,99.8,99.7,99.8,99.8,99.8
Test accuracy: 94.8,96.0,96.9,96.9,96.8,97.1,97.1,96.8,96.8,97.4,96.8,97.3,97.1,97.3,97.2,97.2,97.1,97.4,97.2,97.2,97.2,97.2,97.3,97.4,97.1,97.6,97.3,97.1,97.3,97.4,97.0,97.2,97.4,97.4,97.4,97.5,97.3,97.5,97.6,97.6
Seed 5/10
Train loss: 0.1491,0.0731,0.0482,0.0377,0.0314,0.0285,0.0334,0.0215,0.0261,0.0317,0.0183,0.0202,0.0162,0.0183,0.0134,0.0132,0.0069,0.0092,0.009,0.0127,0.0059,0.0097,0.0104,0.0092,0.0103,0.0061,0.0048,0.011,0.007,0.0031,0.0059,0.0043,0.0117,0.0019,0.0068,0.0036,0.0029,0.0065,0.0029,0.0043
Test loss: 0.1485,0.087,0.0683,0.0643,0.0638,0.0701,0.0823,0.0794,0.0884,0.1061,0.0947,0.1069,0.1074,0.1073,0.0983,0.1142,0.0977,0.111,0.1062,0.1098,0.107,0.1226,0.1064,0.1068,0.1194,0.1225,0.1237,0.1323,0.1391,0.1173,0.1395,0.118,0.1426,0.1083,0.1343,0.1149,0.1285,0.1436,0.1295,0.1372
Train accuracy: 95.7,97.9,98.6,98.9,99.0,99.1,99.0,99.3,99.2,99.0,99.4,99.3,99.5,99.4,99.6,99.6,99.8,99.7,99.7,99.6,99.8,99.7,99.7,99.7,99.7,99.8,99.8,99.7,99.8,99.9,99.8,99.8,99.7,99.9,99.8,99.9,99.9,99.8,99.9,99.9
Test accuracy: 95.7,97.5,98.1,98.1,98.2,98.1,97.8,98.1,98.0,97.9,98.0,98.0,98.0,98.0,98.2,98.0,98.4,98.1,98.2,98.1,98.5,98.2,98.3,98.3,98.2,98.3,98.5,98.1,98.1,98.5,98.3,98.3,98.2,98.5,98.1,98.4,98.4,98.2,98.5,98.3
Seed 6/10
Train loss: 0.1696,0.0751,0.0539,0.0423,0.0397,0.0323,0.0342,0.0211,0.0171,0.0132,0.0149,0.0205,0.0204,0.0098,0.0165,0.0168,0.0082,0.0105,0.0061,0.0074,0.0052,0.003,0.0056,0.0079,0.0033,0.0054,0.009,0.0029,0.0027,0.0034,0.0029,0.0023,0.0108,0.005,0.0046,0.0072,0.0021,0.0043,0.0067,0.0015
Test loss: 0.1819,0.0938,0.0833,0.0801,0.0846,0.0807,0.0863,0.0811,0.0819,0.086,0.0927,0.1028,0.1004,0.0881,0.1093,0.1285,0.0973,0.1036,0.0974,0.1085,0.1146,0.1205,0.129,0.1276,0.1101,0.1136,0.1375,0.1177,0.1226,0.1129,0.1131,0.1277,0.159,0.1369,0.143,0.1479,0.133,0.1315,0.1426,0.1301
Train accuracy: 95.0,97.7,98.3,98.7,98.8,99.0,99.0,99.3,99.5,99.6,99.5,99.4,99.4,99.7,99.5,99.5,99.7,99.7,99.8,99.8,99.8,99.9,99.8,99.8,99.9,99.8,99.7,99.9,99.9,99.9,99.9,99.9,99.7,99.8,99.9,99.8,99.9,99.9,99.8,99.9
Test accuracy: 94.7,97.3,97.6,97.8,97.8,97.8,97.8,98.0,98.2,98.3,98.1,98.1,98.1,98.2,98.0,98.0,98.3,98.3,98.3,98.2,98.2,98.3,98.2,98.2,98.3,98.3,98.0,98.3,98.3,98.5,98.4,98.3,98.1,98.2,98.3,98.2,98.4,98.4,98.3,98.5
Seed 7/10
Train loss: 0.4234,0.1763,0.1449,0.098,0.0848,0.0632,0.0567,0.048,0.0445,0.0442,0.0318,0.0272,0.0263,0.032,0.0243,0.0271,0.0243,0.0251,0.0257,0.0228,0.0273,0.0145,0.0128,0.0583,0.0187,0.0205,0.0162,0.0252,0.0155,0.0126,0.017,0.0075,0.018,0.0057,0.0108,0.0105,0.0113,0.0078,0.0068,0.0097
Test loss: 0.418,0.1917,0.1687,0.1338,0.1329,0.1238,0.1284,0.1264,0.1382,0.1373,0.1341,0.1418,0.1504,0.1606,0.1619,0.1837,0.1698,0.1885,0.1949,0.1798,0.2241,0.1989,0.1748,0.2715,0.209,0.2285,0.2274,0.2305,0.2134,0.2209,0.2267,0.2213,0.2424,0.2098,0.221,0.2434,0.2317,0.2384,0.2326,0.2374
Train accuracy: 88.6,95.0,95.8,97.1,97.4,98.0,98.2,98.6,98.7,98.6,99.0,99.2,99.2,99.0,99.3,99.2,99.2,99.3,99.2,99.3,99.2,99.5,99.6,98.5,99.5,99.4,99.5,99.2,99.5,99.6,99.5,99.7,99.5,99.8,99.7,99.7,99.7,99.8,99.8,99.7
Test accuracy: 88.9,94.6,95.4,96.3,96.5,96.8,96.8,97.1,97.1,97.0,97.2,97.2,97.2,97.0,97.3,97.2,97.3,97.1,97.1,97.3,96.9,97.4,97.5,96.2,97.4,97.0,97.0,96.9,97.3,97.4,97.1,97.5,97.3,97.5,97.4,97.5,97.5,97.3,97.6,97.4
Seed 8/10
Train loss: 0.0946,0.0588,0.0419,0.0331,0.0342,0.0193,0.0186,0.0208,0.014,0.0175,0.0162,0.0098,0.0152,0.0104,0.0106,0.0069,0.0088,0.0052,0.0056,0.0044,0.0059,0.0067,0.0037,0.0025,0.0045,0.0026,0.0049,0.0017,0.0064,0.0027,0.0022,0.0021,0.0042,0.0054,0.0021,0.0027,0.0022,0.0126,0.0011,0.0015
Test loss: 0.0913,0.0675,0.0599,0.0601,0.0689,0.0624,0.0656,0.0699,0.0621,0.0739,0.0714,0.0691,0.0893,0.0757,0.0787,0.0779,0.0827,0.079,0.0866,0.0911,0.0933,0.0963,0.0877,0.0895,0.0918,0.0921,0.0919,0.0919,0.1041,0.1039,0.0975,0.107,0.1093,0.1119,0.1137,0.1159,0.1062,0.1439,0.0998,0.1099
Train accuracy: 97.2,98.2,98.7,98.9,98.9,99.4,99.4,99.3,99.5,99.4,99.5,99.7,99.5,99.7,99.7,99.7,99.7,99.8,99.8,99.9,99.8,99.8,99.9,99.9,99.9,99.9,99.8,99.9,99.8,99.9,99.9,99.9,99.9,99.8,99.9,99.9,99.9,99.7,100.0,99.9
Test accuracy: 97.2,98.0,98.2,98.3,98.0,98.4,98.3,98.4,98.4,98.5,98.4,98.7,98.4,98.5,98.6,98.7,98.5,98.7,98.5,98.6,98.6,98.4,98.6,98.7,98.7,98.7,98.7,98.8,98.6,98.7,98.7,98.7,98.7,98.8,98.5,98.5,98.7,98.3,98.8,98.7
Seed 9/10
Train loss: 0.1402,0.0824,0.064,0.0506,0.0374,0.0293,0.0371,0.0203,0.0208,0.0189,0.0205,0.0218,0.0151,0.0095,0.0085,0.0096,0.01,0.0058,0.0056,0.0152,0.0096,0.0076,0.004,0.02,0.0081,0.0062,0.0071,0.0038,0.0036,0.0074,0.0093,0.0033,0.0095,0.0091,0.0039,0.0039,0.0027,0.006,0.007,0.004
Test loss: 0.1479,0.1006,0.0925,0.0878,0.0796,0.0791,0.0977,0.0754,0.0796,0.0839,0.0896,0.0893,0.087,0.0912,0.0915,0.0931,0.0882,0.0907,0.0955,0.1236,0.1201,0.1275,0.1039,0.1394,0.1218,0.1226,0.1279,0.1207,0.1075,0.1338,0.1562,0.1141,0.1442,0.1488,0.1351,0.1243,0.1262,0.1504,0.1355,0.145
Train accuracy: 96.0,97.6,98.0,98.4,98.8,99.1,98.8,99.3,99.3,99.4,99.4,99.3,99.5,99.7,99.7,99.7,99.7,99.8,99.8,99.5,99.7,99.8,99.9,99.4,99.7,99.8,99.8,99.9,99.9,99.8,99.7,99.9,99.7,99.7,99.9,99.9,99.9,99.9,99.8,99.9
Test accuracy: 95.9,97.2,97.5,97.6,97.9,98.1,97.8,98.4,98.2,98.1,98.0,98.1,98.2,98.3,98.4,98.3,98.3,98.4,98.3,98.0,98.2,98.1,98.3,98.0,98.2,98.2,98.2,98.4,98.4,98.3,98.0,98.4,98.2,98.0,98.3,98.3,98.5,98.2,98.3,98.3
Seed 10/10
Train loss: 0.1591,0.1071,0.0777,0.06,0.0485,0.0422,0.0345,0.0292,0.0292,0.0257,0.028,0.0174,0.0159,0.0178,0.0177,0.0123,0.0131,0.0112,0.0125,0.0114,0.011,0.009,0.0067,0.0088,0.007,0.0078,0.0083,0.011,0.0066,0.0053,0.0082,0.0057,0.0032,0.0045,0.0047,0.0062,0.0065,0.0035,0.0023,0.0043
Test loss: 0.1577,0.1146,0.0942,0.0875,0.0878,0.0908,0.093,0.0951,0.1044,0.106,0.1283,0.1101,0.1182,0.1241,0.1339,0.1179,0.1255,0.1236,0.1183,0.1328,0.1299,0.1429,0.1313,0.1385,0.1412,0.1389,0.1466,0.1565,0.1372,0.134,0.1464,0.146,0.1476,0.1426,0.1545,0.1594,0.1523,0.1625,0.1372,0.165
Train accuracy: 95.2,96.8,97.7,98.2,98.6,98.7,98.9,99.1,99.1,99.2,99.1,99.5,99.5,99.4,99.5,99.6,99.6,99.6,99.6,99.6,99.6,99.7,99.8,99.7,99.8,99.8,99.8,99.6,99.8,99.8,99.8,99.8,99.9,99.9,99.8,99.8,99.8,99.9,99.9,99.9
Test accuracy: 95.5,96.5,97.1,97.3,97.4,97.6,97.5,97.7,97.5,97.6,97.5,97.9,97.9,97.8,97.6,97.8,97.9,97.8,97.8,97.8,97.8,97.9,98.0,98.0,97.9,98.0,97.9,98.0,98.1,98.1,98.1,98.0,98.1,98.2,98.0,98.0,98.0,98.1,98.2,98.1
