Seed 1/10
Train loss: 2.3152,2.3029,2.3013,2.3012,2.3012,2.3012,2.3012,2.3012,2.3012,2.3012,2.3012,2.3012,2.3012,2.3012,2.3012,2.3012,2.3012,2.3012,2.3012,2.3012,2.3012,2.3012,2.3012,2.3012,2.3012,2.3012,2.3012,2.3012,2.3012,2.3012,2.3012,2.3012,2.3012,2.3012,2.3012,2.3012,2.3012,2.3012,2.3012,2.3012
Test loss: 2.316,2.303,2.3013,2.3011,2.301,2.3011,2.301,2.301,2.301,2.301,2.301,2.3011,2.3011,2.3011,2.3011,2.3011,2.3011,2.3011,2.3011,2.301,2.3011,2.3011,2.3011,2.3011,2.3012,2.3011,2.3011,2.3012,2.3011,2.3011,2.3012,2.3011,2.301,2.301,2.301,2.301,2.301,2.301,2.3011,2.3011
Train accuracy: 10.4,11.2,11.2,11.2,11.2,11.2,11.2,11.2,11.2,11.2,11.2,11.2,11.2,11.2,11.2,11.2,11.2,11.2,11.2,11.2,11.2,11.2,11.2,11.2,11.2,11.2,11.2,11.2,11.2,11.2,11.2,11.2,11.2,11.2,11.2,11.2,11.2,11.2,11.2,11.2
Test accuracy: 10.3,11.3,11.3,11.3,11.3,11.3,11.3,11.3,11.3,11.3,11.3,11.3,11.3,11.3,11.3,11.3,11.3,11.3,11.3,11.3,11.3,11.3,11.3,11.3,11.3,11.3,11.3,11.3,11.3,11.3,11.3,11.3,11.3,11.3,11.3,11.3,11.3,11.3,11.3,11.3
Seed 2/10
Train loss: 1.7389,1.5396,1.4079,1.318,1.285,1.217,1.201,1.165,1.1539,1.1336,1.1203,1.1093,1.1027,1.0807,1.0925,1.0711,1.072,1.0548,1.0539,1.0474,1.0329,1.0422,1.0325,1.0185,1.0296,1.0175,1.0138,1.0029,1.0072,1.0241,0.9996,1.0007,0.9799,0.9952,0.9886,0.9782,0.9904,0.9939,0.9924,0.9777
Test loss: 1.7442,1.548,1.4186,1.34,1.3129,1.251,1.2412,1.2133,1.2071,1.1838,1.1835,1.1781,1.1783,1.1656,1.1818,1.1707,1.1747,1.1682,1.1784,1.1673,1.1662,1.175,1.1799,1.1723,1.182,1.1772,1.1777,1.169,1.1766,1.1982,1.1781,1.1819,1.1711,1.181,1.1824,1.1847,1.188,1.1859,1.1934,1.1829
Train accuracy: 29.7,40.7,42.9,47.0,47.9,49.7,49.7,52.0,51.5,52.2,52.6,53.4,53.5,54.4,54.5,55.0,55.0,55.9,56.0,56.4,56.6,56.5,57.2,57.2,56.7,57.7,57.6,58.3,57.8,57.1,58.2,58.3,59.0,58.5,59.0,59.0,58.6,58.3,58.5,59.0
Test accuracy: 29.5,40.1,43.3,46.5,47.1,49.0,49.1,51.2,50.7,51.5,51.7,52.0,51.8,52.3,52.4,52.5,52.5,53.2,53.0,53.5,53.4,53.2,53.7,54.1,53.5,54.3,53.7,54.5,54.1,53.5,54.3,54.1,54.5,54.5,54.5,54.5,53.9,54.2,53.8,54.3
Seed 3/10
Train loss: 1.9101,1.8053,1.7392,1.7118,1.6903,1.6809,1.6712,1.6681,1.6609,1.498,1.3785,1.3464,1.3171,1.2784,1.2645,1.2506,1.2363,1.2223,1.2217,1.211,1.2092,1.209,1.2286,1.2022,1.1915,1.1886,1.1914,1.1868,1.1746,1.1894,1.1914,1.1693,1.1654,1.1677,1.1677,1.1691,1.1684,1.1563,1.157,1.1551
Test loss: 1.9117,1.8091,1.7438,1.7194,1.7002,1.6912,1.6908,1.688,1.6718,1.5047,1.3889,1.3645,1.3328,1.2989,1.2913,1.2884,1.2779,1.264,1.268,1.2652,1.2637,1.2732,1.2883,1.2659,1.2591,1.2605,1.267,1.265,1.2536,1.2633,1.2676,1.2616,1.2542,1.2586,1.2659,1.2643,1.2703,1.2454,1.2573,1.257
Train accuracy: 21.4,30.6,30.4,30.6,31.0,31.1,31.3,31.4,31.9,39.5,40.2,40.6,44.2,46.1,46.9,47.0,47.5,48.0,47.4,47.8,47.9,48.1,47.0,48.1,48.5,48.5,48.9,48.7,49.2,48.0,48.6,48.9,49.3,49.4,49.1,49.1,49.3,49.2,49.4,49.4
Test accuracy: 21.2,30.4,30.4,30.5,30.8,30.9,31.1,31.2,31.9,39.7,40.6,40.6,44.3,46.2,46.5,46.6,47.0,47.5,46.8,46.8,47.0,47.1,45.9,47.3,47.3,47.2,47.9,47.6,47.9,46.8,47.5,47.4,47.7,48.0,47.6,47.4,47.6,48.1,47.7,47.6
Seed 4/10
Train loss: 1.834,1.6717,1.5995,1.544,1.5015,1.4522,1.4282,1.3902,1.3644,1.3488,1.3261,1.3219,1.3199,1.2972,1.2814,1.2659,1.2608,1.2472,1.2362,1.2339,1.216,1.2085,1.2001,1.1983,1.1949,1.1847,1.1847,1.1871,1.1818,1.179,1.174,1.1687,1.1642,1.1635,1.1595,1.1664,1.1654,1.1756,1.1633,1.1434
Test loss: 1.8352,1.6775,1.6075,1.5621,1.5326,1.4931,1.4826,1.4509,1.4208,1.4133,1.3992,1.3887,1.4102,1.3833,1.3859,1.368,1.3623,1.3707,1.3752,1.3643,1.3332,1.3625,1.3365,1.3413,1.3492,1.3469,1.3508,1.3707,1.349,1.3627,1.3474,1.3492,1.3641,1.3493,1.342,1.3883,1.3779,1.4037,1.3851,1.3557
Train accuracy: 18.2,29.1,34.4,34.8,38.5,39.1,42.8,40.7,40.9,42.2,42.9,45.6,45.9,48.5,48.8,49.8,49.3,49.6,49.8,50.8,51.2,51.5,51.1,51.4,51.8,51.8,51.9,52.1,52.4,51.8,52.1,52.6,52.4,52.1,52.4,52.7,51.9,52.0,52.5,53.0
Test accuracy: 18.4,29.3,33.4,33.9,37.9,38.8,42.4,40.4,40.6,41.2,42.0,44.9,45.1,47.8,47.2,48.0,47.8,48.0,47.5,48.7,49.3,49.3,49.3,49.1,49.4,49.2,49.4,49.2,49.7,49.3,49.0,49.6,49.5,49.2,49.8,49.7,49.0,49.2,49.5,49.7
Seed 5/10
Train loss: 1.8199,1.6144,1.5159,1.4276,1.3694,1.3007,1.2296,1.1877,1.1538,1.1226,1.1185,1.1051,1.0606,1.0639,1.0338,1.0178,1.0127,1.0076,1.0166,0.9964,0.977,0.984,0.9624,0.9598,0.9501,0.9672,0.9515,0.9492,0.9255,0.9303,0.9218,0.9155,0.9256,0.9193,0.9063,0.9099,0.9016,0.8998,0.8967,0.8929
Test loss: 1.8084,1.6132,1.5284,1.4442,1.3932,1.3293,1.2532,1.2184,1.1883,1.165,1.1642,1.1631,1.1263,1.1279,1.1078,1.096,1.0982,1.1001,1.1114,1.0974,1.0855,1.1038,1.0774,1.0845,1.0873,1.0936,1.0889,1.0839,1.0734,1.0848,1.0717,1.0756,1.0883,1.0871,1.0715,1.0904,1.0793,1.0774,1.0863,1.0894
Train accuracy: 26.0,33.2,37.3,43.0,44.6,45.9,44.6,47.2,50.2,52.6,54.4,55.2,58.5,58.1,59.5,59.7,60.3,59.8,59.2,60.4,61.3,60.2,61.8,61.5,61.6,61.4,61.4,61.8,62.6,62.6,62.8,63.0,62.8,62.5,63.1,62.8,63.3,63.3,63.5,63.8
Test accuracy: 25.8,33.3,37.6,42.2,44.4,45.1,44.1,46.2,49.6,51.8,53.2,53.8,56.6,56.2,57.2,57.7,57.9,57.2,56.5,57.6,58.1,57.1,58.9,58.0,58.7,58.5,58.4,58.9,59.3,59.0,59.2,59.1,58.9,58.5,59.4,58.7,59.2,59.4,59.1,59.2
Seed 6/10
Train loss: 1.7645,1.6363,1.562,1.5203,1.5152,1.4426,1.428,1.3937,1.3344,1.281,1.2649,1.2387,1.2257,1.2336,1.2287,1.2049,1.1947,1.197,1.1779,1.1578,1.1608,1.1417,1.1365,1.1468,1.1319,1.1102,1.1082,1.1248,1.1225,1.0907,1.1,1.087,1.0955,1.0796,1.0742,1.084,1.1135,1.0925,1.0569,1.0647
Test loss: 1.7613,1.6368,1.562,1.5268,1.5251,1.4595,1.4503,1.4194,1.3503,1.2989,1.2894,1.2708,1.2679,1.2714,1.2684,1.2519,1.2474,1.2458,1.2351,1.2212,1.2343,1.226,1.2108,1.2206,1.2206,1.2081,1.2027,1.2328,1.2206,1.21,1.2155,1.2126,1.2327,1.2081,1.2033,1.2075,1.2287,1.2243,1.1975,1.2127
Train accuracy: 27.9,32.7,38.1,37.2,40.7,43.1,43.1,44.3,42.1,45.3,47.2,47.4,47.7,47.6,46.6,47.5,50.1,49.6,50.9,52.1,51.0,52.1,52.7,51.4,52.6,53.3,53.3,52.2,52.3,53.9,53.9,54.1,53.9,54.2,54.8,53.9,52.6,53.7,54.9,54.8
Test accuracy: 27.7,32.6,38.0,37.0,40.7,42.9,42.8,43.9,42.2,44.7,46.4,47.0,46.8,46.7,45.8,46.8,49.1,49.1,50.2,51.1,49.7,50.8,51.5,50.2,51.2,51.7,51.6,50.7,50.8,52.1,52.4,52.5,51.7,52.3,52.9,52.1,50.9,51.2,52.5,52.5
Seed 7/10
Train loss: 1.8281,1.7008,1.614,1.5313,1.4897,1.4576,1.4341,1.4307,1.4066,1.3998,1.4064,1.3579,1.3507,1.3244,1.309,1.308,1.2974,1.2997,1.2817,1.2846,1.2727,1.2749,1.2585,1.2698,1.266,1.2593,1.2455,1.2429,1.2505,1.24,1.2434,1.2384,1.2486,1.2351,1.2234,1.2279,1.2045,1.2333,1.1607,1.1454
Test loss: 1.8289,1.7072,1.6258,1.5451,1.5144,1.4771,1.4689,1.4661,1.4485,1.4426,1.4506,1.4048,1.3875,1.3666,1.3621,1.3562,1.3494,1.3588,1.3422,1.3452,1.3348,1.3452,1.3378,1.3367,1.3379,1.3386,1.3307,1.3288,1.3411,1.3296,1.3355,1.3332,1.3373,1.3289,1.3295,1.3276,1.3093,1.3214,1.2483,1.2177
Train accuracy: 29.5,29.5,33.4,34.5,35.7,37.0,36.8,36.9,37.0,38.0,38.0,41.3,43.3,44.0,44.9,44.7,45.4,44.9,45.8,45.2,46.0,45.9,46.2,45.6,45.9,46.2,46.9,46.7,46.5,46.9,46.8,47.1,46.7,47.3,47.6,47.9,49.6,49.8,52.7,52.8
Test accuracy: 29.6,29.1,33.5,34.1,35.0,36.3,36.4,36.4,36.2,37.6,37.3,40.7,43.4,43.4,44.1,44.3,44.4,44.4,45.0,44.3,45.0,44.6,45.0,44.6,44.8,45.0,45.3,45.1,44.8,45.0,44.9,45.5,45.3,45.6,45.8,46.2,47.7,48.4,50.9,51.6
Seed 8/10
Train loss: 1.7895,1.6611,1.536,1.476,1.4339,1.3987,1.3687,1.3451,1.3161,1.3097,1.3094,1.2937,1.2833,1.2638,1.2617,1.2622,1.2494,1.2504,1.2454,1.2344,1.2341,1.2333,1.2363,1.2228,1.2277,1.2162,1.222,1.2089,1.2476,1.2141,1.2026,1.2157,1.2011,1.2008,1.2216,1.2281,1.2491,1.1993,1.1935,1.1883
Test loss: 1.7842,1.6613,1.5435,1.4864,1.4478,1.4155,1.3903,1.377,1.3465,1.3458,1.3507,1.3338,1.3343,1.3181,1.3132,1.3209,1.3171,1.332,1.3144,1.3015,1.3097,1.3038,1.3164,1.3039,1.316,1.2973,1.3128,1.3047,1.3259,1.3016,1.3022,1.33,1.3136,1.3172,1.316,1.3363,1.3258,1.3087,1.3121,1.3004
Train accuracy: 23.2,23.2,36.4,36.1,37.1,42.1,42.5,43.2,44.9,44.6,44.7,44.9,46.3,46.4,46.3,46.1,46.8,47.0,46.7,46.8,47.1,46.9,46.8,47.3,47.6,47.3,47.3,47.8,46.1,47.4,47.9,47.7,48.1,47.8,47.1,47.9,46.2,47.6,48.2,48.3
Test accuracy: 23.8,23.5,36.4,36.1,36.8,41.8,42.2,42.4,44.4,43.9,44.1,44.3,45.6,45.3,45.4,45.1,45.7,45.8,45.7,45.9,45.7,45.7,45.3,45.9,46.2,45.9,46.0,46.1,45.0,46.1,46.1,46.0,46.3,45.8,45.3,46.0,44.6,45.5,46.0,46.4
Seed 9/10
Train loss: 1.7521,1.6083,1.5454,1.4307,1.3765,1.343,1.2976,1.2731,1.2556,1.2442,1.218,1.2322,1.1901,1.1725,1.1636,1.1702,1.1639,1.1537,1.1415,1.1328,1.1235,1.1118,1.127,1.1199,1.126,1.1013,1.1083,1.0843,1.0921,1.0886,1.0784,1.0732,1.0941,1.0673,1.0612,1.0607,1.0496,1.0799,1.0657,1.0521
Test loss: 1.7471,1.6074,1.5487,1.4306,1.3849,1.3476,1.3021,1.2805,1.2619,1.2613,1.2394,1.2495,1.2166,1.1954,1.1778,1.1915,1.1875,1.1829,1.1684,1.1645,1.1585,1.1498,1.1733,1.1743,1.1808,1.1448,1.1644,1.1506,1.146,1.1427,1.1348,1.1346,1.1692,1.1353,1.1416,1.1339,1.1224,1.1723,1.1344,1.1369
Train accuracy: 28.8,34.8,37.7,38.2,41.1,41.2,43.9,44.4,43.9,45.7,46.1,43.9,46.2,45.9,45.9,46.8,45.2,48.2,46.9,46.3,47.5,47.4,50.0,50.0,50.4,48.0,51.2,51.9,52.5,52.6,51.4,51.5,51.2,53.4,53.0,55.1,53.2,52.0,53.5,53.0
Test accuracy: 29.1,35.2,38.2,38.7,41.7,41.8,45.0,45.6,44.6,46.5,47.0,44.5,46.5,46.3,47.0,47.0,45.4,48.7,47.3,46.7,47.7,47.6,50.4,49.9,49.6,48.0,50.9,51.3,51.8,51.5,50.9,51.1,50.6,52.0,52.2,53.9,52.0,50.5,52.8,51.6
Seed 10/10
Train loss: 1.7293,1.4998,1.4002,1.2904,1.2299,1.1891,1.1634,1.1272,1.095,1.0263,0.9799,0.9525,0.956,0.9266,0.9155,0.8886,0.8811,0.8757,0.865,0.8492,0.849,0.8458,0.8304,0.8303,0.8211,0.8252,0.8023,0.7978,0.7992,0.8048,0.7886,0.7961,0.7893,0.7732,0.7723,0.7651,0.756,0.7733,0.759,0.7684
Test loss: 1.7298,1.5064,1.4147,1.3058,1.252,1.2188,1.204,1.176,1.1446,1.0839,1.0444,1.0267,1.0327,1.0112,1.0088,0.9971,0.995,1.0011,0.9954,0.9818,0.9818,0.9854,0.9759,0.9832,0.9835,0.9967,0.979,0.9784,0.9928,0.9935,0.9976,0.9972,1.0039,1.0026,0.9974,1.0054,0.9977,1.014,0.9912,1.0084
Train accuracy: 26.2,35.9,37.7,48.3,51.3,51.2,52.5,55.1,56.9,60.1,63.3,64.7,64.3,65.9,65.9,67.5,67.6,67.9,68.4,69.4,69.2,69.7,70.4,70.7,70.5,70.3,71.1,71.8,70.9,71.2,71.3,71.4,71.2,71.7,72.3,71.7,72.3,71.5,72.7,71.8
Test accuracy: 25.9,37.1,37.7,47.9,50.5,50.3,51.3,53.7,55.6,58.1,61.9,62.5,62.5,63.6,63.4,64.1,63.7,64.0,64.0,65.3,65.0,65.6,65.9,65.9,65.8,65.1,65.9,66.3,65.4,65.8,65.8,65.4,65.6,65.2,65.9,65.4,65.8,65.5,66.3,65.3
