Seed 1/10
Train loss: 0.0563,0.0356,0.0203,0.0201,0.0152,0.0103,0.0117,0.0059,0.0045,0.0059,0.0032,0.0044,0.0031,0.0021,0.0024,0.0015,0.0018,0.0014,0.0013,0.0013,0.0011,0.0011,0.001,0.0007,0.0005,0.0004,0.0009,0.0005,0.0005,0.0011,0.0005,0.0005,0.0004,0.002,0.0003,0.0003,0.0004,0.0003,0.0008,0.0003
Test loss: 0.0603,0.0452,0.0341,0.0401,0.037,0.0331,0.04,0.0305,0.0282,0.0411,0.03,0.0332,0.0343,0.0295,0.0341,0.0363,0.0354,0.0353,0.0375,0.0322,0.0352,0.0356,0.0385,0.0413,0.0355,0.0364,0.0469,0.0396,0.0424,0.0442,0.0447,0.0455,0.0395,0.0481,0.0377,0.0412,0.0468,0.0384,0.0489,0.0376
Train accuracy: 98.3,99.0,99.4,99.3,99.5,99.7,99.6,99.8,99.9,99.8,99.9,99.8,99.9,99.9,99.9,100.0,99.9,100.0,100.0,100.0,100.0,100.0,100.0,100.0,100.0,100.0,100.0,100.0,100.0,100.0,100.0,100.0,100.0,99.9,100.0,100.0,100.0,100.0,100.0,100.0
Test accuracy: 98.0,98.6,98.9,98.8,98.8,99.0,98.8,99.2,99.3,99.2,99.3,99.2,99.1,99.2,99.2,99.3,99.1,99.3,99.2,99.2,99.2,99.3,99.2,99.1,99.3,99.3,99.1,99.2,99.2,99.1,99.3,99.2,99.3,99.0,99.2,99.3,99.2,99.3,99.2,99.2
Seed 2/10
Train loss: 0.0501,0.0272,0.0207,0.0149,0.0134,0.0113,0.0107,0.006,0.0061,0.0047,0.0052,0.0064,0.0048,0.0031,0.0025,0.0018,0.0013,0.0014,0.0012,0.0011,0.0015,0.0015,0.0011,0.001,0.0011,0.0006,0.0007,0.0006,0.0006,0.0014,0.0004,0.0009,0.0003,0.0003,0.0002,0.0003,0.0003,0.0005,0.001,0.0004
Test loss: 0.05,0.0381,0.0329,0.029,0.0307,0.0292,0.0324,0.0305,0.034,0.031,0.0344,0.0435,0.0343,0.0303,0.0348,0.0329,0.0337,0.0344,0.0327,0.0335,0.0349,0.0394,0.0368,0.0361,0.0384,0.0373,0.0394,0.0379,0.0377,0.0416,0.0356,0.0386,0.0346,0.0362,0.0359,0.0331,0.0334,0.0322,0.0405,0.0325
Train accuracy: 98.4,99.2,99.3,99.5,99.6,99.6,99.6,99.8,99.8,99.8,99.8,99.8,99.8,99.9,99.9,99.9,100.0,99.9,100.0,100.0,99.9,99.9,100.0,100.0,100.0,100.0,100.0,100.0,100.0,99.9,100.0,100.0,100.0,100.0,100.0,100.0,100.0,100.0,100.0,100.0
Test accuracy: 98.3,98.7,99.0,99.0,99.1,99.1,99.1,99.1,99.1,99.2,99.1,99.1,99.2,99.3,99.2,99.2,99.2,99.3,99.4,99.3,99.2,99.2,99.2,99.2,99.2,99.3,99.3,99.3,99.3,99.2,99.3,99.3,99.4,99.4,99.3,99.4,99.3,99.4,99.3,99.4
Seed 3/10
Train loss: 0.0431,0.0288,0.0225,0.0166,0.0124,0.0093,0.0101,0.0096,0.0063,0.0041,0.0057,0.0048,0.0027,0.0023,0.002,0.0027,0.0012,0.0015,0.0009,0.001,0.0008,0.0016,0.0014,0.001,0.0007,0.001,0.0007,0.0007,0.0007,0.0005,0.0003,0.0003,0.0005,0.0004,0.0006,0.0004,0.0003,0.0002,0.0004,0.0002
Test loss: 0.045,0.0378,0.0363,0.0305,0.0294,0.0264,0.0347,0.0311,0.0306,0.0294,0.0333,0.0325,0.0334,0.0323,0.0346,0.0345,0.0313,0.0348,0.0317,0.036,0.0391,0.0378,0.0388,0.0395,0.0371,0.0352,0.0354,0.0378,0.0449,0.0388,0.0366,0.0372,0.0339,0.0352,0.037,0.0366,0.0359,0.0352,0.0473,0.042
Train accuracy: 98.7,99.1,99.3,99.5,99.6,99.7,99.7,99.7,99.8,99.9,99.8,99.8,99.9,99.9,99.9,99.9,100.0,100.0,100.0,100.0,100.0,99.9,100.0,100.0,100.0,100.0,100.0,100.0,100.0,100.0,100.0,100.0,100.0,100.0,100.0,100.0,100.0,100.0,100.0,100.0
Test accuracy: 98.5,98.7,98.9,99.0,99.0,99.2,99.0,99.2,99.1,99.2,99.1,99.1,99.2,99.2,99.2,99.2,99.2,99.2,99.2,99.2,99.1,99.2,99.1,99.2,99.2,99.3,99.2,99.2,99.2,99.2,99.3,99.3,99.2,99.3,99.2,99.3,99.2,99.3,99.2,99.2
Seed 4/10
Train loss: 0.0509,0.033,0.0221,0.0157,0.0117,0.0114,0.0095,0.0065,0.0053,0.005,0.0052,0.0025,0.004,0.0034,0.0023,0.0019,0.0029,0.0017,0.0016,0.0016,0.0017,0.0014,0.0011,0.0015,0.0011,0.0005,0.0016,0.0007,0.0005,0.0005,0.0011,0.0005,0.0005,0.0004,0.0008,0.0004,0.0006,0.0008,0.0003,0.0003
Test loss: 0.0536,0.0426,0.0348,0.0324,0.0297,0.0377,0.0339,0.0308,0.0288,0.0298,0.0358,0.0341,0.0386,0.0323,0.0295,0.0328,0.0438,0.0343,0.0376,0.0332,0.0384,0.0401,0.0363,0.0391,0.0408,0.038,0.048,0.0407,0.0365,0.0422,0.0462,0.0411,0.0362,0.0429,0.0462,0.0427,0.0443,0.0515,0.0426,0.0405
Train accuracy: 98.4,98.9,99.3,99.5,99.6,99.6,99.7,99.8,99.8,99.8,99.8,99.9,99.9,99.9,99.9,99.9,99.9,99.9,99.9,100.0,100.0,100.0,100.0,100.0,100.0,100.0,99.9,100.0,100.0,100.0,100.0,100.0,100.0,100.0,100.0,100.0,100.0,100.0,100.0,100.0
Test accuracy: 98.2,98.6,98.8,99.0,99.1,98.9,99.0,99.2,99.3,99.2,99.0,99.2,99.1,99.2,99.2,99.2,99.1,99.2,99.2,99.3,99.2,99.2,99.2,99.2,99.3,99.3,99.1,99.3,99.3,99.2,99.2,99.2,99.3,99.3,99.2,99.3,99.3,99.2,99.3,99.3
Seed 5/10
Train loss: 0.0571,0.0324,0.0209,0.016,0.0114,0.0132,0.0088,0.0074,0.0074,0.0051,0.0047,0.0055,0.0033,0.0027,0.0032,0.0043,0.0025,0.0018,0.0019,0.0017,0.0015,0.0022,0.0016,0.0012,0.0012,0.0009,0.0008,0.0012,0.0008,0.0012,0.0013,0.0008,0.0006,0.0007,0.0007,0.0009,0.0007,0.0008,0.001,0.0009
Test loss: 0.052,0.038,0.0362,0.0334,0.0309,0.0342,0.0307,0.0321,0.0355,0.0318,0.0318,0.0318,0.0272,0.0318,0.0314,0.0399,0.0385,0.0351,0.0339,0.0364,0.0341,0.039,0.0394,0.0394,0.0441,0.0404,0.0393,0.041,0.0356,0.0382,0.0553,0.0452,0.0454,0.0448,0.038,0.0448,0.0475,0.0459,0.0473,0.0479
Train accuracy: 98.2,99.0,99.4,99.5,99.6,99.6,99.7,99.7,99.8,99.8,99.8,99.8,99.9,99.9,99.9,99.9,99.9,99.9,100.0,99.9,100.0,99.9,100.0,100.0,100.0,100.0,100.0,100.0,100.0,100.0,100.0,100.0,100.0,100.0,100.0,100.0,100.0,100.0,100.0,100.0
Test accuracy: 98.2,98.7,98.8,99.0,99.1,99.0,99.1,99.2,99.1,99.2,99.3,99.3,99.3,99.3,99.3,99.2,99.1,99.2,99.3,99.3,99.3,99.2,99.2,99.3,99.2,99.2,99.3,99.2,99.3,99.3,99.1,99.2,99.3,99.2,99.3,99.2,99.2,99.3,99.2,99.2
Seed 6/10
Train loss: 0.0527,0.0287,0.0214,0.0178,0.014,0.0112,0.0075,0.0068,0.0057,0.0054,0.0039,0.0047,0.0026,0.0029,0.0021,0.0015,0.0029,0.0015,0.0012,0.001,0.0012,0.0007,0.0008,0.0005,0.0006,0.0007,0.0004,0.0005,0.0011,0.0006,0.0005,0.0004,0.0004,0.0004,0.0004,0.0005,0.0007,0.0005,0.0004,0.0008
Test loss: 0.049,0.0367,0.0353,0.0338,0.032,0.0324,0.0316,0.033,0.0324,0.0356,0.0313,0.0356,0.029,0.0361,0.0309,0.0313,0.0329,0.0327,0.031,0.0321,0.0407,0.0352,0.0346,0.0377,0.0349,0.041,0.0445,0.0329,0.0418,0.0414,0.0386,0.0404,0.0352,0.0429,0.0409,0.0451,0.0451,0.0451,0.0463,0.0437
Train accuracy: 98.3,99.1,99.3,99.4,99.5,99.6,99.8,99.8,99.8,99.8,99.9,99.8,99.9,99.9,99.9,100.0,99.9,100.0,100.0,100.0,100.0,100.0,100.0,100.0,100.0,100.0,100.0,100.0,100.0,100.0,100.0,100.0,100.0,100.0,100.0,100.0,100.0,100.0,100.0,100.0
Test accuracy: 98.5,98.8,98.9,99.0,99.0,99.0,99.2,99.1,99.2,99.1,99.1,99.1,99.3,99.2,99.2,99.2,99.2,99.3,99.3,99.3,99.3,99.2,99.2,99.3,99.3,99.3,99.2,99.3,99.2,99.3,99.2,99.2,99.2,99.2,99.2,99.3,99.2,99.2,99.4,99.3
Seed 7/10
Train loss: 0.0494,0.0288,0.0203,0.016,0.0152,0.0117,0.0076,0.0078,0.0064,0.0059,0.0041,0.0067,0.0035,0.0031,0.0021,0.0026,0.0023,0.0017,0.0016,0.0028,0.0017,0.0011,0.001,0.0006,0.0011,0.0005,0.0007,0.0009,0.0007,0.0005,0.0006,0.0006,0.0005,0.0003,0.0003,0.0003,0.0005,0.0005,0.0005,0.0003
Test loss: 0.0504,0.039,0.0339,0.029,0.0362,0.035,0.0312,0.0342,0.03,0.03,0.0283,0.0408,0.0332,0.0318,0.0278,0.0341,0.0311,0.0314,0.0301,0.0373,0.0315,0.0325,0.0317,0.0311,0.0354,0.035,0.0324,0.0364,0.035,0.031,0.0388,0.0379,0.0355,0.0332,0.0346,0.0375,0.0381,0.0393,0.0388,0.0365
Train accuracy: 98.5,99.1,99.4,99.5,99.5,99.7,99.8,99.7,99.8,99.8,99.9,99.8,99.9,99.9,99.9,99.9,99.9,100.0,99.9,99.9,99.9,100.0,100.0,100.0,100.0,100.0,100.0,100.0,100.0,100.0,100.0,100.0,100.0,100.0,100.0,100.0,100.0,100.0,100.0,100.0
Test accuracy: 98.3,98.7,98.9,99.1,99.0,99.0,99.1,99.1,99.2,99.2,99.2,99.0,99.2,99.2,99.3,99.2,99.3,99.3,99.2,99.0,99.3,99.3,99.3,99.2,99.3,99.3,99.3,99.2,99.2,99.3,99.2,99.3,99.2,99.3,99.3,99.2,99.3,99.2,99.3,99.4
Seed 8/10
Train loss: 0.0493,0.0309,0.024,0.0222,0.0151,0.0117,0.01,0.0116,0.0059,0.0058,0.0056,0.0061,0.0056,0.0028,0.0031,0.003,0.002,0.0016,0.0018,0.0019,0.0019,0.0014,0.0011,0.0015,0.0015,0.0012,0.0008,0.0011,0.0006,0.0007,0.0005,0.0005,0.0006,0.0004,0.0003,0.0011,0.0008,0.0003,0.0004,0.0007
Test loss: 0.0503,0.0388,0.0383,0.0383,0.038,0.0336,0.0357,0.0387,0.0327,0.0326,0.0366,0.0365,0.0361,0.0341,0.0326,0.0323,0.0361,0.0308,0.0349,0.0357,0.038,0.0344,0.0382,0.0377,0.0321,0.0351,0.0361,0.04,0.0342,0.0412,0.0365,0.0354,0.0373,0.0342,0.0423,0.0485,0.0431,0.0425,0.0387,0.0421
Train accuracy: 98.5,99.0,99.2,99.3,99.5,99.6,99.7,99.6,99.8,99.8,99.8,99.8,99.8,99.9,99.9,99.9,99.9,99.9,100.0,99.9,99.9,100.0,100.0,99.9,99.9,100.0,100.0,100.0,100.0,100.0,100.0,100.0,100.0,100.0,100.0,100.0,100.0,100.0,100.0,100.0
Test accuracy: 98.3,98.8,98.8,98.8,98.8,99.1,99.0,99.0,99.1,99.1,99.1,99.1,99.1,99.2,99.1,99.2,99.2,99.4,99.2,99.2,99.2,99.2,99.2,99.3,99.3,99.2,99.3,99.3,99.4,99.3,99.3,99.3,99.3,99.3,99.2,99.2,99.2,99.2,99.2,99.3
Seed 9/10
Train loss: 0.0533,0.0279,0.0229,0.0174,0.015,0.0097,0.0081,0.0079,0.0052,0.0064,0.0037,0.0037,0.0035,0.0023,0.0026,0.0029,0.0019,0.0026,0.0014,0.0014,0.0014,0.0008,0.0014,0.0012,0.001,0.0008,0.001,0.0008,0.0005,0.0004,0.0005,0.0007,0.0006,0.0006,0.0003,0.0001,0.0003,0.0006,0.0003,0.0003
Test loss: 0.0555,0.036,0.0389,0.0388,0.0374,0.0339,0.0322,0.0354,0.0325,0.0348,0.0347,0.0333,0.0348,0.0294,0.032,0.0374,0.0348,0.0369,0.031,0.0313,0.0342,0.034,0.0368,0.0365,0.0398,0.0389,0.0356,0.0404,0.0401,0.0353,0.0389,0.0387,0.039,0.0417,0.0401,0.0391,0.0401,0.042,0.042,0.0424
Train accuracy: 98.3,99.1,99.3,99.5,99.5,99.7,99.8,99.7,99.8,99.8,99.9,99.9,99.9,99.9,99.9,99.9,99.9,99.9,100.0,100.0,100.0,100.0,100.0,100.0,100.0,100.0,100.0,100.0,100.0,100.0,100.0,100.0,100.0,100.0,100.0,100.0,100.0,100.0,100.0,100.0
Test accuracy: 98.3,98.9,98.9,98.9,99.0,99.0,99.0,99.1,99.1,99.2,99.1,99.2,99.1,99.2,99.2,99.1,99.2,99.1,99.3,99.3,99.3,99.3,99.3,99.3,99.1,99.3,99.3,99.3,99.3,99.3,99.2,99.3,99.3,99.2,99.2,99.2,99.3,99.3,99.3,99.3
Seed 10/10
Train loss: 0.0562,0.0309,0.0237,0.0157,0.0143,0.0113,0.0095,0.0082,0.0057,0.0053,0.0043,0.0035,0.0023,0.0024,0.0015,0.0027,0.0017,0.0016,0.0012,0.001,0.0008,0.0009,0.0007,0.0011,0.0008,0.0005,0.0006,0.0005,0.0006,0.0006,0.0005,0.0004,0.0004,0.0003,0.0007,0.0005,0.0002,0.0002,0.0005,0.0002
Test loss: 0.0516,0.0373,0.0373,0.031,0.0359,0.0303,0.0311,0.0315,0.0291,0.0342,0.0302,0.0277,0.0354,0.0315,0.0335,0.0356,0.0337,0.0304,0.0355,0.0357,0.0311,0.0357,0.0346,0.0322,0.0343,0.0352,0.0373,0.0389,0.0334,0.0394,0.0404,0.0355,0.0332,0.0374,0.0371,0.0486,0.0457,0.0447,0.0397,0.0474
Train accuracy: 98.2,99.0,99.3,99.5,99.6,99.7,99.7,99.7,99.8,99.8,99.9,99.9,99.9,99.9,100.0,99.9,99.9,100.0,100.0,100.0,100.0,100.0,100.0,100.0,100.0,100.0,100.0,100.0,100.0,100.0,100.0,100.0,100.0,100.0,100.0,100.0,100.0,100.0,100.0,100.0
Test accuracy: 98.2,98.8,98.7,99.1,99.0,99.1,99.2,99.1,99.2,99.1,99.2,99.4,99.2,99.2,99.2,99.2,99.3,99.3,99.3,99.3,99.3,99.3,99.3,99.3,99.3,99.3,99.3,99.3,99.3,99.3,99.4,99.3,99.3,99.3,99.2,99.2,99.2,99.3,99.3,99.2
