Seed 1/10
Train loss: 0.1502,0.0898,0.0576,0.0482,0.04,0.0463,0.0313,0.0253,0.0202,0.0183,0.0254,0.0158,0.0128,0.0181,0.0157,0.0126,0.0115,0.0152,0.0134,0.0102,0.0134,0.0081,0.0073,0.0092,0.0062,0.0043,0.0088,0.0062,0.0045,0.0106,0.0132,0.006,0.0135,0.0053,0.0081,0.0077,0.0113,0.0122,0.0037,0.0082
Test loss: 0.1524,0.1012,0.0786,0.0729,0.0758,0.0847,0.0751,0.0803,0.0824,0.0886,0.1023,0.088,0.1009,0.0931,0.103,0.0914,0.0992,0.096,0.1054,0.1048,0.1198,0.0993,0.0983,0.1173,0.1125,0.0988,0.1172,0.1167,0.1136,0.1203,0.1322,0.118,0.1332,0.118,0.141,0.1209,0.122,0.1232,0.1159,0.131
Train accuracy: 95.6,97.3,98.3,98.5,98.7,98.5,98.9,99.2,99.3,99.4,99.2,99.4,99.6,99.4,99.5,99.6,99.6,99.5,99.6,99.7,99.6,99.7,99.8,99.7,99.8,99.9,99.7,99.8,99.9,99.7,99.6,99.8,99.6,99.8,99.7,99.8,99.7,99.7,99.9,99.8
Test accuracy: 95.5,96.9,97.5,97.8,97.7,97.5,97.8,97.9,97.9,98.0,97.9,98.1,98.0,98.1,98.0,98.3,98.1,98.2,98.1,98.3,98.0,98.2,98.4,98.1,98.2,98.4,98.2,98.3,98.3,98.2,98.0,98.3,98.0,98.2,98.1,98.2,98.1,98.3,98.4,98.2
Seed 2/10
Train loss: 0.3257,0.2481,0.2211,0.2165,0.2054,0.148,0.126,0.1189,0.1061,0.0983,0.0814,0.0791,0.0727,0.0792,0.0658,0.0576,0.0838,0.0491,0.0518,0.0592,0.0517,0.0554,0.0424,0.0542,0.049,0.0596,0.0499,0.0492,0.0368,0.0498,0.0369,0.041,0.0361,0.0322,0.0329,0.0423,0.0296,0.0312,0.0409,0.0252
Test loss: 0.3221,0.2516,0.2392,0.2407,0.2412,0.1952,0.1751,0.1766,0.1739,0.1693,0.1607,0.1621,0.1678,0.1771,0.1709,0.1617,0.2092,0.1666,0.1711,0.1835,0.1975,0.1934,0.1836,0.2066,0.1947,0.2143,0.2124,0.2154,0.2009,0.2128,0.2051,0.2142,0.2033,0.213,0.2099,0.2373,0.2153,0.2221,0.2354,0.2086
Train accuracy: 90.6,92.6,93.4,93.6,93.8,95.5,96.2,96.4,96.8,97.0,97.6,97.6,97.8,97.7,98.1,98.3,97.5,98.5,98.4,98.2,98.5,98.3,98.7,98.4,98.6,98.2,98.5,98.5,98.9,98.5,98.9,98.8,98.9,99.0,99.0,98.7,99.1,99.1,98.8,99.3
Test accuracy: 90.5,92.6,93.2,93.2,93.4,94.8,95.3,95.2,95.6,95.8,95.9,96.2,96.3,95.8,96.2,96.4,95.6,96.5,96.5,96.1,96.1,96.1,96.3,95.9,96.3,96.0,96.1,95.9,96.3,96.2,96.3,96.0,96.2,96.2,96.2,95.9,96.2,96.1,96.0,96.3
Seed 3/10
Train loss: 0.097,0.0595,0.047,0.0375,0.0333,0.0287,0.026,0.032,0.0237,0.0208,0.0355,0.0304,0.0134,0.0268,0.0125,0.0106,0.0155,0.0113,0.01,0.0213,0.0084,0.0081,0.006,0.0185,0.0098,0.0052,0.0036,0.0054,0.0051,0.0052,0.0098,0.0043,0.0053,0.004,0.0039,0.0032,0.002,0.003,0.0039,0.0056
Test loss: 0.0981,0.0694,0.0669,0.0661,0.0724,0.0693,0.0725,0.0819,0.0755,0.0849,0.1106,0.0911,0.0821,0.1145,0.0998,0.0968,0.104,0.1042,0.0888,0.1212,0.0985,0.1113,0.1001,0.1255,0.1102,0.1022,0.098,0.103,0.1178,0.1082,0.1126,0.1123,0.1161,0.1104,0.1162,0.1123,0.1141,0.1204,0.133,0.132
Train accuracy: 97.0,98.2,98.5,98.8,99.0,99.1,99.2,99.0,99.2,99.3,98.9,99.1,99.5,99.2,99.5,99.6,99.5,99.6,99.7,99.4,99.7,99.7,99.8,99.5,99.7,99.8,99.9,99.8,99.8,99.9,99.7,99.8,99.8,99.9,99.9,99.9,99.9,99.9,99.9,99.8
Test accuracy: 97.1,97.9,98.1,98.1,98.1,98.0,98.1,97.9,98.2,98.1,97.8,98.1,98.3,97.7,98.0,98.2,98.2,98.3,98.4,98.1,98.5,98.3,98.4,98.2,98.3,98.4,98.5,98.4,98.2,98.4,98.3,98.5,98.4,98.6,98.4,98.4,98.4,98.4,98.1,98.2
Seed 4/10
Train loss: 0.0972,0.0506,0.0436,0.0314,0.0252,0.0216,0.0183,0.0117,0.0117,0.009,0.0075,0.0127,0.0074,0.0086,0.0082,0.0042,0.0096,0.0097,0.0042,0.0168,0.0054,0.0031,0.0043,0.0019,0.0061,0.0043,0.0015,0.0025,0.0123,0.0011,0.0039,0.0016,0.0058,0.0028,0.0075,0.0021,0.0013,0.0027,0.0053,0.0042
Test loss: 0.1045,0.0648,0.0619,0.0553,0.0591,0.054,0.0651,0.0594,0.0672,0.0572,0.0629,0.0704,0.069,0.0757,0.0678,0.068,0.0848,0.0782,0.0692,0.1096,0.0767,0.0774,0.0887,0.0754,0.0866,0.0844,0.0845,0.0913,0.0988,0.0775,0.091,0.0856,0.0851,0.0888,0.1002,0.0845,0.0949,0.0891,0.1138,0.1028
Train accuracy: 97.1,98.4,98.6,98.9,99.1,99.3,99.4,99.6,99.6,99.7,99.7,99.6,99.7,99.7,99.7,99.9,99.7,99.7,99.9,99.5,99.8,99.9,99.9,100.0,99.8,99.9,99.9,99.9,99.6,100.0,99.9,99.9,99.8,99.9,99.8,99.9,99.9,99.9,99.8,99.9
Test accuracy: 97.0,98.0,98.1,98.3,98.2,98.5,98.3,98.6,98.4,98.6,98.7,98.6,98.5,98.5,98.7,98.8,98.6,98.6,98.8,98.3,98.6,98.7,98.7,98.9,98.6,98.7,98.7,98.6,98.5,98.9,98.6,98.7,98.8,98.6,98.6,98.8,98.7,98.8,98.6,98.6
Seed 5/10
Train loss: 0.0829,0.055,0.0372,0.0275,0.024,0.0155,0.0231,0.0234,0.0136,0.008,0.0121,0.0113,0.0289,0.0097,0.0058,0.0047,0.0096,0.0028,0.0131,0.0045,0.0017,0.0049,0.0036,0.0023,0.0052,0.0087,0.0021,0.001,0.0047,0.0041,0.0052,0.004,0.0016,0.0036,0.0039,0.0023,0.002,0.001,0.0056,0.0022
Test loss: 0.0872,0.07,0.0595,0.0581,0.0618,0.0578,0.0703,0.0704,0.0617,0.0638,0.0766,0.0753,0.1114,0.0693,0.0794,0.0639,0.0805,0.0783,0.0965,0.0795,0.0731,0.0872,0.0786,0.0913,0.0823,0.1038,0.0878,0.0873,0.0963,0.1003,0.0976,0.1002,0.0957,0.111,0.1099,0.0929,0.0897,0.0849,0.1036,0.0931
Train accuracy: 97.4,98.3,98.8,99.1,99.2,99.5,99.2,99.3,99.5,99.7,99.6,99.6,99.1,99.7,99.8,99.8,99.7,99.9,99.6,99.8,99.9,99.8,99.9,99.9,99.8,99.8,99.9,100.0,99.9,99.9,99.8,99.9,99.9,99.9,99.9,99.9,99.9,100.0,99.8,99.9
Test accuracy: 97.4,97.9,98.2,98.3,98.3,98.6,98.3,98.5,98.7,98.7,98.5,98.4,98.0,98.6,98.8,98.7,98.6,98.6,98.5,98.8,98.8,98.6,98.7,98.7,98.7,98.6,98.7,98.8,98.7,98.6,98.6,98.7,98.7,98.6,98.6,98.7,98.7,98.7,98.7,98.7
Seed 6/10
Train loss: 0.0877,0.0519,0.0309,0.0253,0.0221,0.0211,0.0133,0.0212,0.017,0.016,0.0214,0.0182,0.0126,0.0168,0.0168,0.0102,0.0044,0.0075,0.0041,0.0043,0.0042,0.0076,0.0015,0.0052,0.0062,0.0031,0.0023,0.0059,0.001,0.0055,0.0044,0.0014,0.0026,0.0016,0.0036,0.0015,0.0014,0.0023,0.001,0.0019
Test loss: 0.0875,0.0606,0.0485,0.0512,0.0536,0.0606,0.0546,0.0686,0.0734,0.0669,0.0721,0.0789,0.0704,0.0925,0.0746,0.0795,0.0627,0.0769,0.0702,0.0707,0.0743,0.0879,0.068,0.0857,0.0887,0.0796,0.0814,0.0788,0.075,0.0755,0.0836,0.0731,0.078,0.0734,0.0838,0.081,0.088,0.0779,0.0823,0.0863
Train accuracy: 97.2,98.4,99.0,99.2,99.3,99.3,99.5,99.3,99.4,99.5,99.4,99.4,99.6,99.5,99.5,99.7,99.9,99.8,99.9,99.9,99.9,99.8,100.0,99.8,99.8,99.9,99.9,99.8,100.0,99.8,99.9,100.0,99.9,99.9,99.9,100.0,100.0,99.9,100.0,99.9
Test accuracy: 97.2,97.9,98.4,98.4,98.5,98.5,98.5,98.5,98.5,98.4,98.5,98.5,98.6,98.4,98.5,98.5,98.9,98.5,98.8,98.8,98.8,98.6,98.9,98.6,98.5,98.8,98.7,98.7,98.9,98.8,98.7,98.9,98.8,98.8,98.8,98.8,98.8,98.8,98.8,98.7
Seed 7/10
Train loss: 0.0994,0.0695,0.0414,0.0279,0.0232,0.0248,0.012,0.0147,0.0133,0.0066,0.0169,0.0079,0.0085,0.0138,0.0044,0.0037,0.0416,0.0029,0.0061,0.0077,0.0048,0.0037,0.0054,0.006,0.0021,0.0098,0.0017,0.0029,0.0038,0.0052,0.0032,0.0042,0.0028,0.0018,0.0025,0.0013,0.0038,0.0023,0.002,0.006
Test loss: 0.1051,0.0797,0.0592,0.0527,0.0562,0.0635,0.0557,0.064,0.0623,0.0576,0.0753,0.0643,0.0694,0.0773,0.0612,0.0597,0.1339,0.065,0.0826,0.0718,0.0791,0.0685,0.0774,0.0855,0.0714,0.0914,0.0705,0.0749,0.0757,0.0944,0.0847,0.0867,0.0904,0.0789,0.0838,0.0816,0.0927,0.0844,0.0932,0.107
Train accuracy: 97.1,97.8,98.7,99.1,99.3,99.2,99.6,99.5,99.6,99.8,99.4,99.7,99.7,99.5,99.8,99.9,98.9,99.9,99.8,99.7,99.9,99.9,99.8,99.8,99.9,99.7,100.0,99.9,99.9,99.8,99.9,99.9,99.9,99.9,99.9,100.0,99.9,99.9,99.9,99.8
Test accuracy: 96.8,97.8,98.2,98.5,98.5,98.3,98.6,98.5,98.5,98.8,98.3,98.7,98.6,98.5,98.8,98.8,97.6,98.8,98.5,98.8,98.6,98.7,98.5,98.6,98.8,98.6,98.8,98.7,98.8,98.6,98.8,98.7,98.7,98.9,98.8,98.8,98.6,98.8,98.7,98.5
Seed 8/10
Train loss: 0.0963,0.0637,0.0449,0.0311,0.0228,0.0229,0.0186,0.016,0.0185,0.0183,0.014,0.0099,0.0173,0.0135,0.0095,0.0046,0.0084,0.0135,0.0063,0.0049,0.0096,0.0027,0.0065,0.0076,0.0088,0.0037,0.0108,0.0093,0.0037,0.002,0.0147,0.002,0.0048,0.007,0.0049,0.0031,0.002,0.003,0.0036,0.0031
Test loss: 0.0967,0.0735,0.0614,0.0552,0.0526,0.0578,0.058,0.0614,0.0653,0.0777,0.0739,0.075,0.0889,0.0759,0.0723,0.0651,0.0775,0.0844,0.0742,0.0767,0.0866,0.0793,0.0783,0.0876,0.095,0.0843,0.1069,0.1067,0.0935,0.0852,0.119,0.089,0.09,0.0927,0.0967,0.0892,0.0868,0.0895,0.0919,0.0969
Train accuracy: 97.2,98.1,98.6,99.0,99.3,99.2,99.4,99.5,99.4,99.4,99.5,99.7,99.4,99.6,99.7,99.8,99.7,99.6,99.8,99.8,99.7,99.9,99.8,99.8,99.7,99.9,99.7,99.7,99.9,99.9,99.6,99.9,99.9,99.8,99.9,99.9,100.0,99.9,99.9,99.9
Test accuracy: 97.0,97.8,98.1,98.4,98.5,98.3,98.5,98.5,98.4,98.3,98.4,98.4,98.2,98.6,98.4,98.6,98.7,98.3,98.7,98.7,98.5,98.7,98.5,98.6,98.3,98.5,98.3,98.3,98.6,98.7,98.3,98.7,98.8,98.7,98.6,98.7,98.7,98.7,98.5,98.6
Seed 9/10
Train loss: 0.2703,0.1581,0.0949,0.0791,0.0721,0.0597,0.0517,0.0468,0.0424,0.0445,0.0337,0.0234,0.025,0.0319,0.0174,0.029,0.0221,0.0158,0.0208,0.0139,0.0103,0.017,0.0146,0.009,0.0073,0.011,0.0106,0.0132,0.0174,0.0062,0.009,0.0083,0.0097,0.0121,0.0058,0.0086,0.0052,0.0047,0.0086,0.008
Test loss: 0.2584,0.1585,0.1091,0.0985,0.0973,0.0922,0.092,0.0957,0.0967,0.1026,0.0943,0.0928,0.0973,0.1156,0.0992,0.1315,0.1281,0.1149,0.1275,0.11,0.1156,0.1239,0.1313,0.1177,0.1291,0.1351,0.1301,0.1464,0.1485,0.1245,0.1491,0.1411,0.1437,0.1658,0.139,0.1387,0.1222,0.1206,0.156,0.1449
Train accuracy: 92.0,95.2,97.1,97.5,97.7,98.1,98.4,98.4,98.6,98.6,98.9,99.3,99.2,99.0,99.5,99.1,99.3,99.5,99.4,99.6,99.7,99.4,99.5,99.7,99.8,99.6,99.7,99.6,99.5,99.8,99.7,99.7,99.7,99.6,99.8,99.7,99.8,99.9,99.7,99.7
Test accuracy: 92.3,95.2,96.6,97.0,97.0,97.3,97.4,97.4,97.5,97.5,97.7,97.6,97.9,97.6,97.8,97.5,97.6,97.8,97.7,97.8,97.9,97.7,97.7,97.9,97.8,97.7,97.9,97.7,97.4,97.9,97.7,97.8,97.8,97.6,97.9,97.8,98.1,98.1,97.6,97.8
Seed 10/10
Train loss: 0.1035,0.0602,0.0416,0.032,0.0221,0.0183,0.0163,0.0132,0.0183,0.007,0.0068,0.0079,0.0063,0.0216,0.0079,0.0042,0.0055,0.0065,0.0022,0.005,0.0036,0.0061,0.0039,0.0031,0.0051,0.0031,0.001,0.0039,0.0031,0.0025,0.0098,0.0029,0.0005,0.0084,0.0025,0.0034,0.0002,0.0003,0.0031,0.0011
Test loss: 0.1011,0.07,0.0592,0.056,0.0535,0.0536,0.055,0.0597,0.0662,0.0527,0.0588,0.0659,0.0714,0.0857,0.082,0.064,0.0741,0.0771,0.0728,0.0805,0.0718,0.0859,0.0811,0.075,0.0799,0.0775,0.0735,0.0833,0.0826,0.0931,0.1078,0.0924,0.0785,0.109,0.088,0.0788,0.0817,0.0832,0.0873,0.0833
Train accuracy: 96.8,98.1,98.7,99.0,99.3,99.4,99.5,99.5,99.4,99.8,99.8,99.8,99.8,99.4,99.8,99.9,99.8,99.8,99.9,99.8,99.9,99.8,99.9,99.9,99.8,99.9,100.0,99.8,99.9,99.9,99.7,99.9,100.0,99.7,99.9,99.9,100.0,100.0,99.9,100.0
Test accuracy: 96.8,98.0,98.3,98.4,98.5,98.5,98.5,98.6,98.5,98.8,98.8,98.7,98.6,98.3,98.5,98.8,98.6,98.6,98.8,98.5,98.7,98.6,98.8,98.7,98.7,98.9,98.8,98.7,98.8,98.7,98.5,98.7,98.9,98.6,98.7,98.8,98.8,98.8,98.8,98.8
